1	0	1000000	
2	0	1000000	
3	0	1000000	
4	0	1000000	
5	0	1000000	
6	0	1000000	
7	0	1000000	
8	0	1000000	
9	0	1000000	
10	0	1000000	
11	0	1000000	
12	0	997849	1	2151	
13	0	1000000	
14	0	995198	1	4802	
15	0	1000000	
16	0	993030	1	6970	
17	0	1000000	
18	0	990696	1	9126	2	178	
19	0	1000000	
20	0	989177	1	10823	
21	0	999566	2	434	
22	0	987378	1	12622	
23	0	999787	1	213	
24	0	985548	1	13778	2	645	3	29	
25	0	999969	1	31	
26	0	976062	1	23889	2	49	
27	0	994889	1	4270	2	841	
28	0	976409	1	23487	2	47	3	57	
29	0	997186	1	2739	2	75	
30	0	980438	1	18496	2	1052	4	14	
31	0	995938	1	4062	
32	0	977147	1	22603	2	138	3	112	
33	0	991362	1	7358	2	1280	
34	0	944156	1	55266	2	568	3	10	
35	0	987519	1	12155	2	284	3	21	4	21	
36	0	935614	1	60144	2	4044	3	193	4	3	5	2	
37	0	984574	1	14991	2	429	3	6	
38	0	928081	1	70325	2	1526	3	64	4	4	
39	0	967458	1	29875	2	2614	3	47	4	6	
40	0	943064	1	55917	2	700	3	281	4	38	
41	0	969614	1	29584	2	773	3	29	
42	0	923639	1	71828	2	4392	3	127	4	6	5	7	6	1	
43	0	945999	1	50661	2	3261	3	63	4	16	
44	0	910806	1	85478	2	3156	3	555	4	4	5	1	
45	0	934190	1	62856	2	2595	3	269	4	90	
46	0	867253	1	127190	2	5311	3	220	4	17	5	9	
47	0	890864	1	104011	2	4906	3	205	4	14	
48	0	842813	1	146320	2	9557	3	1258	4	36	5	13	6	2	8	1	
49	0	853639	1	135632	2	10239	3	443	4	45	6	2	
50	0	829541	1	161437	2	7547	3	1302	4	166	5	3	6	4	
51	0	172687	1	690092	2	126647	3	9973	4	487	5	111	7	3	
52	0	285571	1	572719	2	121196	3	17977	4	2376	5	138	6	21	7	2	
53	0	395184	1	505252	2	86389	3	12192	4	857	5	120	6	6	
54	0	449208	1	409490	2	109898	3	26506	4	4449	5	404	6	41	7	2	8	1	10	1	
55	0	502362	1	356003	2	96168	3	39951	4	4550	5	758	6	182	7	26	
56	0	555213	1	314343	2	101461	3	24894	4	3354	5	599	6	123	7	13	
57	0	535804	1	311418	2	113216	3	33089	4	5424	5	801	6	193	7	44	8	11	
58	0	609371	1	236657	2	114088	3	31098	4	7386	5	1136	6	215	7	39	8	8	9	2	
59	0	583045	1	264771	2	109593	3	33915	4	6518	5	1862	6	219	7	53	8	23	9	1	
60	0	537363	1	268517	2	139491	3	41128	4	10884	5	2131	6	402	7	59	8	22	9	3	
61	0	509692	1	292233	2	144689	3	39821	4	10867	5	2197	6	392	7	93	8	13	9	2	10	1	
62	0	488144	1	286475	2	161799	3	46732	4	13391	5	2770	6	565	7	95	8	24	9	4	10	1	
63	0	419088	1	310311	2	179911	3	65071	4	19233	5	5008	6	1060	7	250	8	48	9	15	10	5	
64	0	359412	1	330584	2	197767	3	79529	4	24630	5	6200	6	1459	7	304	8	84	9	26	10	4	13	1	
65	0	345996	1	339008	2	202275	3	80735	4	23596	5	6380	6	1568	7	344	8	71	9	20	10	4	11	3	
66	0	269065	1	334095	2	226571	3	113616	4	40224	5	12080	6	3351	7	740	8	180	9	37	10	32	11	9	
67	0	457444	1	278230	2	170310	3	68016	4	20031	5	4696	6	936	7	259	8	63	9	11	10	1	11	3	
68	0	333879	1	330571	2	199508	3	94755	4	30869	5	8022	6	1820	7	415	8	127	9	28	10	6	
69	0	287309	1	323425	2	222421	3	108717	4	42393	5	11899	6	2992	7	657	8	135	9	40	10	8	11	1	12	3	
70	0	243707	1	313016	2	238928	3	124710	4	54915	5	17971	6	5138	7	1204	8	316	9	73	10	14	11	3	12	5	
71	0	182578	1	312025	2	257786	3	149476	4	66179	5	23196	6	6401	7	1788	8	438	9	95	10	30	11	6	12	1	14	1	
72	0	121462	1	276244	2	272015	3	182144	4	92612	5	38042	6	12425	7	3598	8	1063	9	286	10	72	11	31	12	4	14	1	16	1	
73	0	123489	1	262416	2	279538	3	186138	4	92533	5	37826	6	12873	7	3744	8	1044	9	287	10	77	11	26	12	7	13	1	14	1	
74	0	96687	1	246077	2	278785	3	200151	4	107273	5	46292	6	17133	7	5428	8	1509	9	512	10	122	11	19	12	7	13	3	14	2	
75	0	64784	1	205265	2	272125	3	225037	4	132711	5	63449	6	24637	7	8477	8	2537	9	678	10	218	11	59	12	15	13	6	14	1	15	1	
76	0	33506	1	140372	2	246036	3	251020	4	174617	5	92634	6	39909	7	14886	8	4849	9	1552	10	418	11	152	12	37	13	6	14	5	15	1	
77	0	29880	1	127457	2	234706	3	248771	4	180504	5	102752	6	47460	7	18643	8	6672	9	2136	10	731	11	220	12	39	13	18	14	10	16	1	
78	0	17992	1	89342	2	195089	3	243387	4	205653	5	131122	6	68436	7	30494	8	11986	9	4261	10	1486	11	502	12	191	13	39	14	12	15	5	16	2	17	1	
79	0	12025	1	64682	2	168216	3	236677	4	217945	5	151635	6	83696	7	39385	8	16311	9	6084	10	2186	11	766	12	282	13	76	14	23	15	6	16	3	17	1	18	1	
80	0	21138	1	61512	2	138387	3	210299	4	218166	5	164312	6	101070	7	50760	8	21542	9	8716	10	2711	11	958	12	293	13	100	14	25	15	8	16	1	18	2	
81	0	22338	1	56055	2	124096	3	195859	4	212966	5	171621	6	110339	7	60104	8	27931	9	11888	10	4470	11	1550	12	534	13	161	14	70	15	11	16	2	17	4	18	1	
82	0	14528	1	51643	2	112080	3	180656	4	210844	5	180354	6	121369	7	68935	8	34584	9	15062	10	6449	11	2266	12	781	13	301	14	99	15	37	16	9	17	2	18	1	
83	0	6653	1	31384	2	79276	3	151000	4	204898	5	199260	6	148786	7	91753	8	48216	9	22957	10	9774	11	3845	12	1376	13	518	14	204	15	69	16	24	17	2	18	3	19	2	
84	0	2549	1	18579	2	55643	3	113550	4	174859	5	202240	6	175847	7	121126	8	70668	9	36465	10	17100	11	7091	12	2736	13	990	14	360	15	144	16	37	17	11	18	3	20	2	
85	0	952	1	9387	2	37178	3	86881	4	149285	5	194811	6	191096	7	145251	8	92157	9	50155	10	24476	11	11160	12	4512	13	1717	14	588	15	247	16	101	17	32	18	12	19	2	
86	0	1566	1	7747	2	32162	3	79885	4	141834	5	186758	6	191144	7	151215	8	99108	9	56586	10	28865	11	13495	12	5861	13	2305	14	896	15	329	16	152	17	67	18	17	19	7	22	1	
87	0	416	1	3267	2	14396	3	45900	4	103114	5	167192	6	200516	7	181878	8	130188	9	78167	10	40954	11	19287	12	8808	13	3681	14	1355	15	500	16	224	17	123	18	25	19	5	20	2	21	2	
88	0	159	1	2089	2	8965	3	27513	4	65342	5	118572	6	170873	7	190375	8	166307	9	116255	10	68584	11	35605	12	16741	13	7636	14	3148	15	1125	16	427	17	159	18	82	19	32	20	11	
89	0	596	1	730	2	4136	3	17715	4	49443	5	100961	6	155148	7	184930	8	173574	9	133113	10	86150	11	49079	12	24325	13	11709	14	5094	15	2053	16	738	17	299	18	128	19	58	20	17	21	1	22	2	23	1	
90	0	227	1	932	2	3832	3	13509	4	36867	5	75896	6	124653	7	163676	8	174417	9	152390	10	109871	11	69427	12	38849	13	19154	14	9381	15	4178	16	1721	17	633	18	225	19	98	20	42	21	14	22	7	24	1	
91	0	37	1	175	2	775	3	3031	4	13210	5	40101	6	87375	7	140892	8	176924	9	175794	10	143458	11	98326	12	59342	13	32216	14	15713	15	7369	16	3147	17	1302	18	482	19	197	20	79	21	37	22	12	23	5	25	1	
92	0	35	1	366	2	1694	3	5369	4	13376	5	32066	6	64096	7	110303	8	152339	9	171032	10	156589	11	120325	12	80237	13	46420	14	24624	15	11762	16	5402	17	2348	18	940	19	399	20	175	21	68	22	29	23	5	24	1	
93	1	5	2	108	3	666	4	2905	5	11155	6	33909	7	74713	8	125380	9	166738	10	174990	11	151295	12	110077	13	70095	14	39769	15	20399	16	9954	17	4679	18	1871	19	777	20	284	21	154	22	55	23	14	24	5	25	2	26	1	
94	0	2	1	28	2	285	3	1301	4	4975	5	12822	6	26701	7	51815	8	89675	9	131110	10	159568	11	160439	12	134585	13	96436	14	61317	15	35019	16	18151	17	8730	18	4054	19	1722	20	744	21	299	22	123	23	59	24	31	25	6	26	3	
95	2	8	3	58	4	384	5	2116	6	8434	7	25765	8	58353	9	104521	10	147222	11	168291	12	159893	13	126584	14	86925	15	53958	16	29535	17	15058	18	7335	19	3207	20	1406	21	546	22	243	23	92	24	35	25	20	26	5	27	4	28	2	
96	1	11	2	286	3	1002	4	2465	5	4951	6	10195	7	18417	8	34347	9	62748	10	102947	11	139617	12	158994	13	151505	14	120657	15	83871	16	51848	17	28864	18	14720	19	6980	20	3253	21	1379	22	548	23	243	24	86	25	42	26	19	27	3	28	1	29	1	
97	4	11	5	140	6	982	7	4337	8	14376	9	36310	10	72332	11	114520	12	147895	13	161428	14	148830	15	116688	16	80204	17	49245	18	26972	19	13819	20	6654	21	3089	22	1268	23	520	24	216	25	105	26	42	27	12	28	5	
98	3	151	4	751	5	2383	6	5438	7	9612	8	14640	9	24650	10	43855	11	75241	12	112535	13	141378	14	151638	15	139083	16	108434	17	74559	18	45892	19	25590	20	12961	21	6297	22	2871	23	1184	24	495	25	216	26	81	27	38	28	20	29	7	
99	5	18	6	109	7	625	8	2671	9	8457	10	21819	11	47062	12	83705	13	121376	14	148983	15	154616	16	138007	17	107407	18	72829	19	44410	20	24514	21	12663	22	6008	23	2707	24	1189	25	468	26	210	27	92	28	38	29	10	30	3	31	3	32	1	
100	1	32	2	116	3	378	4	845	5	1579	6	2910	7	5270	8	8562	9	11627	10	16768	11	27112	12	48989	13	81436	14	116187	15	140713	16	147185	17	132342	18	101227	19	68939	20	42572	21	23111	22	11922	23	5731	24	2586	25	1115	26	427	27	190	28	70	29	36	30	17	31	4	32	2	
