1	1	1000000
2	1	1000000
3	1	1000000
4	1	1000000
5	1	1000000
6	1	1000000
7	1	1000000
8	1	1000000
9	1	1000000
10	1	1000000
11	1	1000000
12	1	1000000
13	1	1000000
14	1	1000000
15	1	1000000
16	1	1000000
17	1	1000000
18	1	1000000
19	1	1000000
20	1	1000000
21	1	1000000
22	1	1000000
23	1	1000000
24	1	1000000
25	1	1000000
26	1	1000000
27	1	1000000
28	1	1000000
29	1	1000000
30	1	1000000
31	1	1000000
32	1	1000000
33	1	1000000
34	1	1000000
35	1	1000000
36	1	1000000
37	1	1000000
38	1	1000000
39	1	1000000
40	1	1000000
41	1	1000000
42	1	1000000
43	1	1000000
44	1	1000000
45	1	1000000
46	1	1000000
47	1	1000000
48	1	1000000
49	1	1000000
50	1	1000000
51	1	621117	2	378883
52	1	856624	2	143376
53	1	945926	2	54074
54	1	979589	2	20411
55	1	992360	2	7640
56	1	997131	2	2869
57	1	998942	2	1058
58	1	999593	2	407
59	1	999861	2	138	3	1
60	1	999954	2	45	3	1
61	1	999960	2	40
62	1	999969	2	27	3	4
63	1	999921	2	78	3	1
64	1	999894	2	106
65	1	999774	2	226
66	1	999133	2	867
67	1	999971	2	29
68	1	998640	2	1358	3	2
69	1	999387	2	613
70	1	999011	2	989
71	1	999127	2	872	3	1
72	1	995124	2	4869	3	7
73	1	998675	2	1325
74	1	996953	2	3042	3	5
75	1	995940	2	4056	3	4
76	1	983116	2	16842	3	42
77	1	988334	2	11630	3	36
78	1	976816	2	22985	3	199
79	1	979981	2	19847	3	172
80	1	978479	2	21278	3	241	4	2
81	1	976773	2	22952	3	273	4	2
82	1	966305	2	33280	3	412	4	3
83	1	956444	2	42833	3	719	4	4
84	1	918335	2	79637	3	2007	4	20	5	1
85	1	905501	2	91243	3	3182	4	73	5	1
86	1	907841	2	88509	3	3581	4	69
87	1	865477	2	127625	3	6730	4	167	5	1
88	1	764601	2	214643	3	19860	4	878	5	18
89	1	760656	2	213103	3	24803	4	1393	5	44	6	1
90	1	693705	2	259587	3	42647	4	3830	5	228	6	3
91	1	621471	2	309150	3	62277	4	6658	5	428	6	16
92	1	530864	2	354620	3	98152	4	14866	5	1414	6	82	7	2
93	1	431964	2	389544	3	145775	4	29043	5	3408	6	254	7	11	8	1
94	1	345900	2	392661	3	194460	4	55323	5	10249	6	1281	7	121	8	5
95	1	227255	2	387562	3	264540	4	95736	5	21512	6	3086	7	280	8	26	9	3
96	1	176516	2	330191	3	287197	4	146730	5	47582	6	10167	7	1443	8	163	9	10	10	1
97	1	64084	2	225224	3	313798	4	240642	5	113140	6	34748	7	7213	8	1044	9	103	10	3	11	1
98	1	47622	2	161248	3	256131	4	255833	5	171473	6	77788	7	23979	8	5126	9	721	10	74	11	5
99	1	12347	2	71042	3	174780	4	254174	5	241857	6	153880	7	66801	8	20198	9	4244	10	627	11	48	12	1	13	1
100	1	26406	2	58114	3	116936	4	180215	5	219787	6	198684	7	125195	8	54285	9	16374	10	3451	11	492	12	59	13	2
