1	1	1000000
2	1	1000000
3	1	1000000
4	1	1000000
5	1	1000000
6	1	1000000
7	1	1000000
8	1	1000000
9	1	1000000
10	1	1000000
11	1	1000000
12	1	1000000
13	1	1000000
14	1	1000000
15	1	1000000
16	1	1000000
17	1	1000000
18	1	1000000
19	1	1000000
20	1	1000000
21	1	1000000
22	1	1000000
23	1	1000000
24	1	1000000
25	1	1000000
26	1	1000000
27	1	1000000
28	1	1000000
29	1	1000000
30	1	1000000
31	1	1000000
32	1	1000000
33	1	1000000
34	1	1000000
35	1	1000000
36	1	999996	2	4
37	1	1000000
38	1	1000000
39	1	1000000
40	1	1000000
41	1	1000000
42	1	999999	2	1
43	1	999999	2	1
44	1	999999	2	1
45	1	1000000
46	1	999994	2	6
47	1	999995	2	5
48	1	999987	2	13
49	1	999970	2	30
50	1	999994	2	6
51	1	485783	2	514200	3	17
52	1	735679	2	264314	3	7
53	1	863809	2	136182	3	9
54	1	930319	2	69665	3	16
55	1	964538	2	35425	3	35	4	2
56	1	982112	2	17880	3	8
57	1	990455	2	9528	3	17
58	1	995491	2	4490	3	19
59	1	997271	2	2679	3	50
60	1	998325	2	1642	3	33
61	1	998214	2	1740	3	46
62	1	998658	2	1222	3	120
63	1	997473	2	2427	3	100
64	1	996519	2	3387	3	93	4	1
65	1	994872	2	5104	3	24
66	1	987881	2	12049	3	70
67	1	998548	2	1422	3	30
68	1	988115	2	11853	3	32
69	1	990764	2	9165	3	71
70	1	986746	2	13123	3	130	4	1
71	1	985112	2	14796	3	90	4	2
72	1	962897	2	36569	3	531	4	3
73	1	980126	2	19664	3	209	4	1
74	1	967949	2	31634	3	414	4	3
75	1	959520	2	39888	3	586	4	6
76	1	906496	2	91053	3	2433	4	18
77	1	920443	2	77035	3	2445	4	74	5	3
78	1	876598	2	116766	3	6403	4	224	5	8	6	1
79	1	876787	2	116655	3	6362	4	193	5	3
80	1	871843	2	119296	3	8499	4	357	5	5
81	1	867629	2	122277	3	9625	4	449	5	19	6	1
82	1	838282	2	149107	3	12042	4	552	5	16	6	1
83	1	797704	2	183245	3	17990	4	1029	5	32
84	1	707304	2	255336	3	34557	4	2647	5	149	6	5	7	2
85	1	666561	2	281177	3	47200	4	4728	5	314	6	19	7	1
86	1	669869	2	274532	3	50175	4	5018	5	388	6	18
87	1	585591	2	329821	3	74817	4	9116	5	621	6	33	7	1
88	1	448509	2	391058	3	133222	4	24301	5	2724	6	181	7	5
89	1	425665	2	386085	3	151444	4	32208	5	4211	6	366	7	20	8	1
90	1	357614	2	387627	3	189118	4	54054	5	10126	6	1323	7	130	8	6	9	2
91	1	265548	2	391642	3	240027	4	82049	5	17725	6	2719	7	270	8	19	10	1
92	1	213655	2	357073	3	269403	4	118942	5	33456	6	6478	7	905	8	78	9	10
93	1	134704	2	312059	3	307278	4	170063	5	59221	6	14011	7	2325	8	311	9	27	10	1
94	1	98828	2	256100	3	297821	4	208509	5	97762	6	31932	7	7562	8	1297	9	168	10	20	12	1
95	1	47785	2	181700	3	289064	4	258484	5	146793	6	56935	7	15499	8	3183	9	497	10	54	11	6
96	1	39585	2	134779	3	230895	4	255095	5	190296	6	99177	7	37403	8	10279	9	2094	10	355	11	38	12	3	13	1
97	1	8049	2	54601	3	152740	4	242351	5	245999	6	170502	7	84755	8	30576	9	8349	10	1770	11	266	12	36	13	5	14	1
98	1	7983	2	44358	3	107788	4	180278	5	221723	6	202547	7	135656	8	66528	9	24752	10	6743	11	1389	12	214	13	40	14	1
99	1	1115	2	11621	3	47126	4	113655	5	190706	6	226414	7	195571	8	125038	9	60035	10	21447	11	5854	12	1204	13	188	14	21	15	5
100	1	8089	2	18998	3	43052	4	78269	5	125463	6	175403	7	198713	8	169142	9	106926	10	51319	11	18398	12	4970	13	1051	14	188	15	16	16	3
