1	1	1000000
2	1	1000000
3	1	1000000
4	1	1000000
5	1	1000000
6	1	1000000
7	1	1000000
8	1	1000000
9	1	1000000
10	1	1000000
11	1	1000000
12	1	1000000
13	1	1000000
14	1	1000000
15	1	1000000
16	1	1000000
17	1	1000000
18	1	1000000
19	1	1000000
20	1	1000000
21	1	1000000
22	1	1000000
23	1	1000000
24	1	1000000
25	1	1000000
26	1	1000000
27	1	1000000
28	1	1000000
29	1	1000000
30	1	1000000
31	1	1000000
32	1	1000000
33	1	1000000
34	1	1000000
35	1	1000000
36	1	1000000
37	1	1000000
38	1	1000000
39	1	1000000
40	1	1000000
41	1	1000000
42	1	1000000
43	1	1000000
44	1	1000000
45	1	1000000
46	1	1000000
47	1	1000000
48	1	1000000
49	1	1000000
50	1	1000000
51	1	595237	2	404763
52	1	836084	2	163916
53	1	934195	2	65805
54	1	973405	2	26595
55	1	989400	2	10600
56	1	995808	2	4192
57	1	998342	2	1658
58	1	999354	2	645	3	1
59	1	999746	2	252	3	2
60	1	999890	2	110
61	1	999900	2	98	3	2
62	1	999941	2	58	3	1
63	1	999843	2	154	3	3
64	1	999759	2	240	3	1
65	1	999536	2	464
66	1	998453	2	1547
67	1	999942	2	58
68	1	997965	2	2035
69	1	999005	2	995
70	1	998325	2	1673	3	2
71	1	998450	2	1547	3	3
72	1	992690	2	7295	3	15
73	1	997696	2	2301	3	3
74	1	995285	2	4709	3	6
75	1	993460	2	6531	3	9
76	1	976015	2	23878	3	107
77	1	982889	2	17003	3	107	4	1
78	1	967725	2	31860	3	412	4	3
79	1	970439	2	29190	3	368	4	3
80	1	968864	2	30650	3	483	4	3
81	1	966661	2	32735	3	600	4	4
82	1	953630	2	45546	3	815	4	9
83	1	939886	2	58722	3	1373	4	19
84	1	893521	2	102817	3	3586	4	75	5	1
85	1	877026	2	117200	3	5639	4	131	5	4
86	1	879526	2	113979	3	6348	4	142	5	5
87	1	828846	2	159638	3	11135	4	375	5	6
88	1	718630	2	249252	3	30296	4	1764	5	56	6	2
89	1	709637	2	250796	3	36732	4	2716	5	119
90	1	639114	2	294069	3	59525	4	6790	5	476	6	26
91	1	560057	2	342006	3	85450	4	11571	5	884	6	31	7	1
92	1	470637	2	375466	3	127163	4	23876	5	2658	6	191	7	8	8	1
93	1	369478	2	400452	3	179389	4	43590	5	6417	6	628	7	45	8	1
94	1	290898	2	386747	3	225689	4	76676	5	17116	6	2580	7	275	8	17	9	1	10	1
95	1	182325	2	361660	3	290040	4	125598	5	33596	6	5975	7	734	8	66	9	6
96	1	141307	2	297927	3	296479	4	176737	5	67022	6	17241	7	2872	8	382	9	32	10	1
97	1	47077	2	187574	3	295804	4	261380	5	142013	6	51170	7	12621	8	2076	9	268	10	15	11	2
98	1	35965	2	134647	3	230228	4	257076	5	193915	6	100638	7	36539	8	9122	9	1623	10	226	11	21
99	1	8521	2	54512	3	146190	4	234630	5	249278	6	178213	7	89170	8	30330	9	7603	10	1367	11	171	12	15
100	1	21802	2	48888	3	100843	4	160931	5	208673	6	207441	7	146510	8	72144	9	25240	10	6241	11	1118	12	149	13	20
