1	1	1000000
2	1	1000000
3	1	1000000
4	1	1000000
5	1	1000000
6	1	1000000
7	1	1000000
8	1	1000000
9	1	1000000
10	1	1000000
11	1	1000000
12	1	1000000
13	1	1000000
14	1	1000000
15	1	1000000
16	1	1000000
17	1	1000000
18	1	1000000
19	1	1000000
20	1	1000000
21	1	1000000
22	1	1000000
23	1	1000000
24	1	1000000
25	1	1000000
26	1	1000000
27	1	1000000
28	1	1000000
29	1	1000000
30	1	1000000
31	1	1000000
32	1	1000000
33	1	1000000
34	1	1000000
35	1	1000000
36	1	999999	2	1
37	1	1000000
38	1	1000000
39	1	1000000
40	1	1000000
41	1	1000000
42	1	1000000
43	1	1000000
44	1	1000000
45	1	1000000
46	1	999999	2	1
47	1	1000000
48	1	1000000
49	1	999996	2	4
50	1	1000000
51	1	542463	2	457536	3	1
52	1	791111	2	208889
53	1	905040	2	94960
54	1	956594	2	43406
55	1	980000	2	19994	3	6
56	1	990914	2	9085	3	1
57	1	995913	2	4085	3	2
58	1	998215	2	1785
59	1	999150	2	844	3	6
60	1	999570	2	427	3	3
61	1	999580	2	414	3	6
62	1	999695	2	285	3	20
63	1	999371	2	613	3	16
64	1	999072	2	919	3	9
65	1	998507	2	1490	3	3
66	1	995571	2	4422	3	7
67	1	999716	2	284
68	1	994990	2	5008	3	2
69	1	996872	2	3125	3	3
70	1	995157	2	4821	3	22
71	1	994967	2	5026	3	7
72	1	983397	2	16508	3	95
73	1	993024	2	6953	3	23
74	1	987378	2	12583	3	39
75	1	983590	2	16317	3	93
76	1	952843	2	46650	3	503	4	4
77	1	962785	2	36677	3	526	4	12
78	1	936616	2	61684	3	1664	4	35	5	1
79	1	938941	2	59463	3	1574	4	22
80	1	936111	2	61700	3	2146	4	43
81	1	932273	2	65251	3	2418	4	56	5	2
82	1	912348	2	84470	3	3096	4	85	5	1
83	1	888772	2	105985	3	5075	4	167	5	1
84	1	821361	2	166525	3	11690	4	417	5	7
85	1	793227	2	188938	3	16903	4	896	5	36
86	1	797432	2	183337	3	18273	4	922	5	34	6	2
87	1	728817	2	239687	3	29558	4	1856	5	81	6	1
88	1	598702	2	327610	3	66361	4	6922	5	394	6	11
89	1	583905	2	327284	3	78135	4	9951	5	693	6	30	7	2
90	1	510348	2	355542	3	111574	4	20002	5	2370	6	155	7	8	8	1
91	1	418404	2	392742	3	151759	4	32349	5	4356	6	363	7	26	8	1
92	1	341324	2	393351	3	197476	4	56370	5	10175	6	1208	7	93	8	2	9	1
93	1	246362	2	385323	3	252958	4	91425	5	20568	6	3023	7	323	8	16	9	2
94	1	186809	2	342379	3	280264	4	135907	5	43406	6	9591	7	1462	8	172	9	9	10	1
95	1	104673	2	283799	3	317817	4	195193	5	74902	6	19584	7	3506	8	479	9	46	10	1
96	1	81811	2	219619	3	286195	4	231045	5	122895	6	44634	7	11373	8	2122	9	276	10	27	11	3
97	1	22143	2	113919	3	237314	4	276432	5	203734	6	101116	7	34848	8	8667	9	1578	10	217	11	27	12	4	13	1
98	1	18394	2	83537	3	172348	4	234219	5	226672	6	154779	7	75305	8	26382	9	6906	10	1270	11	167	12	18	13	2	14	1
99	1	3497	2	28213	3	91914	4	179854	5	238531	6	218233	7	142845	8	67089	9	22945	10	5683	11	1016	12	161	13	14	14	4	15	1
100	1	14097	2	31551	3	68990	4	118995	5	173858	6	206944	7	184867	8	120014	9	55568	10	19364	11	4716	12	902	13	119	14	13	15	2
