1	1	1000000
2	1	1000000
3	1	1000000
4	1	1000000
5	1	1000000
6	1	1000000
7	1	1000000
8	1	1000000
9	1	1000000
10	1	1000000
11	1	1000000
12	1	1000000
13	1	1000000
14	1	1000000
15	1	1000000
16	1	1000000
17	1	1000000
18	1	1000000
19	1	1000000
20	1	1000000
21	1	1000000
22	1	1000000
23	1	1000000
24	1	1000000
25	1	1000000
26	1	1000000
27	1	1000000
28	1	1000000
29	1	1000000
30	1	1000000
31	1	1000000
32	1	1000000
33	1	1000000
34	1	1000000
35	1	1000000
36	1	999998	2	2
37	1	1000000
38	1	1000000
39	1	1000000
40	1	1000000
41	1	1000000
42	1	1000000
43	1	1000000
44	1	1000000
45	1	1000000
46	1	999998	2	2
47	1	999998	2	2
48	1	999995	2	5
49	1	999986	2	14
50	1	999995	2	5
51	1	514424	2	485570	3	6
52	1	764026	2	235972	3	2
53	1	886034	2	113965	3	1
54	1	944577	2	55417	3	6
55	1	973232	2	26750	3	17	4	1
56	1	987323	2	12672	3	5
57	1	993765	2	6224	3	11
58	1	997101	2	2895	3	4
59	1	998492	2	1496	3	12
60	1	999097	2	893	3	10
61	1	999153	2	841	3	6
62	1	999353	2	596	3	51
63	1	998720	2	1234	3	46
64	1	998276	2	1688	3	36
65	1	997200	2	2793	3	7
66	1	992778	2	7204	3	18
67	1	999351	2	637	3	12
68	1	992259	2	7729	3	12
69	1	994630	2	5354	3	16
70	1	991979	2	7956	3	65
71	1	991461	2	8502	3	37
72	1	975211	2	24566	3	219	4	4
73	1	988156	2	11781	3	63
74	1	979652	2	20199	3	149
75	1	973709	2	26056	3	233	4	2
76	1	933990	2	64913	3	1085	4	12
77	1	944958	2	53904	3	1112	4	26
78	1	911346	2	85315	3	3260	4	77	5	2
79	1	912288	2	84477	3	3168	4	65	5	2
80	1	909279	2	86350	3	4250	4	116	5	5
81	1	905273	2	89757	3	4810	4	158	5	2
82	1	880153	2	113377	3	6257	4	208	5	5
83	1	848921	2	140961	3	9688	4	416	5	14
84	1	770339	2	208283	3	20265	4	1076	5	36	6	1
85	1	736313	2	232940	3	28635	4	2004	5	102	6	6
86	1	740266	2	226544	3	30924	4	2168	5	96	6	2
87	1	663369	2	284521	3	47682	4	4207	5	214	6	7
88	1	526383	2	363927	3	95434	4	13116	5	1071	6	68	8	1
89	1	507114	2	362206	3	110623	4	18227	5	1730	6	98	7	2
90	1	434438	2	379258	3	147670	4	33377	5	4771	6	459	7	26	8	1
91	1	341674	2	400383	3	195423	4	52605	5	8820	6	1020	7	70	8	5
92	1	277283	2	383021	3	234674	4	83070	5	18828	6	2808	7	288	8	28
93	1	187931	2	357123	3	284339	4	127369	5	35706	6	6535	7	886	8	106	9	5
94	1	139309	2	303893	3	296056	4	172667	5	66568	6	17592	7	3356	8	503	9	53	10	3
95	1	72852	2	234855	3	311580	4	230612	5	107138	6	33943	7	7638	8	1238	9	131	10	12	11	1
96	1	57992	2	175805	3	264836	4	249317	5	157183	6	68106	7	21255	8	4571	9	820	10	106	11	9
97	1	14037	2	81570	3	196318	4	266957	5	229628	6	134785	7	55808	8	16553	9	3636	10	624	11	80	12	4
98	1	12352	2	62041	3	139726	4	210646	5	230683	6	181566	7	103437	8	42793	9	13131	10	3050	11	506	12	62	13	7
99	1	2109	2	18955	3	67448	4	147230	5	218867	6	228865	7	170973	8	93369	9	37666	10	11491	11	2525	12	438	13	58	14	6
100	1	10953	2	24729	3	55295	4	97755	5	150678	6	195622	7	197289	8	144656	9	79268	10	31690	11	9472	12	2178	13	375	14	35	15	4	16	1
