1	1	1000000
2	1	1000000
3	1	1000000
4	1	1000000
5	1	1000000
6	1	1000000
7	1	1000000
8	1	1000000
9	1	1000000
10	1	1000000
11	1	1000000
12	1	1000000
13	1	1000000
14	1	1000000
15	1	1000000
16	1	1000000
17	1	1000000
18	1	1000000
19	1	1000000
20	1	1000000
21	1	1000000
22	1	1000000
23	1	1000000
24	1	1000000
25	1	1000000
26	1	999998	2	2
27	1	1000000
28	1	999994	2	6
29	1	1000000
30	1	999990	2	10
31	1	1000000
32	1	999979	2	21
33	1	1000000
34	1	999952	2	48
35	1	999999	2	1
36	1	999790	2	210
37	1	1000000
38	1	999911	2	89
39	1	999997	2	3
40	1	999913	2	87
41	1	999995	2	5
42	1	999888	2	112
43	1	999957	2	43
44	1	999876	2	124
45	1	999960	2	40
46	1	999725	2	275
47	1	999851	2	149
48	1	999634	2	366
49	1	999415	2	585
50	1	999571	2	429
51	1	396064	2	603555	3	381
52	1	633403	2	366371	3	209	4	17
53	1	778880	2	220957	3	159	4	4
54	1	865766	2	133811	3	403	4	20
55	1	918029	2	81215	3	675	4	81
56	1	950844	2	48870	3	279	4	7
57	1	966968	2	32641	3	387	4	4
58	1	981458	2	18070	3	460	4	12
59	1	985878	2	13379	3	728	4	15
60	1	987971	2	11369	3	655	4	5
61	1	987011	2	12294	3	689	4	5	5	1
62	1	988313	2	10385	3	1294	4	8
63	1	980920	2	17702	3	1355	4	23
64	1	975520	2	23295	3	1163	4	22
65	1	970396	2	28812	3	785	4	7
66	1	946899	2	51504	3	1519	4	77	5	1
67	1	987142	2	12321	3	529	4	8
68	1	954450	2	44565	3	959	4	26
69	1	954313	2	44339	3	1323	4	24	5	1
70	1	940462	2	56856	3	2629	4	52	5	1
71	1	930425	2	67116	3	2392	4	66	5	1
72	1	876364	2	116780	3	6546	4	301	5	9
73	1	909181	2	86701	3	3983	4	128	5	7
74	1	878217	2	114988	3	6528	4	251	5	16
75	1	851353	2	139260	3	8912	4	465	5	10
76	1	748734	2	226388	3	23520	4	1299	5	58	6	1
77	1	763186	2	211236	3	23643	4	1833	5	100	6	2
78	1	687247	2	265321	3	42771	4	4297	5	338	6	24	7	1	8	1
79	1	670442	2	276878	3	47375	4	4949	5	338	6	17	7	1
80	1	668231	2	268320	3	56021	4	6809	5	574	6	43	7	1	8	1
81	1	662348	2	268412	3	59954	4	8398	5	825	6	58	7	5
82	1	618393	2	299058	3	70787	4	10523	5	1120	6	106	7	12	8	1
83	1	547037	2	338932	3	95584	4	16199	5	2018	6	216	7	12	8	2
84	1	436694	2	387758	3	140287	4	30327	5	4372	6	515	7	44	8	3
85	1	381498	2	394420	3	171009	4	43996	5	7898	6	1049	7	117	8	13
86	1	385222	2	383292	3	175174	4	46617	5	8274	6	1233	7	177	8	11
87	1	295244	2	395275	3	222737	4	70330	5	14146	6	2024	7	211	8	31	9	2
88	1	194898	2	360615	3	280249	4	122594	5	34161	6	6485	7	893	8	93	9	10	10	2
89	1	173095	2	334515	3	291427	4	142867	5	45995	6	10173	7	1664	8	231	9	27	10	6
90	1	134607	2	294482	3	294323	4	178196	5	72144	6	20867	7	4477	8	765	9	121	10	17	12	1
91	1	77454	2	237130	3	307187	4	225195	5	106594	6	35641	7	8735	8	1728	9	288	10	36	11	11	12	1
92	1	63117	2	192313	3	278186	4	243892	5	142082	6	58098	7	17397	8	4069	9	706	10	122	11	16	12	2
93	1	28145	2	126455	3	244996	4	270554	5	191229	6	93773	7	33413	8	9105	9	1908	10	367	11	46	12	7	13	2
94	1	21252	2	95444	3	194746	4	247285	5	214664	6	134755	7	62268	8	21842	9	6086	10	1360	11	254	12	41	13	3
95	1	7014	2	47260	3	138054	4	227883	5	244289	6	180952	7	98036	8	39838	9	12648	10	3233	11	652	12	113	13	24	14	3	15	1
96	1	8074	2	39502	3	96458	4	170126	5	217982	6	204739	7	143381	8	75751	9	30813	10	9993	11	2508	12	554	13	98	14	20	15	1
97	1	741	2	8472	3	39821	4	106029	5	185168	6	225009	7	198723	8	131494	9	66762	10	26503	11	8545	12	2143	13	504	14	75	15	11
98	1	1263	2	10644	3	34606	4	74602	5	128984	6	181035	7	199017	8	168717	9	111374	10	56736	11	23225	12	7369	13	1920	14	420	15	70	16	14	17	2	18	1	19	1
99	1	66	2	1357	3	8621	4	30955	5	76482	6	139514	7	192425	8	202096	9	163750	10	103948	11	51506	12	20533	13	6671	14	1642	15	358	16	64	17	10	18	1	19	1
100	1	2647	2	6696	3	16230	4	31771	5	53992	6	89023	7	134564	8	175208	9	179941	10	145823	11	91768	12	46233	13	18378	14	5816	15	1492	16	332	17	70	18	12	19	4
