1	1	1000000
2	1	1000000
3	1	1000000
4	1	1000000
5	1	1000000
6	1	1000000
7	1	1000000
8	1	1000000
9	1	1000000
10	1	1000000
11	1	1000000
12	1	1000000
13	1	1000000
14	1	1000000
15	1	1000000
16	1	1000000
17	1	1000000
18	1	1000000
19	1	1000000
20	1	1000000
21	1	1000000
22	1	1000000
23	1	1000000
24	1	1000000
25	1	1000000
26	1	1000000
27	1	1000000
28	1	1000000
29	1	1000000
30	1	1000000
31	1	1000000
32	1	1000000
33	1	1000000
34	1	999998	2	2
35	1	1000000
36	1	999978	2	22
37	1	1000000
38	1	999992	2	8
39	1	1000000
40	1	999993	2	7
41	1	1000000
42	1	999988	2	12
43	1	999997	2	3
44	1	999990	2	10
45	1	999999	2	1
46	1	999969	2	31
47	1	999990	2	10
48	1	999957	2	43
49	1	999932	2	68
50	1	999963	2	37
51	1	455537	2	544404	3	59
52	1	704200	2	295778	3	21	4	1
53	1	839846	2	160138	3	16
54	1	913079	2	86875	3	44	4	2
55	1	952698	2	47189	3	103	4	10
56	1	974504	2	25461	3	35
57	1	985571	2	14373	3	55	4	1
58	1	992569	2	7374	3	56	4	1
59	1	995336	2	4554	3	109	4	1
60	1	996741	2	3159	3	100
61	1	996531	2	3366	3	103
62	1	997125	2	2635	3	240
63	1	994871	2	4909	3	217	4	3
64	1	993113	2	6710	3	174	4	3
65	1	990856	2	9054	3	89	4	1
66	1	980052	2	19781	3	162	4	5
67	1	997009	2	2938	3	53
68	1	981413	2	18460	3	126	4	1
69	1	984121	2	15722	3	156	4	1
70	1	977939	2	21634	3	423	4	4
71	1	974918	2	24769	3	310	4	3
72	1	944386	2	54424	3	1170	4	20
73	1	966606	2	32864	3	525	4	5
74	1	950078	2	48919	3	988	4	15
75	1	937063	2	61364	3	1538	4	35
76	1	870504	2	124108	3	5275	4	112	5	1
77	1	884231	2	110228	3	5347	4	192	5	2
78	1	830237	2	157007	3	12145	4	591	5	19	6	1
79	1	826192	2	160511	3	12699	4	574	5	23	6	1
80	1	821940	2	160933	3	16187	4	911	5	27	6	2
81	1	816569	2	164265	3	17956	4	1159	5	50	6	1
82	1	782136	2	193882	3	22326	4	1562	5	93	6	1
83	1	731649	2	233261	3	32094	4	2825	5	156	6	14	7	1
84	1	629062	2	307059	3	57270	4	6137	5	442	6	30
85	1	582693	2	330240	3	75858	4	10164	5	967	6	75	7	3
86	1	587097	2	321541	3	79464	4	10776	5	1061	6	56	7	4	8	1
87	1	496358	2	370685	3	112276	4	18648	5	1886	6	141	7	6
88	1	363253	2	405179	3	180344	4	44153	5	6414	6	610	7	44	8	3
89	1	339896	2	394436	3	198743	4	55706	5	9885	6	1219	7	107	8	6	9	2
90	1	279364	2	378584	3	232381	4	85523	5	20295	6	3349	7	459	8	42	9	2	10	1
91	1	193835	2	360110	3	281149	4	123258	5	34154	6	6480	7	906	8	99	9	9
92	1	154841	2	314501	3	294486	4	161640	5	57691	6	14011	7	2470	8	322	9	36	10	2
93	1	89775	2	255909	3	312283	4	213735	5	93363	6	27658	7	6127	8	997	9	138	10	14	11	1
94	1	65369	2	200883	3	281858	4	238503	5	137548	6	55459	7	16084	8	3625	9	585	10	79	11	7
95	1	28609	2	129613	3	251042	4	271861	5	188797	6	89552	7	30707	8	7974	9	1559	10	246	11	35	12	5
96	1	25308	2	97181	3	187820	4	243974	5	216441	6	137675	7	63310	8	21424	9	5619	10	1059	11	165	12	20	13	3	14	1
97	1	4160	2	33611	3	108945	4	205088	5	246658	6	203450	7	121404	8	53230	9	17747	10	4582	11	971	12	137	13	17
98	1	4747	2	29962	3	78996	4	145317	5	200909	6	212046	7	166811	8	98213	9	43463	10	14716	11	3904	12	778	13	125	14	12	15	1
99	1	570	2	6584	3	30103	4	81544	5	154628	6	210532	7	211732	8	158608	9	89646	10	38996	11	12886	12	3331	13	700	14	124	15	13	16	3
100	1	5999	2	13746	3	31937	4	60550	5	100106	6	149797	7	188343	8	184961	9	137608	10	78234	11	33841	12	11304	13	2884	14	588	15	92	16	9	17	1
