1	1	1000000
2	1	1000000
3	1	1000000
4	1	1000000
5	1	1000000
6	1	1000000
7	1	1000000
8	1	1000000
9	1	1000000
10	1	1000000
11	1	1000000
12	1	1000000
13	1	1000000
14	1	1000000
15	1	1000000
16	1	1000000
17	1	1000000
18	1	1000000
19	1	1000000
20	1	1000000
21	1	1000000
22	1	1000000
23	1	1000000
24	1	1000000
25	1	1000000
26	1	1000000
27	1	1000000
28	1	1000000
29	1	1000000
30	1	1000000
31	1	1000000
32	1	1000000
33	1	1000000
34	1	1000000
35	1	1000000
36	1	1000000
37	1	1000000
38	1	1000000
39	1	1000000
40	1	1000000
41	1	1000000
42	1	1000000
43	1	1000000
44	1	1000000
45	1	1000000
46	1	1000000
47	1	1000000
48	1	1000000
49	1	999999	2	1
50	1	1000000
51	1	568965	2	431034	3	1
52	1	814897	2	185102	3	1
53	1	920270	2	79730
54	1	965546	2	34452	3	2
55	1	985478	2	14519	3	3
56	1	993780	2	6219	3	1
57	1	997459	2	2540	3	1
58	1	998867	2	1133
59	1	999513	2	482	3	5
60	1	999768	2	231	3	1
61	1	999840	2	159	3	1
62	1	999877	2	114	3	9
63	1	999661	2	330	3	9
64	1	999563	2	430	3	7
65	1	999126	2	873	3	1
66	1	997434	2	2564	3	2
67	1	999876	2	123	3	1
68	1	996849	2	3151
69	1	998202	2	1797	3	1
70	1	997167	2	2832	3	1
71	1	997170	2	2828	3	2
72	1	988901	2	11053	3	46
73	1	995976	2	4018	3	6
74	1	992012	2	7969	3	19
75	1	989571	2	10395	3	34
76	1	966694	2	33060	3	246
77	1	974537	2	25225	3	236	4	2
78	1	954592	2	44547	3	852	4	9
79	1	957529	2	41683	3	784	4	4
80	1	955281	2	43698	3	1001	4	20
81	1	952523	2	46253	3	1207	4	17
82	1	936210	2	62044	3	1713	4	32	5	1
83	1	918774	2	78580	3	2600	4	46
84	1	862011	2	131324	3	6457	4	207	5	1
85	1	840589	2	149207	3	9815	4	382	5	7
86	1	842729	2	145944	3	10926	4	394	5	7
87	1	785116	2	195727	3	18264	4	870	5	23
88	1	661606	2	289650	3	45144	4	3465	5	129	6	6
89	1	651114	2	289396	3	53904	4	5243	5	332	6	11
90	1	577065	2	327903	3	82324	4	11643	5	1002	6	62	7	1
91	1	491473	2	371775	3	115060	4	19601	5	1941	6	140	7	10
92	1	407563	2	389479	3	160200	4	36923	5	5349	6	455	7	29	8	2
93	1	307200	2	399639	3	216301	4	63958	5	11369	6	1392	7	135	8	6
94	1	237155	2	370739	3	255945	4	103159	5	27461	6	4892	7	600	8	45	9	4
95	1	140959	2	326790	3	309585	4	158875	5	50958	6	11017	7	1642	8	159	9	15
96	1	108982	2	260322	3	297177	4	206011	5	92367	6	28276	7	5913	8	859	9	84	10	9
97	1	33300	2	149371	3	271143	4	273574	5	172932	6	73090	7	21428	8	4450	9	636	10	69	11	7
98	1	26123	2	107805	3	202804	4	249161	5	213466	6	127579	7	53181	8	15838	9	3424	10	553	11	57	12	9
99	1	5631	2	40339	3	119087	4	209481	5	247853	6	200529	7	114224	8	46071	9	13488	10	2772	11	472	12	47	13	6
100	1	17802	2	39445	3	85161	4	140145	5	192910	6	210620	7	167468	8	94288	9	38393	10	11027	11	2328	12	366	13	41	14	5	15	1
