1	1	1000000
2	1	1000000
3	1	1000000
4	1	1000000
5	1	1000000
6	1	1000000
7	1	1000000
8	1	1000000
9	1	1000000
10	1	1000000
11	1	1000000
12	1	1000000
13	1	1000000
14	1	1000000
15	1	1000000
16	1	1000000
17	1	1000000
18	1	1000000
19	1	1000000
20	1	1000000
21	1	1000000
22	1	1000000
23	1	1000000
24	1	1000000
25	1	1000000
26	1	1000000
27	1	1000000
28	1	999999	2	1
29	1	1000000
30	1	1000000
31	1	1000000
32	1	999997	2	3
33	1	1000000
34	1	999986	2	14
35	1	999999	2	1
36	1	999940	2	60
37	1	1000000
38	1	999967	2	33
39	1	1000000
40	1	999976	2	24
41	1	999998	2	2
42	1	999968	2	32
43	1	999989	2	11
44	1	999973	2	27
45	1	999994	2	6
46	1	999915	2	85
47	1	999957	2	43
48	1	999888	2	112
49	1	999803	2	197
50	1	999889	2	111
51	1	426242	2	573616	3	142
52	1	671018	2	328903	3	71	4	8
53	1	810966	2	188969	3	65
54	1	891431	2	108431	3	134	4	4
55	1	937573	2	62133	3	264	4	30
56	1	964332	2	35568	3	99	4	1
57	1	977999	2	21863	3	138
58	1	988096	2	11744	3	157	4	3
59	1	991776	2	7925	3	293	4	6
60	1	993773	2	5993	3	231	4	3
61	1	993247	2	6488	3	265
62	1	994155	2	5283	3	560	4	2
63	1	990152	2	9243	3	596	4	9
64	1	987104	2	12417	3	474	4	5
65	1	983399	2	16337	3	261	4	3
66	1	967496	2	31885	3	590	4	29
67	1	993618	2	6186	3	195	4	1
68	1	971050	2	28597	3	346	4	7
69	1	973225	2	26273	3	496	4	5	5	1
70	1	963701	2	35221	3	1068	4	10
71	1	957819	2	41263	3	899	4	19
72	1	917349	2	79709	3	2869	4	71	5	2
73	1	944286	2	54272	3	1421	4	21
74	1	921210	2	76108	3	2603	4	76	5	3
75	1	903085	2	93192	3	3600	4	121	5	2
76	1	818568	2	169650	3	11367	4	406	5	9
77	1	833129	2	154931	3	11312	4	607	5	20	6	1
78	1	767874	2	207463	3	22969	4	1608	5	81	6	5
79	1	759378	2	213900	3	24930	4	1701	5	87	6	4
80	1	754756	2	211333	3	31118	4	2607	5	180	6	5	7	1
81	1	749245	2	213649	3	33519	4	3338	5	229	6	18	7	2
82	1	708553	2	246389	3	40496	4	4253	5	294	6	14	7	1
83	1	648847	2	287240	3	56588	4	6704	5	576	6	43	7	2
84	1	540127	2	352172	3	92111	4	13980	5	1484	6	118	7	8
85	1	486335	2	372372	3	116527	4	21690	5	2780	6	275	7	20	8	1
86	1	489674	2	362466	3	121360	4	23120	5	3027	6	326	7	23	8	4
87	1	397771	2	396271	3	162756	4	37218	5	5351	6	586	7	45	8	2
88	1	276811	2	397102	3	232618	4	75783	5	15391	6	2068	7	210	8	16	9	1
89	1	254088	2	378268	3	249701	4	92377	5	21500	6	3587	7	443	8	30	9	6
90	1	202982	2	347703	3	272040	4	127686	5	39418	6	8610	7	1376	8	162	9	22	10	1
91	1	130278	2	307060	3	307694	4	173252	5	62584	6	15670	7	2985	8	430	9	45	10	2
92	1	104199	2	258399	3	299171	4	206404	5	93639	6	29827	7	6940	8	1202	9	193	10	25	11	1
93	1	53102	2	191619	3	291560	4	252098	5	140558	6	52820	7	14538	8	3109	9	512	10	73	11	11
94	1	39932	2	145390	3	246827	4	254747	5	178400	6	90148	7	32997	8	9133	9	1983	10	390	11	43	12	10
95	1	15240	2	83576	3	197578	4	263568	5	225565	6	133676	7	56801	8	18417	9	4531	10	878	11	152	12	17	13	1
96	1	14909	2	64074	3	141638	4	215272	5	228901	6	176109	7	99252	8	42102	9	13627	10	3301	11	691	12	111	13	11	14	2
97	1	1938	2	18022	3	70156	4	156859	5	226433	6	225492	7	162456	8	87708	9	35963	10	11449	11	2853	12	556	13	101	14	12	15	2
98	1	2575	2	19010	3	54191	4	108420	5	169618	6	205501	7	190891	8	134746	9	72312	10	30076	11	9588	12	2456	13	511	14	93	15	11	16	1
99	1	246	2	3285	3	16980	4	53595	5	115228	6	181628	7	211688	8	186963	9	126595	10	65854	11	26569	12	8656	13	2143	14	469	15	91	16	9	17	1
100	1	4120	2	9887	3	22948	4	44714	5	75860	6	119854	7	166186	8	188023	9	165625	10	111328	11	57791	12	23722	13	7622	14	1868	15	377	16	68	17	6	18	1
