1	1	1000000
2	1	1000000
3	1	1000000
4	1	1000000
5	1	1000000
6	1	1000000
7	1	1000000
8	1	1000000
9	1	1000000
10	1	1000000
11	1	1000000
12	1	1000000
13	1	1000000
14	1	1000000
15	1	1000000
16	1	1000000
17	1	1000000
18	1	1000000
19	1	1000000
20	1	1000000
21	1	1000000
22	1	999994	2	6
23	1	1000000
24	1	999988	2	12
25	1	1000000
26	1	999982	2	18
27	1	1000000
28	1	999963	2	37
29	1	999998	2	2
30	1	999944	2	56
31	1	999999	2	1
32	1	999946	2	54
33	1	999999	2	1
34	1	999792	2	208
35	1	999992	2	8
36	1	999373	2	627
37	1	999999	2	1
38	1	999695	2	305
39	1	999974	2	26
40	1	999708	2	292
41	1	999974	2	26
42	1	999662	2	338
43	1	999840	2	160
44	1	999652	2	348
45	1	999861	2	139
46	1	999109	2	891
47	1	999476	2	524
48	1	998933	2	1067
49	1	998537	2	1459	3	4
50	1	998840	2	1159	3	1
51	1	363299	2	635610	3	1090	4	1
52	1	594447	2	404782	3	719	4	52
53	1	740579	2	258858	3	554	4	9
54	1	834594	2	164211	3	1117	4	78
55	1	891925	2	106257	3	1582	4	236
56	1	931556	2	67520	3	894	4	30
57	1	950091	2	48740	3	1131	4	38
58	1	970017	2	28657	3	1291	4	35
59	1	975276	2	22942	3	1726	4	55	5	1
60	1	977183	2	21037	3	1747	4	33
61	1	975008	2	23166	3	1810	4	16
62	1	976791	2	20372	3	2808	4	28	5	1
63	1	964636	2	32201	3	3082	4	76	5	5
64	1	954664	2	42278	3	2955	4	103
65	1	947642	2	50092	3	2206	4	60
66	1	914040	2	81640	3	4071	4	244	5	5
67	1	973772	2	24594	3	1607	4	26	5	1
68	1	927076	2	70055	3	2784	4	81	5	4
69	1	923988	2	72101	3	3791	4	117	5	3
70	1	903608	2	89686	3	6441	4	254	5	11
71	1	884502	2	108573	3	6626	4	284	5	15
72	1	817497	2	166564	3	14849	4	1025	5	63	6	2
73	1	853799	2	135568	3	10051	4	556	5	26
74	1	813612	2	170006	3	15412	4	915	5	53	6	2
75	1	777009	2	200363	3	20923	4	1609	5	87	6	9
76	1	656728	2	291926	3	46872	4	4154	5	300	6	19	7	1
77	1	669786	2	277414	3	47012	4	5355	5	409	6	24
78	1	582403	2	328169	3	77123	4	11026	5	1154	6	115	7	9	8	1
79	1	560122	2	339393	3	86128	4	12835	5	1394	6	116	7	11	8	1
80	1	558794	2	323464	3	97882	4	17496	5	2127	6	221	7	15	8	1
81	1	553980	2	319169	3	102828	4	20698	5	2932	6	361	7	31	8	1
82	1	507470	2	345173	3	117701	4	25269	5	3858	6	481	7	46	8	2
83	1	431628	2	374291	3	150347	4	36555	5	6191	6	860	7	118	8	10
84	1	327009	2	394457	3	202057	4	61490	5	12659	6	2030	7	256	8	40	9	2
85	1	272898	2	386222	3	231889	4	83857	5	20736	6	3757	7	567	8	66	9	7	10	1
86	1	275480	2	373940	3	236296	4	87170	5	22116	6	4237	7	669	8	78	9	12	10	2
87	1	197429	2	358167	3	278366	4	122679	5	34888	6	7101	7	1186	8	169	9	15
88	1	122461	2	293962	3	307030	4	183369	5	70338	6	18581	7	3625	8	554	9	74	10	6
89	1	105266	2	265595	3	305165	4	201866	5	87519	6	27022	7	6161	8	1172	9	207	10	24	11	3
90	1	79426	2	222031	3	287966	4	226308	5	120797	6	46096	7	13594	8	3106	9	586	10	80	11	10
91	1	39373	2	157336	3	270240	4	262863	5	165471	6	73353	7	23660	8	6067	9	1304	10	273	11	53	12	7
92	1	33924	2	126274	3	228813	4	256674	5	192739	6	104164	7	40846	8	12650	9	3102	10	657	11	122	12	31	13	4
93	1	12184	2	71275	3	178624	4	253362	5	232938	6	148696	7	69799	8	24480	9	6703	10	1569	11	297	12	60	13	13
94	1	10211	2	54424	3	134353	4	210621	5	229161	6	181360	7	107230	8	48849	9	17359	10	4979	11	1156	12	247	13	38	14	11	15	1
95	1	2698	2	22053	3	81509	4	169950	5	230809	6	218759	7	150489	8	78290	9	31609	10	10237	11	2782	12	653	13	140	14	16	15	6
96	1	3968	2	21792	3	58333	4	117812	5	180795	6	210090	7	183583	8	122652	9	63319	10	25976	11	8591	12	2370	13	585	14	111	15	21	16	2
97	1	207	2	3194	3	18654	4	60765	5	130169	6	194839	7	213540	8	176599	9	112921	10	56103	11	23056	12	7314	13	2037	14	482	15	96	16	19	17	5
98	1	535	2	5631	3	20521	4	46634	5	88266	6	140361	7	183562	8	188664	9	151869	10	96465	11	48682	12	19769	13	6677	14	1831	15	418	16	97	17	18
99	1	14	2	460	3	3575	4	15050	5	43581	6	93326	7	153057	8	193142	9	188860	10	147089	11	90823	12	44848	13	18175	14	5934	15	1579	16	392	17	82	18	9	19	2	20	2
100	1	1620	2	4369	3	10419	4	21120	5	36761	6	60896	7	98210	8	143404	9	175243	10	170880	11	131571	12	81230	13	40770	14	16190	15	5419	16	1460	17	356	18	68	19	13	20	1
