1	1	1000000
2	1	1000000
3	1	1000000
4	1	1000000
5	1	1000000
6	1	1000000
7	1	1000000
8	1	1000000
9	1	1000000
10	1	1000000
11	1	1000000
12	1	1000000
13	1	1000000
14	1	1000000
15	1	1000000
16	1	1000000
17	1	1000000
18	1	1000000
19	1	1000000
20	1	1000000
21	1	1000000
22	1	1000000
23	1	1000000
24	1	1000000
25	1	1000000
26	1	1000000
27	1	1000000
28	1	1000000
29	1	1000000
30	1	1000000
31	1	1000000
32	1	1000000
33	1	1000000
34	1	1000000
35	1	1000000
36	1	1000000
37	1	1000000
38	1	1000000
39	1	1000000
40	1	1000000
41	1	1000000
42	1	1000000
43	1	1000000
44	1	1000000
45	1	1000000
46	1	1000000
47	1	1000000
48	1	1000000
49	1	1000000
50	1	1000000
51	1	713001	2	286999
52	1	917775	2	82225
53	1	976952	2	23048
54	1	993355	2	6645
55	1	998201	2	1799
56	1	999478	2	522
57	1	999869	2	131
58	1	999981	2	19
59	1	999992	2	8
60	1	999997	2	3
61	1	999998	2	2
62	1	1000000
63	1	999997	2	3
64	1	999998	2	2
65	1	999984	2	16
66	1	999895	2	105
67	1	1000000
68	1	999797	2	203
69	1	999946	2	54
70	1	999897	2	103
71	1	999916	2	84
72	1	999091	2	909
73	1	999854	2	146
74	1	999611	2	389
75	1	999451	2	549
76	1	995794	2	4204	3	2
77	1	997728	2	2268	3	4
78	1	994230	2	5760	3	10
79	1	995934	2	4059	3	7
80	1	995584	2	4406	3	10
81	1	994481	2	5508	3	11
82	1	991047	2	8931	3	22
83	1	988412	2	11554	3	34
84	1	972653	2	27177	3	170
85	1	969508	2	30227	3	263	4	2
86	1	970428	2	29243	3	329
87	1	950192	2	48986	3	816	4	6
88	1	891076	2	105370	3	3497	4	57
89	1	894195	2	101053	3	4666	4	86
90	1	847224	2	142301	3	10088	4	379	5	8
91	1	807200	2	176901	3	15230	4	658	5	11
92	1	723889	2	242984	3	31010	4	2045	5	71	6	1
93	1	647937	2	293733	3	53273	4	4781	5	271	6	5
94	1	557209	2	340842	3	87973	4	12764	5	1140	6	69	7	3
95	1	419390	2	402263	3	147841	4	27400	5	2885	6	211	7	10
96	1	339697	2	391599	3	200468	4	57340	5	9784	6	1037	7	71	8	4
97	1	160067	2	354282	3	303872	4	138540	5	36531	6	6020	7	631	8	56	9	1
98	1	112581	2	274163	3	302725	4	200411	5	83388	6	22383	7	3890	8	430	9	27	10	2
99	1	37000	2	153123	3	271063	4	275060	5	173363	6	69308	7	17703	8	3034	9	320	10	25	11	1
100	1	49959	2	104315	3	187200	4	237729	5	217788	6	133413	7	53281	8	13787	9	2255	10	259	11	14
