1	1	1000000
2	1	1000000
3	1	1000000
4	1	1000000
5	1	1000000
6	1	1000000
7	1	1000000
8	1	1000000
9	1	1000000
10	1	1000000
11	1	1000000
12	1	1000000
13	1	1000000
14	1	1000000
15	1	1000000
16	1	1000000
17	1	1000000
18	1	1000000
19	1	1000000
20	1	1000000
21	1	1000000
22	1	1000000
23	1	1000000
24	1	1000000
25	1	1000000
26	1	1000000
27	1	1000000
28	1	1000000
29	1	1000000
30	1	1000000
31	1	1000000
32	1	1000000
33	1	1000000
34	1	1000000
35	1	1000000
36	1	1000000
37	1	1000000
38	1	1000000
39	1	1000000
40	1	1000000
41	1	1000000
42	1	1000000
43	1	1000000
44	1	1000000
45	1	1000000
46	1	1000000
47	1	1000000
48	1	1000000
49	1	1000000
50	1	1000000
51	1	669251	2	330749
52	1	890734	2	109266
53	1	964114	2	35886
54	1	988050	2	11950
55	1	996114	2	3886
56	1	998805	2	1195
57	1	999633	2	367
58	1	999868	2	132
59	1	999959	2	41
60	1	999979	2	21
61	1	999996	2	4
62	1	999996	2	4
63	1	999979	2	21
64	1	999980	2	20
65	1	999949	2	51
66	1	999681	2	319
67	1	999996	2	4
68	1	999475	2	525
69	1	999836	2	164
70	1	999657	2	343
71	1	999740	2	260
72	1	997840	2	2159	3	1
73	1	999588	2	412
74	1	998894	2	1106
75	1	998444	2	1556
76	1	991522	2	8471	3	7
77	1	994814	2	5177	3	9
78	1	988687	2	11266	3	45	4	2
79	1	990663	2	9298	3	39
80	1	990105	2	9824	3	71
81	1	988808	2	11125	3	67
82	1	982487	2	17410	3	103
83	1	977319	2	22515	3	166
84	1	952541	2	46859	3	597	4	3
85	1	945704	2	53324	3	965	4	7
86	1	947295	2	51577	3	1119	4	9
87	1	917362	2	80228	3	2381	4	29
88	1	839668	2	151618	3	8486	4	227	5	1
89	1	839810	2	148887	3	10973	4	324	5	6
90	1	781862	2	195868	3	21001	4	1233	5	35	6	1
91	1	727071	2	239128	3	31549	4	2181	5	69	6	2
92	1	637201	2	300586	3	56266	4	5603	5	337	6	7
93	1	546745	2	349582	3	90548	4	12106	5	977	6	40	7	2
94	1	456262	2	378125	3	133987	4	27696	5	3604	6	314	7	12
95	1	322493	2	410472	3	204613	4	53337	5	8196	6	837	7	51	8	1
96	1	255146	2	373897	3	249676	4	95303	5	22335	6	3290	7	322	8	30	9	1
97	1	106590	2	296043	3	322703	4	189968	5	67128	6	15103	7	2234	8	215	9	15	10	1
98	1	76472	2	219555	3	289076	4	236029	5	124138	6	43145	7	9907	8	1498	9	169	10	11
99	1	22487	2	109480	3	226381	4	275750	5	213393	6	107230	7	35845	8	7977	9	1297	10	148	11	12
100	1	37085	2	80555	3	152700	4	213424	5	227121	6	169552	7	84305	8	27989	9	6233	10	917	11	107	12	12
