1	1	1000000
2	1	1000000
3	1	1000000
4	1	1000000
5	1	1000000
6	1	1000000
7	1	1000000
8	1	1000000
9	1	1000000
10	1	1000000
11	1	1000000
12	1	1000000
13	1	1000000
14	1	1000000
15	1	1000000
16	1	1000000
17	1	1000000
18	1	1000000
19	1	1000000
20	1	1000000
21	1	1000000
22	1	1000000
23	1	1000000
24	1	1000000
25	1	1000000
26	1	1000000
27	1	1000000
28	1	1000000
29	1	1000000
30	1	1000000
31	1	1000000
32	1	1000000
33	1	1000000
34	1	1000000
35	1	1000000
36	1	1000000
37	1	1000000
38	1	1000000
39	1	1000000
40	1	1000000
41	1	1000000
42	1	1000000
43	1	1000000
44	1	1000000
45	1	1000000
46	1	1000000
47	1	1000000
48	1	1000000
49	1	1000000
50	1	1000000
51	1	734775	2	265225
52	1	929968	2	70032
53	1	981476	2	18524
54	1	995130	2	4870
55	1	998738	2	1262
56	1	999676	2	324
57	1	999928	2	72
58	1	999978	2	22
59	1	999993	2	7
60	1	999998	2	2
61	1	999999	2	1
62	1	1000000
63	1	1000000
64	1	999997	2	3
65	1	999992	2	8
66	1	999940	2	60
67	1	1000000
68	1	999873	2	127
69	1	999982	2	18
70	1	999943	2	57
71	1	999967	2	33
72	1	999409	2	591
73	1	999924	2	76
74	1	999774	2	226
75	1	999674	2	326
76	1	996948	2	3051	3	1
77	1	998467	2	1533
78	1	996124	2	3872	3	4
79	1	997300	2	2698	3	2
80	1	996961	2	3032	3	7
81	1	996267	2	3725	3	8
82	1	993638	2	6349	3	13
83	1	991717	2	8260	3	23
84	1	979452	2	20450	3	97	4	1
85	1	977071	2	22777	3	152
86	1	978003	2	21844	3	153
87	1	961263	2	38326	3	408	4	3
88	1	910671	2	86979	3	2333	4	17
89	1	914921	2	82060	3	2963	4	55	5	1
90	1	873338	2	119656	3	6787	4	216	5	3
91	1	838891	2	150069	3	10652	4	384	5	4
92	1	759814	2	216114	3	22861	4	1171	5	40
93	1	691408	2	264962	3	40463	4	3008	5	153	6	6
94	1	603658	2	317869	3	69349	4	8451	5	643	6	28	7	2
95	1	465936	2	389818	3	123195	4	19168	5	1769	6	106	7	8
96	1	382504	2	391812	3	175722	4	43177	5	6181	6	572	7	28	8	4
97	1	190345	2	377443	3	286758	4	114597	5	26853	6	3646	7	339	8	16	9	3
98	1	134032	2	298391	3	301412	4	180908	5	67064	6	15692	7	2311	8	177	9	13
99	1	45603	2	175613	3	288339	4	268271	5	153164	6	54678	7	12369	8	1785	9	168	10	10
100	1	56686	2	117862	3	203782	4	246154	5	207852	6	116015	7	40948	8	9235	9	1354	10	102	11	10
