1	1	1000000
2	1	1000000
3	1	1000000
4	1	1000000
5	1	1000000
6	1	1000000
7	1	1000000
8	1	1000000
9	1	1000000
10	1	1000000
11	1	1000000
12	1	1000000
13	1	1000000
14	1	1000000
15	1	1000000
16	1	1000000
17	1	1000000
18	1	1000000
19	1	1000000
20	1	1000000
21	1	1000000
22	1	1000000
23	1	1000000
24	1	1000000
25	1	1000000
26	1	1000000
27	1	1000000
28	1	1000000
29	1	1000000
30	1	1000000
31	1	1000000
32	1	1000000
33	1	1000000
34	1	1000000
35	1	1000000
36	1	1000000
37	1	1000000
38	1	1000000
39	1	1000000
40	1	1000000
41	1	1000000
42	1	1000000
43	1	1000000
44	1	1000000
45	1	1000000
46	1	1000000
47	1	1000000
48	1	1000000
49	1	1000000
50	1	1000000
51	1	828419	2	171581
52	1	971103	2	28897
53	1	995051	2	4949
54	1	999156	2	844
55	1	999879	2	121
56	1	999977	2	23
57	1	999995	2	5
58	1	1000000
59	1	1000000
60	1	1000000
61	1	1000000
62	1	1000000
63	1	1000000
64	1	1000000
65	1	1000000
66	1	999998	2	2
67	1	1000000
68	1	999994	2	6
69	1	999999	2	1
70	1	999996	2	4
71	1	1000000
72	1	999948	2	52
73	1	999998	2	2
74	1	999978	2	22
75	1	999979	2	21
76	1	999506	2	494
77	1	999797	2	203
78	1	999412	2	587	3	1
79	1	999683	2	317
80	1	999645	2	355
81	1	999496	2	504
82	1	998908	2	1092
83	1	998586	2	1414
84	1	995240	2	4757	3	3
85	1	995138	2	4856	3	6
86	1	995397	2	4595	3	8
87	1	989547	2	10422	3	31
88	1	967856	2	31900	3	244
89	1	972950	2	26736	3	313	4	1
90	1	950848	2	48191	3	953	4	8
91	1	938643	2	59877	3	1463	4	17
92	1	886592	2	109231	3	4111	4	65	5	1
93	1	850860	2	140035	3	8874	4	229	5	2
94	1	785821	2	194235	3	18946	4	955	5	43
95	1	669812	2	284753	3	42355	4	2984	5	96
96	1	583742	2	329939	3	76595	4	9127	5	573	6	24
97	1	355524	2	419535	3	181433	4	38726	5	4476	6	298	7	8
98	1	258537	2	382825	3	248112	4	89406	5	18716	6	2237	7	155	8	12
99	1	104909	2	287710	3	324742	4	198288	5	68846	6	13750	7	1633	8	119	9	3
100	1	98515	2	188076	3	267350	4	244450	5	142181	6	48309	7	9866	8	1175	9	72	10	6
