1	1	1000000
2	1	1000000
3	1	1000000
4	1	1000000
5	1	1000000
6	1	1000000
7	1	1000000
8	1	1000000
9	1	1000000
10	1	1000000
11	1	1000000
12	1	1000000
13	1	1000000
14	1	1000000
15	1	1000000
16	1	1000000
17	1	1000000
18	1	1000000
19	1	1000000
20	1	1000000
21	1	1000000
22	1	1000000
23	1	1000000
24	1	1000000
25	1	1000000
26	1	1000000
27	1	1000000
28	1	1000000
29	1	1000000
30	1	1000000
31	1	1000000
32	1	1000000
33	1	1000000
34	1	1000000
35	1	1000000
36	1	1000000
37	1	1000000
38	1	1000000
39	1	1000000
40	1	1000000
41	1	1000000
42	1	1000000
43	1	1000000
44	1	1000000
45	1	1000000
46	1	1000000
47	1	1000000
48	1	1000000
49	1	1000000
50	1	1000000
51	1	754951	2	245049
52	1	939821	2	60179
53	1	985437	2	14563
54	1	996432	2	3568
55	1	999108	2	892
56	1	999833	2	167
57	1	999967	2	33
58	1	999990	2	10
59	1	1000000
60	1	1000000
61	1	999999	2	1
62	1	1000000
63	1	1000000
64	1	1000000
65	1	999997	2	3
66	1	999976	2	24
67	1	1000000
68	1	999923	2	77
69	1	999978	2	22
70	1	999974	2	26
71	1	999976	2	24
72	1	999621	2	379
73	1	999972	2	28
74	1	999854	2	146
75	1	999812	2	188
76	1	997977	2	2022	3	1
77	1	999004	2	996
78	1	997343	2	2655	3	2
79	1	998173	2	1826	3	1
80	1	997996	2	2001	3	3
81	1	997474	2	2523	3	3
82	1	995511	2	4483	3	6
83	1	994344	2	5650	3	6
84	1	984619	2	15338	3	43
85	1	983118	2	16803	3	79
86	1	983555	2	16338	3	107
87	1	970534	2	29228	3	237	4	1
88	1	926510	2	72068	3	1409	4	13
89	1	932061	2	66034	3	1876	4	29
90	1	894407	2	100799	3	4685	4	108	5	1
91	1	865836	2	126445	3	7516	4	199	5	4
92	1	792958	2	189896	3	16445	4	691	5	9	6	1
93	1	730604	2	237089	3	30418	4	1814	5	74	6	1
94	1	646330	2	292840	3	54855	4	5588	5	366	6	20	7	1
95	1	511437	2	373055	3	100848	4	13575	5	1031	6	53	7	1
96	1	424390	2	386899	3	151688	4	32665	5	4021	6	321	7	14	8	2
97	1	221414	2	395043	3	267975	4	93976	5	19060	6	2356	7	170	8	6
98	1	156975	2	320393	3	296538	4	160472	5	53367	6	10817	7	1326	8	107	9	5
99	1	55623	2	198419	3	302001	4	259147	5	132718	6	42475	7	8467	8	1053	9	97
100	1	64495	2	131533	3	218557	4	250143	5	196415	6	100088	7	31667	8	6270	9	768	10	63	11	1
