1	1	1000000
2	1	1000000
3	1	1000000
4	1	1000000
5	1	1000000
6	1	1000000
7	1	1000000
8	1	1000000
9	1	1000000
10	1	1000000
11	1	1000000
12	1	1000000
13	1	1000000
14	1	1000000
15	1	1000000
16	1	1000000
17	1	1000000
18	1	1000000
19	1	1000000
20	1	1000000
21	1	1000000
22	1	1000000
23	1	1000000
24	1	1000000
25	1	1000000
26	1	1000000
27	1	1000000
28	1	1000000
29	1	1000000
30	1	1000000
31	1	1000000
32	1	1000000
33	1	1000000
34	1	1000000
35	1	1000000
36	1	1000000
37	1	1000000
38	1	1000000
39	1	1000000
40	1	1000000
41	1	1000000
42	1	1000000
43	1	1000000
44	1	1000000
45	1	1000000
46	1	1000000
47	1	1000000
48	1	1000000
49	1	1000000
50	1	1000000
51	1	810535	2	189465
52	1	964753	2	35247
53	1	993490	2	6510
54	1	998745	2	1255
55	1	999760	2	240
56	1	999952	2	48
57	1	999999	2	1
58	1	999999	2	1
59	1	1000000
60	1	1000000
61	1	1000000
62	1	1000000
63	1	1000000
64	1	1000000
65	1	999999	2	1
66	1	999991	2	9
67	1	1000000
68	1	999987	2	13
69	1	1000000
70	1	999995	2	5
71	1	999997	2	3
72	1	999898	2	102
73	1	999991	2	9
74	1	999966	2	34
75	1	999969	2	31
76	1	999288	2	712
77	1	999718	2	282
78	1	999161	2	839
79	1	999508	2	492
80	1	999492	2	507	3	1
81	1	999225	2	774	3	1
82	1	998427	2	1571	3	2
83	1	997891	2	2107	3	2
84	1	993523	2	6471	3	6
85	1	993197	2	6796	3	7
86	1	993562	2	6428	3	10
87	1	986734	2	13223	3	43
88	1	960452	2	39180	3	366	4	2
89	1	965615	2	33908	3	474	4	3
90	1	939818	2	58740	3	1432	4	10
91	1	924787	2	72863	3	2319	4	31
92	1	867875	2	126095	3	5884	4	143	5	3
93	1	825470	2	161954	3	12160	4	408	5	8
94	1	756371	2	216973	3	25051	4	1555	5	49	6	1
95	1	634785	2	307905	3	52844	4	4255	5	206	6	5
96	1	546398	2	348186	3	91767	4	12695	5	913	6	41
97	1	321310	2	420436	3	202514	4	48673	5	6538	6	507	7	22
98	1	232476	2	370307	3	263324	4	105539	5	24627	6	3393	7	323	8	10	9	1
99	1	91039	2	266430	3	323937	4	214927	5	82384	6	18581	7	2499	8	193	9	10
100	1	89325	2	173850	3	256584	4	250512	5	155832	6	58832	7	13185	8	1735	9	140	10	5
