1	1	1000000
2	1	1000000
3	1	1000000
4	1	1000000
5	1	1000000
6	1	1000000
7	1	1000000
8	1	1000000
9	1	1000000
10	1	1000000
11	1	1000000
12	1	1000000
13	1	1000000
14	1	1000000
15	1	1000000
16	1	1000000
17	1	1000000
18	1	1000000
19	1	1000000
20	1	1000000
21	1	1000000
22	1	1000000
23	1	1000000
24	1	1000000
25	1	1000000
26	1	1000000
27	1	1000000
28	1	1000000
29	1	1000000
30	1	1000000
31	1	1000000
32	1	1000000
33	1	1000000
34	1	1000000
35	1	1000000
36	1	1000000
37	1	1000000
38	1	1000000
39	1	1000000
40	1	1000000
41	1	1000000
42	1	1000000
43	1	1000000
44	1	1000000
45	1	1000000
46	1	1000000
47	1	1000000
48	1	1000000
49	1	1000000
50	1	1000000
51	1	691000	2	309000
52	1	904852	2	95148
53	1	970813	2	29187
54	1	991084	2	8916
55	1	997246	2	2754
56	1	999203	2	797
57	1	999756	2	244
58	1	999916	2	84
59	1	999971	2	29
60	1	999993	2	7
61	1	999992	2	8
62	1	999996	2	4
63	1	999995	2	5
64	1	999992	2	8
65	1	999959	2	41
66	1	999835	2	165
67	1	999996	2	4
68	1	999672	2	328
69	1	999892	2	108
70	1	999839	2	161
71	1	999852	2	148
72	1	998625	2	1375
73	1	999782	2	218
74	1	999349	2	651
75	1	999097	2	903
76	1	994008	2	5987	3	5
77	1	996579	2	3418	3	3
78	1	991969	2	8007	3	24
79	1	993824	2	6164	3	12
80	1	993293	2	6685	3	22
81	1	992102	2	7873	3	25
82	1	987674	2	12293	3	33
83	1	983671	2	16243	3	85	4	1
84	1	963898	2	35820	3	281	4	1
85	1	959345	2	40107	3	544	4	4
86	1	960738	2	38681	3	575	4	6
87	1	935839	2	62779	3	1375	4	7
88	1	867494	2	126987	3	5410	4	107	5	2
89	1	869530	2	123261	3	7017	4	189	5	3
90	1	817875	2	166849	3	14570	4	689	5	17
91	1	770202	2	206354	3	22188	4	1218	5	38
92	1	683111	2	271389	3	42073	4	3297	5	127	6	3
93	1	600328	2	322210	3	69158	4	7784	5	489	6	30	7	1
94	1	508238	2	361479	3	109239	4	18870	5	2020	6	147	7	6	8	1
95	1	371070	2	410136	3	174873	4	38503	5	4972	6	421	7	24	8	1
96	1	296559	2	386571	3	225242	4	74558	5	14994	6	1910	7	155	8	11
97	1	133166	2	326919	3	316494	4	162424	5	49958	6	9739	7	1194	8	101	9	5
98	1	93547	2	246867	3	299487	4	218065	5	103529	6	31532	7	6117	8	796	9	58	10	2
99	1	29196	2	130691	3	250855	4	277832	5	193607	6	86505	7	25648	8	4958	9	642	10	64	11	2
100	1	43306	2	91950	3	170214	4	227783	5	223258	6	151923	7	67338	8	19868	9	3840	10	462	11	52	12	6
