1	1	1000000
2	1	1000000
3	1	1000000
4	1	1000000
5	1	1000000
6	1	1000000
7	1	1000000
8	1	1000000
9	1	1000000
10	1	1000000
11	1	1000000
12	1	1000000
13	1	1000000
14	1	1000000
15	1	1000000
16	1	1000000
17	1	1000000
18	1	1000000
19	1	1000000
20	1	1000000
21	1	1000000
22	1	1000000
23	1	1000000
24	1	1000000
25	1	1000000
26	1	1000000
27	1	1000000
28	1	1000000
29	1	1000000
30	1	1000000
31	1	1000000
32	1	1000000
33	1	1000000
34	1	1000000
35	1	1000000
36	1	1000000
37	1	1000000
38	1	1000000
39	1	1000000
40	1	1000000
41	1	1000000
42	1	1000000
43	1	1000000
44	1	1000000
45	1	1000000
46	1	1000000
47	1	1000000
48	1	1000000
49	1	1000000
50	1	1000000
51	1	793984	2	206016
52	1	957308	2	42692
53	1	991345	2	8655
54	1	998173	2	1827
55	1	999646	2	354
56	1	999926	2	74
57	1	999986	2	14
58	1	999998	2	2
59	1	1000000
60	1	1000000
61	1	1000000
62	1	1000000
63	1	1000000
64	1	1000000
65	1	999998	2	2
66	1	999989	2	11
67	1	1000000
68	1	999972	2	28
69	1	999993	2	7
70	1	999994	2	6
71	1	999994	2	6
72	1	999840	2	160
73	1	999993	2	7
74	1	999950	2	50
75	1	999944	2	56
76	1	998978	2	1022
77	1	999584	2	416
78	1	998721	2	1279
79	1	999258	2	742
80	1	999120	2	880
81	1	998878	2	1122
82	1	997720	2	2278	3	2
83	1	997204	2	2795	3	1
84	1	991292	2	8696	3	12
85	1	990719	2	9250	3	31
86	1	991244	2	8716	3	40
87	1	982348	2	17571	3	81
88	1	951125	2	48340	3	529	4	6
89	1	956660	2	42586	3	750	4	4
90	1	927586	2	70218	3	2164	4	32
91	1	908577	2	87980	3	3382	4	60	5	1
92	1	847001	2	144584	3	8211	4	201	5	3
93	1	797970	2	184769	3	16539	4	708	5	13	6	1
94	1	722738	2	241814	3	32889	4	2451	5	105	6	3
95	1	594365	2	332070	3	66719	4	6465	5	361	6	20
96	1	506857	2	363429	3	110381	4	17629	5	1612	6	92
97	1	287676	2	415958	3	224493	4	61622	5	9397	6	815	7	34	8	5
98	1	205925	2	356976	3	277240	4	122350	5	32035	6	4990	7	449	8	34	9	1
99	1	77809	2	244851	3	320698	4	230237	5	97325	6	24885	7	3807	8	365	9	23
100	1	81141	2	159237	3	245972	4	251914	5	169479	6	71408	7	17887	8	2733	9	211	10	18
