1	1	1000000
2	1	1000000
3	1	1000000
4	1	1000000
5	1	1000000
6	1	1000000
7	1	1000000
8	1	1000000
9	1	1000000
10	1	1000000
11	1	1000000
12	1	1000000
13	1	1000000
14	1	1000000
15	1	1000000
16	1	1000000
17	1	1000000
18	1	1000000
19	1	1000000
20	1	1000000
21	1	1000000
22	1	1000000
23	1	1000000
24	1	1000000
25	1	1000000
26	1	1000000
27	1	1000000
28	1	1000000
29	1	1000000
30	1	1000000
31	1	1000000
32	1	1000000
33	1	1000000
34	1	1000000
35	1	1000000
36	1	1000000
37	1	1000000
38	1	1000000
39	1	1000000
40	1	1000000
41	1	1000000
42	1	1000000
43	1	1000000
44	1	1000000
45	1	1000000
46	1	1000000
47	1	1000000
48	1	1000000
49	1	1000000
50	1	1000000
51	1	645356	2	354644
52	1	873532	2	126468
53	1	955401	2	44599
54	1	984435	2	15565
55	1	994631	2	5369
56	1	998117	2	1883
57	1	999337	2	663
58	1	999772	2	228
59	1	999922	2	78
60	1	999976	2	24
61	1	999984	2	16
62	1	999989	2	11
63	1	999972	2	28
64	1	999955	2	45
65	1	999875	2	125
66	1	999450	2	550
67	1	999992	2	8
68	1	999200	2	800
69	1	999674	2	326
70	1	999418	2	582
71	1	999523	2	476	3	1
72	1	996824	2	3175	3	1
73	1	999240	2	760
74	1	998143	2	1857
75	1	997423	2	2575	3	2
76	1	988107	2	11862	3	31
77	1	992328	2	7643	3	29
78	1	983998	2	15887	3	115
79	1	986452	2	13456	3	92
80	1	985329	2	14524	3	146	4	1
81	1	983528	2	16330	3	141	4	1
82	1	975526	2	24283	3	191
83	1	968640	2	30990	3	363	4	7
84	1	937626	2	61197	3	1162	4	15
85	1	928321	2	69810	3	1839	4	30
86	1	930425	2	67500	3	2055	4	20
87	1	894023	2	101939	3	3982	4	56
88	1	805299	2	181121	3	13118	4	452	5	10
89	1	803293	2	179318	3	16649	4	722	5	18
90	1	741527	2	226246	3	29894	4	2253	5	79	6	1
91	1	676930	2	274444	3	44668	4	3748	5	204	6	6
92	1	586189	2	328882	3	75107	4	9181	5	616	6	25
93	1	490005	2	373096	3	115965	4	18942	5	1854	6	132	7	6
94	1	400816	2	389539	3	163080	4	39734	5	6129	6	666	7	36
95	1	274011	2	403459	3	235091	4	72137	5	13532	6	1644	7	119	8	7
96	1	214244	2	355932	3	269807	4	119922	5	33236	6	6025	7	763	8	67	9	3	10	1
97	1	84114	2	262220	3	322424	4	215956	5	87759	6	22973	7	4043	8	473	9	35	10	2	11	1
98	1	60760	2	190893	3	275420	4	247592	5	148185	6	58222	7	15670	8	2847	9	374	10	36	11	1
99	1	17100	2	89140	3	200954	4	268356	5	229286	6	130167	7	49419	8	12984	9	2295	10	276	11	21	12	2
100	1	31517	2	68681	3	134820	4	199063	5	225514	6	185259	7	103461	8	39583	9	10091	10	1775	11	217	12	17	13	2
