1	1	1000000
2	1	1000000
3	1	1000000
4	1	1000000
5	1	1000000
6	1	1000000
7	1	1000000
8	1	1000000
9	1	1000000
10	1	1000000
11	1	1000000
12	1	1000000
13	1	1000000
14	1	1000000
15	1	1000000
16	1	1000000
17	1	1000000
18	1	1000000
19	1	1000000
20	1	1000000
21	1	1000000
22	1	1000000
23	1	1000000
24	1	1000000
25	1	1000000
26	1	1000000
27	1	1000000
28	1	1000000
29	1	1000000
30	1	1000000
31	1	1000000
32	1	1000000
33	1	1000000
34	1	1000000
35	1	1000000
36	1	1000000
37	1	1000000
38	1	1000000
39	1	1000000
40	1	1000000
41	1	1000000
42	1	1000000
43	1	1000000
44	1	1000000
45	1	1000000
46	1	1000000
47	1	1000000
48	1	1000000
49	1	1000000
50	1	1000000
51	1	774387	2	225613
52	1	949087	2	50913
53	1	988749	2	11251
54	1	997603	2	2397
55	1	999461	2	539
56	1	999888	2	112
57	1	999977	2	23
58	1	999990	2	10
59	1	999997	2	3
60	1	999999	2	1
61	1	1000000
62	1	1000000
63	1	999999	2	1
64	1	999999	2	1
65	1	999998	2	2
66	1	999988	2	12
67	1	1000000
68	1	999962	2	38
69	1	999988	2	12
70	1	999983	2	17
71	1	999989	2	11
72	1	999764	2	236
73	1	999984	2	16
74	1	999937	2	63
75	1	999903	2	97
76	1	998556	2	1444
77	1	999313	2	686	3	1
78	1	998199	2	1799	3	2
79	1	998853	2	1146	3	1
80	1	998638	2	1361	3	1
81	1	998288	2	1711	3	1
82	1	996874	2	3123	3	3
83	1	995881	2	4113	3	6
84	1	988298	2	11672	3	30
85	1	987495	2	12458	3	47
86	1	988023	2	11917	3	60
87	1	977129	2	22738	3	133
88	1	940326	2	58797	3	872	4	5
89	1	945298	2	53454	3	1238	4	10
90	1	912547	2	84272	3	3105	4	75	5	1
91	1	889476	2	105529	3	4879	4	116
92	1	821580	2	166261	3	11754	4	399	5	6
93	1	767353	2	209011	3	22480	4	1114	5	41	6	1
94	1	686691	2	266737	3	42557	4	3802	5	206	6	7
95	1	554472	2	353806	3	81696	4	9352	5	648	6	25	7	1
96	1	466587	2	376895	3	129846	4	23892	5	2610	6	165	7	5
97	1	253848	2	407672	3	247302	4	76274	5	13457	6	1364	7	81	8	2
98	1	180738	2	340656	3	287966	4	140714	5	41672	6	7350	7	844	8	59	9	1
99	1	66694	2	222747	3	312174	4	244877	5	114731	6	32536	7	5561	8	624	9	56
100	1	72574	2	144963	3	232195	4	253305	5	184214	6	84262	7	23950	8	4082	9	416	10	38	11	1
