1	1	1000000
2	1	1000000
3	1	1000000
4	1	1000000
5	1	1000000
6	1	1000000
7	1	1000000
8	1	1000000
9	1	1000000
10	1	1000000
11	1	1000000
12	1	1000000
13	1	1000000
14	1	1000000
15	1	1000000
16	1	1000000
17	1	1000000
18	1	1000000
19	1	1000000
20	1	1000000
21	1	1000000
22	1	1000000
23	1	1000000
24	1	1000000
25	1	1000000
26	1	1000000
27	1	1000000
28	1	1000000
29	1	1000000
30	1	1000000
31	1	1000000
32	1	1000000
33	1	1000000
34	1	1000000
35	1	1000000
36	1	1000000
37	1	1000000
38	1	1000000
39	1	1000000
40	1	1000000
41	1	1000000
42	1	1000000
43	1	1000000
44	1	1000000
45	1	1000000
46	1	1000000
47	1	1000000
48	1	1000000
49	1	1000000
50	1	1000000
51	1	844651	2	155349
52	1	975945	2	24055
53	1	996345	2	3655
54	1	999444	2	556
55	1	999903	2	97
56	1	999992	2	8
57	1	999999	2	1
58	1	1000000
59	1	1000000
60	1	1000000
61	1	1000000
62	1	1000000
63	1	1000000
64	1	1000000
65	1	1000000
66	1	1000000
67	1	1000000
68	1	999994	2	6
69	1	1000000
70	1	999999	2	1
71	1	1000000
72	1	999962	2	38
73	1	1000000
74	1	999991	2	9
75	1	999987	2	13
76	1	999675	2	325
77	1	999901	2	99
78	1	999590	2	410
79	1	999814	2	186
80	1	999766	2	234
81	1	999697	2	303
82	1	999250	2	750
83	1	999035	2	965
84	1	996567	2	3433
85	1	996316	2	3683	3	1
86	1	996620	2	3375	3	5
87	1	992308	2	7680	3	12
88	1	973920	2	25931	3	149
89	1	978597	2	21219	3	183	4	1
90	1	959686	2	39684	3	628	4	2
91	1	949591	2	49396	3	1003	4	10
92	1	902645	2	94372	3	2942	4	41
93	1	872184	2	121212	3	6455	4	149
94	1	812531	2	172628	3	14195	4	631	5	14	6	1
95	1	703332	2	261567	3	33155	4	1885	5	60	6	1
96	1	619431	2	310598	3	63231	4	6367	5	368	6	5
97	1	389940	2	416671	3	160436	4	29790	5	2976	6	182	7	5
98	1	286734	2	389650	3	232391	4	75729	5	13937	6	1459	7	90	8	10
99	1	119403	2	307962	3	323408	4	180592	5	57312	6	10215	7	1044	8	62	9	2
100	1	108991	2	202777	3	276297	4	237830	5	126396	6	39798	7	7135	8	732	9	43	10	1
