1	1	1000000
2	1	1000000
3	1	1000000
4	1	1000000
5	1	1000000
6	1	1000000
7	1	1000000
8	1	1000000
9	1	1000000
10	1	1000000
11	1	1000000
12	1	1000000
13	1	1000000
14	1	1000000
15	1	1000000
16	1	1000000
17	1	1000000
18	1	1000000
19	1	1000000
20	1	1000000
21	1	1000000
22	1	1000000
23	1	1000000
24	1	1000000
25	1	1000000
26	1	1000000
27	1	1000000
28	1	1000000
29	1	1000000
30	1	1000000
31	1	1000000
32	1	1000000
33	1	1000000
34	1	1000000
35	1	1000000
36	1	1000000
37	1	1000000
38	1	1000000
39	1	1000000
40	1	1000000
41	1	1000000
42	1	1000000
43	1	1000000
44	1	1000000
45	1	1000000
46	1	1000000
47	1	1000000
48	1	1000000
49	1	1000000
50	1	1000000
51	1	874588	2	125412
52	1	984358	2	15642
53	1	998054	2	1946
54	1	999799	2	201
55	1	999969	2	31
56	1	999997	2	3
57	1	1000000
58	1	1000000
59	1	1000000
60	1	1000000
61	1	1000000
62	1	1000000
63	1	1000000
64	1	1000000
65	1	1000000
66	1	1000000
67	1	1000000
68	1	999999	2	1
69	1	1000000
70	1	1000000
71	1	1000000
72	1	999984	2	16
73	1	999999	2	1
74	1	999999	2	1
75	1	999996	2	4
76	1	999833	2	167
77	1	999965	2	35
78	1	999848	2	152
79	1	999920	2	80
80	1	999905	2	95
81	1	999849	2	151
82	1	999640	2	360
83	1	999578	2	422
84	1	998213	2	1786	3	1
85	1	998049	2	1951
86	1	998276	2	1724
87	1	995568	2	4428	3	4
88	1	982978	2	16960	3	62
89	1	986728	2	13199	3	72	4	1
90	1	972834	2	26909	3	257
91	1	966550	2	32992	3	456	4	2
92	1	929131	2	69503	3	1359	4	7
93	1	906771	2	89726	3	3455	4	48
94	1	857733	2	134116	3	7866	4	282	5	3
95	1	762219	2	216675	3	20257	4	831	5	18
96	1	684066	2	270369	3	42175	4	3258	5	128	6	4
97	1	458599	2	399112	3	122661	4	18232	5	1346	6	50
98	1	343341	2	396423	3	198592	4	53145	5	7840	6	626	7	31	8	2
99	1	150152	2	343673	3	313371	4	148085	5	38808	6	5483	7	405	8	22	9	1
100	1	128083	2	230422	3	289877	4	220845	5	100762	6	26042	7	3654	8	301	9	14
