1	1	1000000
2	1	1000000
3	1	1000000
4	1	1000000
5	1	1000000
6	1	1000000
7	1	1000000
8	1	1000000
9	1	1000000
10	1	1000000
11	1	1000000
12	1	1000000
13	1	1000000
14	1	1000000
15	1	1000000
16	1	1000000
17	1	1000000
18	1	1000000
19	1	1000000
20	1	1000000
21	1	1000000
22	1	1000000
23	1	1000000
24	1	1000000
25	1	1000000
26	1	1000000
27	1	1000000
28	1	1000000
29	1	1000000
30	1	1000000
31	1	1000000
32	1	1000000
33	1	1000000
34	1	1000000
35	1	1000000
36	1	1000000
37	1	1000000
38	1	1000000
39	1	1000000
40	1	1000000
41	1	1000000
42	1	1000000
43	1	1000000
44	1	1000000
45	1	1000000
46	1	1000000
47	1	1000000
48	1	1000000
49	1	1000000
50	1	1000000
51	1	860223	2	139777
52	1	980570	2	19430
53	1	997362	2	2638
54	1	999645	2	355
55	1	999956	2	44
56	1	999993	2	7
57	1	999998	2	2
58	1	1000000
59	1	1000000
60	1	1000000
61	1	1000000
62	1	1000000
63	1	1000000
64	1	1000000
65	1	1000000
66	1	1000000
67	1	1000000
68	1	999997	2	3
69	1	1000000
70	1	1000000
71	1	999999	2	1
72	1	999984	2	16
73	1	1000000
74	1	999999	2	1
75	1	999993	2	7
76	1	999755	2	245
77	1	999926	2	74
78	1	999768	2	232
79	1	999877	2	123
80	1	999875	2	125
81	1	999769	2	231
82	1	999463	2	537
83	1	999354	2	646
84	1	997516	2	2483	3	1
85	1	997423	2	2574	3	3
86	1	997592	2	2405	3	3
87	1	994238	2	5757	3	5
88	1	978857	2	21056	3	87
89	1	983074	2	16808	3	118
90	1	966770	2	32808	3	417	4	5
91	1	958805	2	40569	3	626
92	1	916679	2	81258	3	2043	4	20
93	1	890636	2	104595	3	4687	4	81	5	1
94	1	836505	2	152375	3	10723	4	385	5	12
95	1	733295	2	239044	3	26329	4	1302	5	30
96	1	653845	2	289823	3	51525	4	4604	5	202	6	1
97	1	424695	2	408589	3	141144	4	23349	5	2118	6	104	7	1
98	1	313732	2	394465	3	216464	4	63866	5	10527	6	895	7	51
99	1	134498	2	326726	3	319327	4	164592	5	46604	6	7535	7	681	8	36	9	1
100	1	117788	2	215873	3	283783	4	230579	5	113859	6	32555	7	5085	8	445	9	31	10	2
