1	1	1000000
2	1	1000000
3	1	1000000
4	1	1000000
5	1	1000000
6	1	1000000
7	1	1000000
8	1	1000000
9	1	1000000
10	1	991851	2	8149
11	1	1000000
12	1	984820	2	15180
13	1	1000000
14	1	978954	2	21046
15	1	998993	3	1007
16	1	974210	2	25790
17	1	1000000
18	1	966463	2	31451	3	2086
19	1	1000000
20	1	967650	2	32098	4	252
21	1	996514	2	422	3	3064
22	1	962577	2	37423
23	1	997726	2	2274
24	1	955464	2	40095	3	3894	4	547
25	1	998883	2	1042	5	75
26	1	930540	2	68312	3	1148
27	1	976504	2	18731	3	4765
28	1	930568	2	67598	3	991	4	843
29	1	986234	2	12940	3	826
30	1	941402	2	52572	3	5747	5	229	6	50
31	1	976311	2	23489	3	200
32	1	930882	2	66331	3	1597	4	1190
33	1	958454	2	34994	3	6496	4	56
34	1	849627	2	144144	3	5915	4	314
35	1	952246	2	44369	3	2690	4	292	5	383	7	20
36	1	838807	2	137834	3	21210	4	1904	5	124	6	121
37	1	933319	2	61577	3	4769	4	304	5	13	6	18
38	1	807425	2	178395	3	12623	4	1303	5	254
39	1	888140	2	94841	3	15721	4	1065	5	233
40	1	839128	2	150277	3	7795	4	2334	5	455	8	11
41	1	892869	2	98685	3	7576	4	766	5	94	6	10
42	1	790621	2	181882	3	25070	4	1889	5	263	6	215	7	60
43	1	834060	2	146545	3	17578	4	1438	5	352	6	27
44	1	762430	2	209820	3	22597	4	4754	5	283	6	112	8	4
45	1	800425	2	179222	3	16279	4	2670	5	1306	6	63	7	27	9	8
46	1	671453	2	288409	3	35254	4	4063	5	523	6	252	7	15	8	31
47	1	714934	2	249250	3	31816	4	3418	5	495	6	79	7	8
48	1	628354	2	305357	3	54833	4	9778	5	1165	6	438	7	39	8	8	9	28
49	1	649352	2	290087	3	53043	4	6239	5	1062	6	118	7	89	8	6	9	4
50	1	592380	2	348383	3	45177	4	11499	5	2180	6	191	7	174	8	7	10	9
51	1	115210	2	549143	3	274460	4	52985	5	6321	6	1615	7	178	8	78	9	3	10	7
52	1	171829	2	475315	3	263500	4	68472	5	17631	6	2589	7	425	8	207	9	5	10	27
53	1	245260	2	483245	3	208200	4	52399	5	8392	6	2142	7	322	8	30	9	10
54	1	259902	2	391011	3	232433	4	82921	5	27566	6	4644	7	1120	8	327	9	48	10	8	11	20
55	1	297911	2	368421	3	191629	4	105187	5	26365	6	7534	7	2257	8	613	9	59	10	15	11	9
56	1	327549	2	343602	3	209760	4	88096	5	22257	6	6298	7	1846	8	429	9	148	10	9	11	3	12	3
57	1	300885	2	332024	3	215343	4	107048	5	32880	6	8071	7	2651	8	823	9	231	10	35	11	4	12	2	13	3
58	1	358804	2	274756	3	213183	4	99507	5	38992	6	10506	7	2841	8	968	9	310	10	99	11	21	12	13
59	1	326328	2	308847	3	206154	4	105494	5	35187	6	13453	7	3088	8	896	9	405	10	105	11	36	12	7
60	1	276558	2	284514	3	232708	4	123685	5	55321	6	19145	7	5846	8	1278	9	646	10	227	11	37	12	15	13	20
61	1	251549	2	293088	3	248463	4	126736	5	52757	6	19177	7	5570	8	1916	9	461	10	195	11	66	12	11	13	4	14	7
62	1	226063	2	270949	3	259822	4	144698	5	65469	6	22457	7	7434	8	2014	9	688	10	276	11	102	12	26	13	2
63	1	176873	2	256555	3	260057	4	169004	5	84707	6	34487	7	12006	8	4210	9	1331	10	488	11	190	12	54	13	27	14	8	15	3
64	1	138370	2	239897	3	262512	4	190298	5	101429	6	43214	7	15870	8	5389	9	1847	10	817	11	228	12	81	13	21	14	23	15	3	16	1
65	1	132453	2	238774	3	262667	4	196502	5	102067	6	42461	7	16238	8	5788	9	1918	10	736	11	252	12	97	13	27	14	14	15	6
66	1	90265	2	195041	3	242888	4	221330	5	136606	6	68095	7	29098	8	10470	9	3828	10	1392	11	679	12	207	13	45	14	24	15	23	16	8	17	1
67	1	236066	2	205704	3	224644	4	178487	5	95364	6	39456	7	13158	8	4618	9	1717	10	479	11	172	12	93	13	34	14	5	15	3
68	1	144792	2	220139	3	220616	4	201794	5	123382	6	57759	7	21436	8	6316	9	2346	10	901	11	264	12	162	13	66	14	18	15	1	16	8
69	1	112658	2	200063	3	220483	4	201953	5	144576	6	72505	7	30847	8	11639	9	3308	10	1181	11	437	12	207	13	96	14	37	15	7	16	2	17	1
70	1	84320	2	177404	3	219832	4	203595	5	158550	6	88107	7	42133	8	17112	9	5827	10	1811	11	765	12	272	13	157	14	62	15	39	16	10	17	3	18	1
71	1	54506	2	150621	3	210888	4	215627	5	176397	6	106501	7	51028	8	21898	9	8462	10	2477	11	832	12	461	13	199	14	68	15	27	16	6	17	2
72	1	27587	2	110910	3	185516	4	211730	5	191245	6	138127	7	74977	8	35616	9	15201	10	5876	11	1909	12	640	13	350	14	185	15	73	16	38	17	17	18	2	19	1
73	1	31560	2	91640	3	181791	4	215492	5	197816	6	139133	7	78671	8	37568	9	16419	10	6153	11	2304	12	824	13	297	14	201	15	83	16	33	17	11	18	3	19	1
74	1	19304	2	81816	3	163743	4	214489	5	203250	6	148084	7	89823	8	44976	9	21026	10	8727	11	3029	12	856	13	426	14	286	15	106	16	46	17	13
75	1	10378	2	54198	3	132422	4	193448	5	206410	6	175564	7	114527	8	61808	9	29502	10	13224	11	5456	12	1841	13	601	14	275	15	168	16	123	17	37	18	12	19	5	20	1
76	1	4326	2	28570	3	90319	4	161196	5	204167	6	195904	7	146843	8	88697	9	43505	10	20864	11	9627	12	3837	13	1147	14	474	15	266	16	143	17	70	18	34	19	3	20	8
77	1	3842	2	22651	3	76816	4	152614	5	195491	6	195474	7	155051	8	98811	9	52495	10	25742	11	12566	12	5560	13	1725	14	557	15	306	16	141	17	106	18	33	19	14	20	5
78	1	1753	2	13545	3	50643	4	115352	5	175714	6	196584	7	171875	8	124912	9	74099	10	39897	11	19613	12	9411	13	4245	14	1286	15	505	16	284	17	138	18	93	19	30	20	16	21	3	22	2
79	1	1433	2	6503	3	32893	4	93318	5	157578	6	190585	7	186736	8	141881	9	92191	10	48769	11	25489	12	12859	13	6117	14	2114	15	785	16	347	17	201	18	111	19	55	20	26	21	4	22	3	23	2
80	1	5468	2	8666	3	27964	4	71338	5	133299	6	175586	7	182022	8	157025	9	109838	10	67209	11	32810	12	15839	13	7480	14	3617	15	1078	16	405	17	131	18	106	19	68	20	29	21	13	22	9
81	1	6473	2	8735	3	21512	4	59063	5	118416	6	168328	7	180614	8	159498	9	118112	10	76710	11	42464	12	20819	13	10877	14	4824	15	2278	16	703	17	275	18	148	19	76	20	49	21	20	22	6
82	1	2742	2	9052	3	19779	4	49928	5	102544	6	156258	7	177763	8	163368	9	128798	10	85248	11	51128	12	27414	13	13749	14	7068	15	3029	16	1283	17	451	18	179	19	103	20	61	21	31	22	12	23	9	24	3
83	1	888	2	5018	3	12497	4	28756	5	70092	6	130209	7	171912	8	175400	9	149127	10	110121	11	68112	12	38706	13	19886	14	10414	15	5317	16	2111	17	857	18	236	19	145	20	91	21	62	22	27	23	13	24	2	25	1
84	1	211	2	2111	3	8301	4	20850	5	45143	6	91956	7	145171	8	172263	9	165497	10	133398	11	94067	12	56979	13	31852	14	16521	15	8314	16	4309	17	1767	18	769	19	206	20	144	21	97	22	46	23	17	24	7	25	2	26	2
85	1	38	2	611	3	4188	4	12595	5	29644	6	64739	7	120487	8	163800	9	173931	10	150906	11	113798	12	75389	13	42882	14	23220	15	12306	16	6160	17	3221	18	1162	19	528	20	147	21	109	22	76	23	35	24	15	25	11	26	2
86	1	307	2	445	3	2884	4	10767	5	27937	6	57626	7	104493	8	152919	9	172428	10	155992	11	121415	12	82531	13	51417	14	28537	15	14863	16	7928	17	4180	18	1999	19	704	20	295	21	134	22	90	23	65	24	30	25	8	26	5	27	1
87	1	34	2	334	3	801	4	4395	5	13084	6	31477	7	68601	8	125951	9	170660	10	178256	11	147939	12	107065	13	68650	14	39133	15	20899	16	11101	17	6181	18	3174	19	1301	20	506	21	178	22	112	23	81	24	48	25	21	26	6	27	8	28	4
88	2	111	3	782	4	2376	5	8518	6	21680	7	42536	8	78566	9	129589	10	166201	11	168520	12	139150	13	101934	14	64461	15	36530	16	18935	17	10091	18	5441	19	2687	20	1100	21	423	22	127	23	94	24	73	25	40	26	20	27	9	28	4	29	2
89	1	230	2	58	3	185	4	905	5	3999	6	12902	7	31672	8	64965	9	108431	10	152010	11	168594	12	151187	13	117026	14	80492	15	49277	16	28076	17	14174	18	8112	19	4207	20	2056	21	858	22	258	23	134	24	96	25	53	26	23	27	14	28	3	29	1	30	2
90	1	31	2	215	3	123	4	948	5	3403	6	9977	7	24457	8	47537	9	81464	10	122940	11	154057	12	159896	13	135497	14	101292	15	68158	16	41215	17	23513	18	12019	19	6672	20	3589	21	1766	22	711	23	237	24	121	25	75	26	44	27	22	28	13	29	7	30	1
91	1	4	2	38	3	181	4	90	5	416	6	2113	7	8098	8	22330	9	50038	10	92088	11	136631	12	162236	13	158816	14	130787	15	94866	16	62231	17	36138	18	20331	19	10802	20	6005	21	3125	22	1542	23	599	24	224	25	120	26	70	27	37	28	18	29	18	30	5	31	2	32	1
92	2	27	3	138	4	538	5	1527	6	3569	7	9047	8	19180	9	37991	10	67262	11	106485	12	143090	13	156539	14	144337	15	114638	16	80226	17	51084	18	29648	19	16498	20	8645	21	4951	22	2434	23	1310	24	417	25	190	26	115	27	47	28	29	29	16	30	16	31	6
93	3	6	4	70	5	170	6	301	7	1365	8	5607	9	16460	10	39812	11	76420	12	119397	13	153842	14	160620	15	140890	16	107955	17	73757	18	45951	19	26269	20	14524	21	7976	22	4687	23	2149	24	1045	25	361	26	149	27	100	28	51	29	38	30	14	31	12	32	2
94	3	16	4	23	5	306	6	1105	7	3147	8	8207	9	15210	10	28638	11	50800	12	84915	13	121618	14	148305	15	150024	16	130091	17	97547	18	66506	19	41630	20	23939	21	13195	22	7043	23	4039	24	2026	25	977	26	351	27	160	28	85	29	39	30	24	31	14	32	13	33	3	34	2	35	2
95	5	26	6	97	7	240	8	707	9	3196	10	11005	11	28156	12	58589	13	97002	14	135528	15	156448	16	150066	17	124778	18	91931	19	60125	20	36785	21	20910	22	11400	23	6416	24	3540	25	1659	26	779	27	260	28	147	29	100	30	49	31	31	32	16	33	8	34	5	35	1
96	4	32	5	199	6	700	7	1669	8	3155	9	6399	10	9951	11	17251	12	32480	13	58424	14	93357	15	127186	16	149358	17	145376	18	121218	19	91192	20	60008	21	36534	22	21204	23	11287	24	6441	25	3415	26	1696	27	906	28	260	29	120	30	86	31	41	32	22	33	19	34	13	36	1
97	7	13	8	136	9	328	10	1465	11	5681	12	15631	13	36327	14	66755	15	103818	16	134312	17	152256	18	143204	19	117327	20	87267	21	57606	22	34654	23	20097	24	10660	25	6082	26	3362	27	1662	28	785	29	268	30	157	31	59	32	39	33	19	34	13	35	11	36	4	37	1	38	1
98	5	25	6	75	7	639	8	1599	9	3314	10	6608	11	8890	12	12993	13	22366	14	40709	15	68642	16	102447	17	129996	18	144234	19	135588	20	111016	21	82410	22	54370	23	32934	24	19102	25	10279	26	5878	27	3170	28	1520	29	662	30	229	31	144	32	71	33	42	34	28	35	12	36	7	37	1
99	8	3	9	20	10	243	11	823	12	2760	13	8591	14	21706	15	44772	16	75624	17	109094	18	135946	19	146712	20	136161	21	110405	22	81510	23	53251	24	32271	25	18764	26	10140	27	5538	28	2960	29	1466	30	712	31	248	32	116	33	77	34	37	35	20	36	18	37	10	38	1	39	1
100	4	41	5	71	6	252	7	482	8	1069	9	2026	10	3311	11	6080	12	7421	13	9346	14	13806	15	24618	16	44724	17	73927	18	105477	19	131121	20	141419	21	130506	22	106268	23	77427	24	51144	25	30885	26	17957	27	9524	28	5540	29	2910	30	1429	31	678	32	269	33	126	34	60	35	36	36	22	37	14	38	12	39	2
