1	0	100000	
2	0	100000	
3	0	100000	
4	0	90212	1	9788	
5	0	100000	
6	0	70997	1	20470	2	8533	
7	0	100000	
8	0	86063	1	11494	3	2443	
9	0	98219	2	1781	
10	0	96812	1	3162	4	26	
11	0	100000	
12	0	99536	1	464	
13	0	99843	1	157	
14	0	99826	1	174	
15	0	99999	1	1	
16	0	99863	1	137	
17	0	100000	
18	0	99839	1	161	
19	0	100000	
20	0	100000	
21	0	100000	
22	0	100000	
23	0	100000	
24	0	100000	
25	0	100000	
26	0	99480	1	520	
27	0	100000	
28	0	100000	
29	0	100000	
30	0	100000	
31	0	100000	
32	0	98872	1	1128	
33	0	100000	
34	0	51880	1	48120	
35	0	99318	1	682	
36	0	95941	1	4059	
37	0	94047	1	5953	
38	0	92213	1	7787	
39	0	93716	1	6284	
40	0	39683	1	59003	2	1314	
41	0	100000	
42	0	82107	1	17893	
43	0	83667	1	16333	
44	0	84161	1	15839	
45	0	95360	1	4640	
46	0	57786	1	42214	
47	0	81189	1	16112	2	2699	
48	0	80638	1	18362	2	1000	
49	0	90458	1	9542	
50	0	2350	1	90440	2	7210	
51	1	1276	2	91446	3	7278	
52	0	26406	1	37199	2	12462	3	16930	4	7003	
53	0	38797	1	22400	2	24008	3	14114	4	681	
54	0	43088	1	9684	2	29479	3	7934	4	9110	5	705	
55	0	67567	1	8426	2	6418	3	10661	4	4493	5	2435	
56	0	25116	1	52202	2	9723	4	10544	6	2415	
57	0	36451	1	20201	2	31635	3	7990	5	3723	
58	0	96380	2	3620	
59	0	63121	1	35644	3	1235	
60	0	27861	1	52235	2	18674	4	1230	
61	0	36988	1	22870	2	35193	3	4949	
62	0	62794	1	20227	2	8907	3	8072	
63	0	14327	1	57791	2	17637	3	6735	4	3510	
64	0	38501	1	15696	2	34081	3	9380	4	2342	
65	0	17239	1	39378	2	17559	3	21521	4	4303	
66	1	17086	2	39292	3	17658	4	21689	5	4275	
67	0	100000	
68	1	100000	
69	0	6263	2	93737	
70	0	16619	1	5663	3	77718	
71	0	47839	1	11999	2	6984	4	33178	
72	1	48098	2	11913	3	7014	5	32975	
73	0	74524	2	14777	3	7482	6	3217	
74	0	28345	1	54613	3	9072	4	7970	
75	0	2325	1	28480	2	52038	4	9349	5	7808	
76	1	2332	2	30494	3	50169	5	9107	6	7898	
77	0	47273	1	5157	2	9009	3	17000	4	18035	6	3526	
78	1	47059	2	5143	3	9160	4	17210	5	17936	7	3492	
79	2	46969	3	7125	4	13460	5	15069	6	14596	8	2781	
80	3	46906	4	7270	5	13239	6	15024	7	14791	9	2770	
81	0	100000	
82	1	100000	
83	0	30924	2	69076	
84	1	31073	3	68927	
85	0	5427	2	44530	4	50043	
86	0	85133	3	7375	5	7492	
87	0	4415	1	80857	4	7413	6	7315	
88	1	4398	2	80666	5	7402	7	7534	
89	0	49174	3	35304	5	7469	6	8053	
90	1	49487	4	34972	6	7370	7	8171	
91	0	19768	2	29802	3	22728	4	6286	5	19504	6	1912	
92	1	19885	3	29894	4	22741	5	6164	6	19500	7	1816	
93	2	29892	3	8382	4	25721	5	31564	6	1801	7	2640	
94	3	30055	4	16837	5	29184	6	13955	7	8056	8	1913	
95	4	30016	5	22362	6	30250	7	10028	8	5495	9	1849	
96	5	29887	6	22441	7	30285	8	10040	9	5444	10	1903	
97	6	29719	7	22308	8	30577	9	9969	10	5601	11	1826	
98	7	29633	8	22337	9	30540	10	10061	11	5556	12	1873	
99	8	29785	9	22572	10	30176	11	10081	12	5511	13	1875	
100	9	29726	10	22309	11	30634	12	10072	13	5419	14	1840	
