1	1	1000000
2	1	1000000
3	1	1000000
4	1	1000000
5	1	1000000
6	1	1000000
7	1	1000000
8	1	1000000
9	1	1000000
10	1	1000000
11	1	1000000
12	1	1000000
13	1	1000000
14	1	999446	2	554
15	1	1000000
16	1	998584	2	1416
17	1	1000000
18	1	997731	2	2269
19	1	1000000
20	1	996876	2	3124
21	1	999973	3	27
22	1	996127	2	3873
23	1	999984	2	16
24	1	995312	2	4618	3	70
25	1	1000000
26	1	992106	2	7894
27	1	998954	2	944	3	102
28	1	992365	2	7631	4	4
29	1	999461	2	537	3	2
30	1	993377	2	6441	3	182
31	1	999375	2	625
32	1	992230	2	7752	3	5	4	13
33	1	998219	2	1532	3	249
34	1	979727	2	20229	3	44
35	1	996805	2	3183	3	12
36	1	973596	2	25626	3	761	4	17
37	1	996829	2	3135	3	36
38	1	974069	2	25768	3	159	4	4
39	1	991053	2	8513	3	433	4	1
40	1	980057	2	19833	3	73	4	35	5	2
41	1	991754	2	8198	3	48
42	1	972662	2	26573	3	763	4	2
43	1	983091	2	16233	3	674	4	1	5	1
44	1	968562	2	30970	3	417	4	51
45	1	979538	2	19965	3	469	4	19	5	9
46	1	949002	2	50268	3	720	4	9	5	1
47	1	960352	2	38993	3	645	4	10
48	1	938332	2	60063	3	1444	4	159	5	2
49	1	941497	2	56670	3	1812	4	17	5	4
50	1	933426	2	65291	3	1139	4	129	5	15
51	1	219317	2	726451	3	52421	4	1777	5	32	6	2
52	1	373772	2	572972	3	47821	4	5165	5	264	6	4	7	2
53	1	504560	2	460100	3	32372	4	2881	5	81	6	5	7	1
54	1	585339	2	359655	3	45765	4	8554	5	663	6	22	7	2
55	1	647343	2	293030	3	44376	4	14372	5	764	6	99	7	15	8	1
56	1	708856	2	241443	3	42563	4	6592	5	492	6	51	7	3
57	1	705771	2	234018	3	50468	4	8963	5	692	6	77	7	7	8	4
58	1	772609	2	165212	3	52191	4	8798	5	1090	6	90	7	9	8	1
59	1	758496	2	180242	3	50313	4	9602	5	1083	6	248	7	14	9	2
60	1	729182	2	191540	3	66316	4	11022	5	1746	6	166	7	24	8	3	9	1
61	1	708870	2	211761	3	67005	4	10327	5	1810	6	206	7	18	8	2	9	1
62	1	698512	2	208987	3	77750	4	12088	5	2327	6	297	7	33	8	5	9	1
63	1	636083	2	249155	3	90847	4	19670	5	3570	6	571	7	95	8	9
64	1	581625	2	287419	3	101336	4	24332	5	4516	6	656	7	98	8	18
65	1	564588	2	302863	3	103658	4	23932	5	4157	6	667	7	113	8	19	9	3
66	1	476684	2	338599	3	133473	4	40635	5	8629	6	1633	7	300	8	39	9	7	11	1
67	1	665649	2	229948	3	82574	4	18251	5	3122	6	400	7	45	8	10	9	1
68	1	537826	2	313964	3	111579	4	30069	5	5533	6	881	7	128	8	17	9	2	11	1
69	1	491316	2	328951	3	133142	4	36440	5	8544	6	1379	7	198	8	26	9	4
70	1	444408	2	336478	3	154925	4	48089	5	13132	6	2402	7	477	8	72	9	12	10	4	11	1
71	1	371043	2	370052	3	178599	4	60402	5	15827	6	3349	7	570	8	135	9	20	10	1	11	2
72	1	282034	2	374944	3	218312	4	88374	5	27554	6	7113	7	1355	8	247	9	58	10	8	11	1
73	1	290418	2	369280	3	220763	4	86023	5	25343	6	6410	7	1411	8	284	9	53	10	9	11	5	13	1
74	1	247741	2	365890	3	239917	4	101015	5	33463	6	9190	7	2204	8	460	9	93	10	24	11	2	12	1
75	1	193202	2	350304	3	263610	4	128641	5	46391	6	13716	7	3303	8	665	9	140	10	22	11	5	12	1
76	1	116306	2	293958	3	301950	4	179964	5	75146	6	24034	7	6612	8	1607	9	314	10	86	11	19	12	4
77	1	110565	2	282236	3	296855	4	186355	5	82496	6	29776	7	8853	8	2176	9	537	10	128	11	19	12	2	13	2
78	1	76732	2	228620	3	294252	4	218622	5	113144	6	46327	7	15809	8	4719	9	1343	10	330	11	77	12	21	13	4
79	1	57758	2	197975	3	287733	4	236112	5	132578	6	57927	7	20740	8	6620	9	1872	10	506	11	143	12	25	13	9	14	1	15	1
80	1	73028	2	173363	3	255886	4	237002	5	149667	6	70978	7	27572	8	9079	9	2529	10	694	11	140	12	52	13	7	14	3
81	1	72843	2	162052	3	240695	4	232949	5	158261	6	81427	7	33913	8	12495	9	3818	10	1164	11	300	12	58	13	20	14	4	15	1
82	1	56389	2	151265	3	230111	4	235132	5	170064	6	92423	7	40981	8	15916	9	5382	10	1689	11	484	12	134	13	25	14	4	15	1
83	1	31501	2	111274	3	201640	4	242129	5	199082	6	119477	7	57912	8	24132	9	8737	10	2919	11	868	12	255	13	57	14	12	15	4	16	1
84	1	16368	2	76816	3	162871	4	223315	5	217633	6	154937	7	85181	8	39025	9	15799	10	5543	11	1775	12	540	13	153	14	32	15	8	16	3	18	1
85	1	8517	2	51881	3	130848	4	203842	5	222980	6	179932	7	110460	8	54850	9	23414	10	8748	11	3106	12	989	13	312	14	94	15	17	16	7	17	3
86	1	9412	2	46088	3	121320	4	197668	5	220718	6	183115	7	117390	8	60845	9	26848	10	10811	11	3925	12	1324	13	380	14	111	15	34	16	9	17	1	18	1
87	1	3556	2	23331	3	78380	4	161066	5	219632	6	211267	7	152330	8	85876	9	39448	10	16263	11	5899	12	2006	13	681	14	196	15	47	16	16	17	4	18	2
88	1	1759	2	13814	3	47333	4	108973	5	178809	6	211808	7	188023	8	127987	9	70159	10	31786	11	12803	12	4609	13	1460	14	488	15	136	16	39	17	12	18	2
89	1	1901	2	7485	3	33937	4	89004	5	159468	6	203354	7	194160	8	145636	9	88395	10	44784	11	19735	12	7907	13	2823	14	1000	15	295	16	76	17	27	18	9	19	2	20	2
90	1	1078	2	6571	3	25197	4	67061	5	126460	6	177457	7	193368	8	164938	9	115002	10	66134	11	33167	12	14561	13	5808	14	2106	15	715	16	262	17	87	18	20	19	4	20	2	21	2
91	1	168	2	1360	3	8002	4	31412	5	82759	6	149119	7	193757	8	192355	9	150300	10	96789	11	52545	12	24519	13	10487	14	4113	15	1525	16	544	17	180	18	47	19	11	20	4	21	2	22	1	23	1
92	1	328	2	2523	3	9637	4	27476	5	62753	6	114163	7	166219	8	187620	9	166851	10	121140	11	73563	12	38166	13	17769	14	7414	15	2895	16	974	17	326	18	131	19	31	20	13	21	7	22	1
93	1	7	2	142	3	1618	4	8648	5	30398	6	76046	7	135406	8	182168	9	188836	10	155902	11	106016	12	61244	13	30965	14	13810	15	5532	16	2096	17	765	18	288	19	82	20	19	21	6	22	4	23	1	24	1
94	1	11	2	421	3	2715	4	9840	5	26017	6	54811	7	97470	8	144101	9	174147	10	168562	11	135459	12	89824	13	51397	14	25736	15	11634	16	4895	17	1954	18	641	19	260	20	77	21	19	22	6	23	2	24	1
95	2	12	3	176	4	1424	5	7390	6	25704	7	62800	8	115490	9	162835	10	182293	11	164221	12	122566	13	77192	14	42211	15	20756	16	9078	17	3684	18	1401	19	496	20	180	21	67	22	17	23	3	24	4
96	1	22	2	298	3	1607	4	4305	5	9401	6	20116	7	39137	8	71970	9	115463	10	154681	11	168879	12	152770	13	114495	14	72891	15	39958	16	19595	17	8738	18	3563	19	1375	20	477	21	187	22	52	23	13	24	5	25	2
97	3	3	4	79	5	717	6	4101	7	15093	8	40112	9	80926	10	128571	11	163903	12	171318	13	148395	14	109122	15	68500	16	37581	17	18253	18	8095	19	3295	20	1249	21	467	22	159	23	39	24	18	25	2	26	1	27	1
98	2	22	3	257	4	1413	5	4343	6	9336	7	16887	8	28762	9	50264	10	85925	11	125882	12	154585	13	158609	14	137016	15	99729	16	63233	17	34420	18	16780	19	7697	20	3039	21	1178	22	392	23	149	24	52	25	22	26	4	27	3	28	1
99	4	7	5	97	6	650	7	2753	8	9292	9	24877	10	54288	11	95181	12	135799	13	162263	14	161020	15	135501	16	96706	17	60502	18	33210	19	16106	20	7029	21	3024	22	1112	23	389	24	135	25	34	26	19	27	4	28	2
100	1	35	2	198	3	525	4	1436	5	2848	6	5284	7	8871	8	14272	9	20242	10	32407	11	57031	12	91704	13	129666	14	152194	15	150734	16	127221	17	91371	18	56832	19	30990	20	15118	21	6558	22	2791	23	1080	24	390	25	139	26	42	27	17	28	4
