1	1	1000000
2	1	1000000
3	1	1000000
4	1	1000000
5	1	1000000
6	1	1000000
7	1	1000000
8	1	1000000
9	1	1000000
10	1	1000000
11	1	1000000
12	1	1000000
13	1	1000000
14	1	1000000
15	1	1000000
16	1	999855	2	145
17	1	1000000
18	1	999558	2	442
19	1	1000000
20	1	999295	2	705
21	1	1000000
22	1	998907	2	1093
23	1	1000000
24	1	998649	2	1348	3	3
25	1	1000000
26	1	997720	2	2280
27	1	999809	2	181	3	10
28	1	997655	2	2345
29	1	999903	2	97
30	1	997804	2	2176	3	20
31	1	999928	2	72
32	1	997392	2	2608
33	1	999659	2	301	3	40
34	1	992941	2	7057	3	2
35	1	999253	2	746	3	1
36	1	989104	2	10783	3	109	4	4
37	1	999368	2	627	3	5
38	1	990763	2	9230	3	7
39	1	997701	2	2218	3	81
40	1	992673	2	7317	3	9	4	1
41	1	997771	2	2227	3	2
42	1	990512	2	9364	3	124
43	1	994745	2	5135	3	120
44	1	989097	2	10842	3	50	4	11
45	1	993720	2	6188	3	91	5	1
46	1	980784	2	19143	3	71	4	2
47	1	986086	2	13809	3	105
48	1	976695	2	23087	3	208	4	10
49	1	976586	2	23109	3	305
50	1	975143	2	24691	3	153	4	11	5	2
51	1	258627	2	720641	3	20423	4	308	5	1
52	1	443422	2	537039	3	17857	4	1641	5	41
53	1	583594	2	403739	3	11910	4	752	5	5
54	1	678649	2	299985	3	18639	4	2627	5	97	6	3
55	1	744739	2	230419	3	19554	4	5182	5	95	6	11
56	1	804443	2	177036	3	16704	4	1747	5	65	6	5
57	1	813306	2	163589	3	20680	4	2329	5	91	6	5
58	1	866993	2	108588	3	21806	4	2422	5	183	6	8
59	1	862256	2	112500	3	22262	4	2750	5	205	6	26	7	1
60	1	849791	2	119027	3	28193	4	2741	5	237	6	11
61	1	836616	2	132716	3	28094	4	2272	5	282	6	17	7	3
62	1	834392	2	127839	3	34495	4	2857	5	391	6	25	7	1
63	1	786153	2	167170	3	40767	4	5256	5	585	6	58	7	9	8	2
64	1	746453	2	201939	3	44336	4	6445	5	771	6	53	7	3
65	1	730525	2	218951	3	43989	4	5870	5	590	6	66	7	9
66	1	651455	2	270880	3	63923	4	12018	5	1510	6	201	7	12	8	1
67	1	812311	2	149918	3	33277	4	4033	5	431	6	28	7	2
68	1	701779	2	240006	3	49550	4	7773	5	800	6	89	7	3
69	1	666351	2	259140	3	62957	4	9936	5	1448	6	150	7	15	8	2	9	1
70	1	621918	2	279728	3	80467	4	15044	5	2509	6	300	7	30	8	3	9	1
71	1	557805	2	326629	3	93268	4	18810	5	3036	6	405	7	45	8	2
72	1	459421	2	368311	3	131255	4	33247	5	6535	6	1081	7	135	8	13	9	2
73	1	480943	2	358424	3	124990	4	29374	5	5283	6	864	7	108	8	13	10	1
74	1	427929	2	376016	3	147335	4	38825	5	8139	6	1467	7	257	8	28	9	4
75	1	363797	2	392586	3	176390	4	52656	5	11921	6	2236	7	355	8	54	9	5
76	1	248631	2	389737	3	244474	4	88785	5	22654	6	4738	7	854	8	111	9	15	10	1
77	1	244525	2	380846	3	243481	4	95874	5	27324	6	6402	7	1305	8	201	9	34	10	7	11	1
78	1	183997	2	345351	3	278497	4	131998	5	44464	6	12104	7	2856	8	576	9	129	10	23	11	4	12	1
79	1	155076	2	327729	3	291685	4	150299	5	54398	6	15975	7	3763	8	853	9	182	10	29	11	9	12	2
80	1	168584	2	288985	3	280002	4	166842	5	67645	6	21008	7	5445	8	1210	9	235	10	38	11	5	12	1
81	1	167324	2	275470	3	272215	4	172540	5	76571	6	26110	7	7410	8	1885	9	375	10	82	11	15	12	3
82	1	138844	2	266145	3	276181	4	185712	5	88009	6	31961	7	9806	8	2560	9	624	10	129	11	25	12	3	13	1
83	1	91850	2	227826	3	280470	4	216931	5	115439	6	46365	7	15210	8	4401	9	1129	10	287	11	73	12	18	13	1
84	1	54375	2	177258	3	261798	4	241770	5	154060	6	72370	7	26825	8	8410	9	2385	10	588	11	123	12	29	13	7	14	1	15	1
85	1	35199	2	139202	3	237734	4	249660	5	181317	6	97207	7	40137	8	13932	9	4123	10	1134	11	286	12	55	13	12	14	1	15	1
86	1	36083	2	128211	3	231750	4	249159	5	185760	6	102232	7	44039	8	15862	9	4975	10	1480	11	340	12	82	13	23	14	3	15	1
87	1	17398	2	83684	3	188820	4	252284	5	220529	6	136899	7	64840	8	24540	9	7914	10	2287	11	580	12	178	13	39	14	7	16	1
88	1	8884	2	50221	3	130130	4	212478	5	233708	6	183662	7	106903	8	48368	9	17865	10	5643	11	1576	12	417	13	102	14	38	15	5
89	1	7173	2	34969	3	108165	4	193440	5	229774	6	196101	7	126205	8	63783	9	26737	10	9525	11	2893	12	935	13	232	14	50	15	14	16	3	19	1
90	1	4768	2	27410	3	82223	4	157706	5	209306	6	203848	7	153077	8	90812	9	43590	10	17994	11	6353	12	2073	13	630	14	163	15	38	16	5	17	4
91	1	1067	2	9017	3	41228	4	109062	5	186216	6	219780	7	190277	8	127091	9	68175	10	30376	11	11806	12	4110	13	1364	14	323	15	71	16	28	17	6	18	2	19	1
92	1	1580	2	10287	3	35510	4	84701	5	149436	6	197116	7	196655	8	151745	9	93247	10	47591	11	20613	12	7760	13	2670	14	803	15	223	16	45	17	16	18	2
93	1	132	2	1978	3	12365	4	44734	5	105813	6	173734	7	207679	8	186496	9	132938	10	75223	11	35926	12	14915	13	5436	14	1834	15	558	16	181	17	41	18	14	19	3
94	1	243	2	2577	3	12110	4	35849	5	76827	6	130546	7	177391	8	188299	9	158937	10	108781	11	60751	12	28979	13	12120	14	4443	15	1514	16	483	17	113	18	25	19	12
95	1	10	2	276	3	2343	4	12341	5	40754	6	92142	7	153896	8	192151	9	185897	10	143910	11	91258	12	49036	13	22244	14	8956	15	3243	16	1099	17	324	18	91	19	25	20	4
96	1	174	2	1400	3	5647	4	13394	5	29316	6	58913	7	102632	8	151054	9	177869	10	168697	11	130473	12	83267	13	44219	14	20343	15	8230	16	2995	17	935	18	309	19	100	20	24	21	7	22	2
97	1	1	2	10	3	192	4	1419	5	7642	6	25710	7	63148	8	115402	9	163555	10	183568	11	166464	12	123976	13	77514	14	41111	15	18724	16	7570	17	2680	18	909	19	291	20	77	21	30	22	4	23	2	24	1
98	1	6	2	167	3	1514	4	5399	5	12461	6	23599	7	42617	8	74014	9	116803	10	154992	11	168922	12	150982	13	112572	14	70603	15	37306	16	17309	17	6912	18	2562	19	889	20	267	21	77	22	21	23	4	25	1	26	1
99	3	11	4	217	5	1347	6	5428	7	16656	8	41546	9	82099	10	129369	11	164779	12	172062	13	149474	14	109052	15	66514	16	35328	17	16099	18	6479	19	2416	20	778	21	250	22	60	23	28	24	6	25	1	26	1
100	1	140	2	562	3	1443	4	3467	5	6868	6	11922	7	19038	8	29828	9	48936	10	81167	11	122329	12	154228	13	160345	14	139770	15	101207	16	61783	17	32863	18	15003	19	5881	20	2162	21	723	22	236	23	69	24	18	25	11	26	1
