1	1	1000000
2	1	1000000
3	1	1000000
4	1	1000000
5	1	1000000
6	1	1000000
7	1	1000000
8	1	1000000
9	1	1000000
10	1	1000000
11	1	1000000
12	1	1000000
13	1	1000000
14	1	1000000
15	1	1000000
16	1	1000000
17	1	1000000
18	1	1000000
19	1	1000000
20	1	999987	2	13
21	1	1000000
22	1	999962	2	38
23	1	1000000
24	1	999921	2	79
25	1	1000000
26	1	999871	2	129
27	1	999995	2	5
28	1	999828	2	172
29	1	999997	2	3
30	1	999817	2	183
31	1	1000000
32	1	999760	2	240
33	1	999993	2	7
34	1	999238	2	762
35	1	999967	2	33
36	1	998359	2	1639	3	2
37	1	999987	2	13
38	1	998949	2	1051
39	1	999887	2	111	3	2
40	1	999110	2	890
41	1	999879	2	121
42	1	998909	2	1091
43	1	999478	2	514	3	8
44	1	998819	2	1178	3	2	4	1
45	1	999504	2	494	3	2
46	1	997595	2	2402	3	3
47	1	998439	2	1560	3	1
48	1	996855	2	3137	3	8
49	1	996432	2	3561	3	7
50	1	996735	2	3262	3	2	4	1
51	1	329439	2	667487	3	3069	4	5
52	1	549769	2	447901	3	2178	4	151	5	1
53	1	697725	2	300659	3	1559	4	57
54	1	795418	2	201475	3	2859	4	246	5	2
55	1	857363	2	138203	3	3736	4	695	5	3
56	1	905035	2	92396	3	2443	4	126
57	1	923632	2	73134	3	3082	4	151	5	1
58	1	951975	2	44523	3	3326	4	172	5	4
59	1	956590	2	39077	3	4120	4	209	5	3	6	1
60	1	956957	2	38333	3	4567	4	139	5	4
61	1	952474	2	42971	3	4448	4	102	5	5
62	1	954514	2	38815	3	6511	4	147	5	13
63	1	934343	2	57813	3	7485	4	345	5	13	6	1
64	1	918001	2	74295	3	7278	4	419	5	7
65	1	907501	2	85967	3	6254	4	265	5	13
66	1	861207	2	127122	3	10686	4	942	5	43
67	1	948399	2	46995	3	4407	4	193	5	6
68	1	883209	2	108830	3	7531	4	413	5	17
69	1	872764	2	116666	3	10041	4	495	5	32	6	2
70	1	845397	2	137877	3	15581	4	1074	5	70	6	1
71	1	813431	2	168016	3	17170	4	1293	5	86	6	4
72	1	731447	2	232471	3	32378	4	3414	5	281	6	9
73	1	767892	2	203980	3	25764	4	2203	5	149	6	11	7	1
74	1	719396	2	240521	3	36116	4	3581	5	364	6	21	7	1
75	1	671635	2	275701	3	46485	4	5631	5	495	6	47	7	6
76	1	539247	2	357684	3	88998	4	12618	5	1329	6	119	7	5
77	1	545977	2	347238	3	89705	4	15033	5	1845	6	191	7	9	8	2
78	1	458174	2	377703	3	131914	4	27308	5	4255	6	567	7	74	8	4	10	1
79	1	428846	2	386452	3	145947	4	32632	5	5338	6	681	7	96	8	5	9	3
80	1	432993	2	358346	3	158461	4	41622	5	7421	6	1026	7	115	8	15	9	1
81	1	427693	2	350736	3	162589	4	47317	5	9823	6	1606	7	209	8	24	9	3
82	1	382312	2	367429	3	180149	4	55436	5	12257	6	2045	7	330	8	37	9	4	10	1
83	1	306569	2	376124	3	216960	4	77222	5	18850	6	3568	7	611	8	81	9	13	10	2
84	1	217821	2	364343	3	260960	4	113909	5	33767	6	7488	7	1431	8	241	9	37	10	2	11	1
85	1	172674	2	336475	3	281746	4	142949	5	50137	6	12759	7	2724	8	428	9	92	10	15	11	1
86	1	173742	2	323812	3	284745	4	147433	5	52471	6	14166	7	2950	8	569	9	93	10	17	11	2
87	1	112801	2	282003	3	306954	4	191823	5	77716	6	22569	7	5013	8	944	9	146	10	29	11	2
88	1	66018	2	208271	3	292015	4	239881	5	128842	6	48094	7	13487	8	2726	9	548	10	104	11	12	12	2
89	1	54131	2	178123	3	278330	4	250620	5	149227	6	62952	7	20148	8	5128	9	1098	10	195	11	36	12	10	13	2
90	1	39676	2	143607	3	242425	4	251750	5	178731	6	92671	7	36291	8	11196	9	2882	10	617	11	128	12	19	13	6	14	1
91	1	16200	2	86023	3	198132	4	260498	5	221419	6	131902	7	58144	8	20040	9	5788	10	1467	11	317	12	57	13	9	14	4
92	1	15370	2	70343	3	159548	4	229976	5	227506	6	161598	7	85293	8	34847	9	11488	10	3137	11	709	12	149	13	35	15	1
93	1	4129	2	31867	3	105073	4	197730	5	239824	6	203697	7	126015	8	60208	9	22434	10	6697	11	1812	12	406	13	91	14	14	15	2	16	1
94	1	3812	2	25892	3	78454	4	150862	5	207571	6	209829	7	160776	8	95015	9	44247	10	16643	11	5100	12	1382	13	333	14	71	15	10	16	3
95	1	707	2	7881	3	37840	4	102395	5	180679	6	221291	7	197101	8	134779	9	71560	10	30612	11	10943	12	3165	13	814	14	191	15	35	16	7
96	1	1703	2	10693	3	30840	4	68981	5	126092	6	180246	7	199376	8	169820	9	113216	10	60220	11	25959	12	9199	13	2719	14	696	15	197	16	36	17	6	18	1
97	1	42	2	863	3	6478	4	27457	5	73775	6	140268	7	192109	8	201378	9	164236	10	104478	11	54296	12	23046	13	8250	14	2504	15	649	16	133	17	30	18	6	19	2
98	1	170	2	2411	3	10562	4	26049	5	52494	6	93154	7	142281	8	179107	9	179496	10	142926	11	92645	12	48044	13	20467	14	7199	15	2277	16	545	17	132	18	33	19	7	20	1
99	1	3	2	120	3	1083	4	5854	5	19843	6	51077	7	100787	8	155188	9	187628	10	180132	11	138927	12	86572	13	44300	14	19069	15	6732	16	2008	17	537	18	110	19	22	20	6	21	2
100	1	848	2	2596	3	6169	4	12806	5	22965	6	38345	7	63043	8	101148	9	144803	10	171780	11	163787	12	126333	13	79277	14	40319	15	17187	16	6087	17	1823	18	515	19	136	20	29	21	4
