m	d	v
1	1	1000000
1	2	1000000
1	3	1000000
1	4	667220
1	5	1000000
1	6	399556
1	7	1000000
1	8	571542
1	9	749959
1	10	444342
1	11	1000000
1	12	363794
1	13	750146
1	14	306566
1	15	213877
1	16	266763
1	17	437987
1	18	235284
1	19	499862
1	20	0
1	21	99916
1	22	0
1	23	90818
1	24	0
1	25	0
1	26	0
1	27	0
1	28	0
1	29	142550
1	30	0
1	31	0
1	32	0
1	33	0
1	34	0
1	35	58751
1	36	0
1	37	0
1	38	0
1	39	0
1	40	25811
1	41	24777
1	42	0
1	43	0
1	44	0
1	45	0
1	46	0
1	47	0
1	48	0
1	49	0
1	50	0
1	51	0
1	52	0
1	53	0
1	54	0
1	55	0
1	56	0
1	57	0
1	58	0
1	59	0
1	60	0
1	61	0
1	62	0
1	63	0
1	64	0
1	65	0
1	66	0
1	67	29865
1	68	0
1	69	0
1	70	0
1	71	0
1	72	0
1	73	0
1	74	0
1	75	0
1	76	0
1	77	0
1	78	0
1	79	0
1	80	0
1	81	0
1	82	0
1	83	0
1	84	0
1	85	0
1	86	0
1	87	0
1	88	0
1	89	0
1	90	0
1	91	0
1	92	0
1	93	0
1	94	0
1	95	0
1	96	0
1	97	0
1	98	0
1	99	0
1	100	0
2	1	1000000
2	2	1000000
2	3	1000000
2	4	1000000
2	5	1000000
2	6	899853
2	7	1000000
2	8	857083
2	9	964231
2	10	832772
2	11	1000000
2	12	763440
2	13	984815
2	14	794764
2	15	900809
2	16	761783
2	17	950109
2	18	662137
2	19	973719
2	20	748141
2	21	836285
2	22	628129
2	23	870442
2	24	520923
2	25	818923
2	26	470913
2	27	554124
2	28	410554
2	29	671717
2	30	411623
2	31	441417
2	32	369611
2	33	322690
2	34	135912
2	35	415268
2	36	154877
2	37	260813
2	38	137725
2	39	189332
2	40	137431
2	41	173000
2	42	79261
2	43	70775
2	44	27818
2	45	27289
2	46	9043
2	47	19293
2	48	6436
2	49	1792
2	50	0
2	51	9978
2	52	7877
2	53	8433
2	54	11595
2	55	11334
2	56	13386
2	57	11119
2	58	18671
2	59	10359
2	60	5222
2	61	5740
2	62	8665
2	63	1055
2	64	0
2	65	0
2	66	0
2	67	62178
2	68	16466
2	69	6982
2	70	1696
2	71	1652
2	72	0
2	73	1613
2	74	0
2	75	0
2	76	0
2	77	0
2	78	0
2	79	0
2	80	634
2	81	608
2	82	0
2	83	0
2	84	0
2	85	0
2	86	0
2	87	0
2	88	0
2	89	0
2	90	0
2	91	0
2	92	0
2	93	0
2	94	0
2	95	0
2	96	0
2	97	0
2	98	0
2	99	0
2	100	0
3	1	1000000
3	2	1000000
3	3	1000000
3	4	1000000
3	5	1000000
3	6	1000000
3	7	1000000
3	8	971654
3	9	1000000
3	10	952535
3	11	1000000
3	12	933367
3	13	1000000
3	14	929813
3	15	989216
3	16	920849
3	17	998210
3	18	888377
3	19	1000000
3	20	912730
3	21	974699
3	22	885915
3	23	981844
3	24	858593
3	25	980625
3	26	804430
3	27	891849
3	28	793523
3	29	931032
3	30	812972
3	31	871857
3	32	785518
3	33	815731
3	34	609425
3	35	823176
3	36	604428
3	37	747002
3	38	533168
3	39	655880
3	40	568071
3	41	659983
3	42	480827
3	43	535721
3	44	436811
3	45	465016
3	46	292288
3	47	347958
3	48	254378
3	49	269617
3	50	186347
3	51	48525
3	52	56274
3	53	78183
3	54	70873
3	55	82807
3	56	86954
3	57	74815
3	58	102131
3	59	78186
3	60	57100
3	61	50733
3	62	50922
3	63	30285
3	64	20567
3	65	21055
3	66	14951
3	67	108013
3	68	49738
3	69	31773
3	70	18440
3	71	10277
3	72	2451
3	73	6793
3	74	2301
3	75	902
3	76	210
3	77	389
3	78	0
3	79	220
3	80	2060
3	81	2323
3	82	469
3	83	52
3	84	0
3	85	0
3	86	70
3	87	0
3	88	0
3	89	62
3	90	0
3	91	0
3	92	0
3	93	0
3	94	0
3	95	0
3	96	0
3	97	0
3	98	0
3	99	0
3	100	0
4	1	1000000
4	2	1000000
4	3	1000000
4	4	1000000
4	5	1000000
4	6	1000000
4	7	1000000
4	8	1000000
4	9	1000000
4	10	991851
4	11	1000000
4	12	984820
4	13	1000000
4	14	978954
4	15	998993
4	16	974210
4	17	1000000
4	18	966463
4	19	1000000
4	20	967650
4	21	996514
4	22	962577
4	23	997726
4	24	955464
4	25	998883
4	26	930540
4	27	976504
4	28	930568
4	29	986234
4	30	941402
4	31	976311
4	32	930882
4	33	958454
4	34	849627
4	35	952246
4	36	838807
4	37	933319
4	38	807425
4	39	888140
4	40	839128
4	41	892869
4	42	790621
4	43	834060
4	44	762430
4	45	800425
4	46	671453
4	47	714934
4	48	628354
4	49	649352
4	50	592380
4	51	115210
4	52	171829
4	53	245260
4	54	259902
4	55	297911
4	56	327549
4	57	300885
4	58	358804
4	59	326328
4	60	276558
4	61	251549
4	62	226063
4	63	176873
4	64	138370
4	65	132453
4	66	90265
4	67	236066
4	68	144792
4	69	112658
4	70	84320
4	71	54506
4	72	27587
4	73	31560
4	74	19304
4	75	10378
4	76	4326
4	77	3842
4	78	1753
4	79	1433
4	80	5468
4	81	6473
4	82	2742
4	83	888
4	84	211
4	85	38
4	86	307
4	87	34
4	88	0
4	89	230
4	90	31
4	91	4
4	92	0
4	93	0
4	94	0
4	95	0
4	96	0
4	97	0
4	98	0
4	99	0
4	100	0
5	1	1000000
5	2	1000000
5	3	1000000
5	4	1000000
5	5	1000000
5	6	1000000
5	7	1000000
5	8	1000000
5	9	1000000
5	10	1000000
5	11	1000000
5	12	997823
5	13	1000000
5	14	995362
5	15	1000000
5	16	993084
5	17	1000000
5	18	990631
5	19	1000000
5	20	989229
5	21	999596
5	22	987438
5	23	999770
5	24	985289
5	25	999987
5	26	976103
5	27	994887
5	28	976520
5	29	997097
5	30	980524
5	31	995912
5	32	977037
5	33	991241
5	34	944363
5	35	987291
5	36	935372
5	37	984682
5	38	927427
5	39	967340
5	40	943482
5	41	969369
5	42	924031
5	43	946619
5	44	910682
5	45	934036
5	46	867393
5	47	891328
5	48	842893
5	49	853904
5	50	829241
5	51	172290
5	52	285070
5	53	393663
5	54	449373
5	55	502922
5	56	554955
5	57	536550
5	58	609638
5	59	583006
5	60	536486
5	61	509140
5	62	486902
5	63	418973
5	64	360004
5	65	346532
5	66	268922
5	67	457588
5	68	333256
5	69	286525
5	70	243462
5	71	181286
5	72	121118
5	73	123468
5	74	96640
5	75	65065
5	76	33357
5	77	29586
5	78	17986
5	79	11874
5	80	21177
5	81	22074
5	82	14465
5	83	6549
5	84	2671
5	85	946
5	86	1549
5	87	424
5	88	158
5	89	630
5	90	235
5	91	30
5	92	48
5	93	0
5	94	1
5	95	0
5	96	0
5	97	0
5	98	0
5	99	0
5	100	0
6	1	1000000
6	2	1000000
6	3	1000000
6	4	1000000
6	5	1000000
6	6	1000000
6	7	1000000
6	8	1000000
6	9	1000000
6	10	1000000
6	11	1000000
6	12	1000000
6	13	1000000
6	14	999446
6	15	1000000
6	16	998584
6	17	1000000
6	18	997731
6	19	1000000
6	20	996876
6	21	999973
6	22	996127
6	23	999984
6	24	995312
6	25	1000000
6	26	992106
6	27	998954
6	28	992365
6	29	999461
6	30	993377
6	31	999375
6	32	992230
6	33	998219
6	34	979727
6	35	996805
6	36	973596
6	37	996829
6	38	974069
6	39	991053
6	40	980057
6	41	991754
6	42	972662
6	43	983091
6	44	968562
6	45	979538
6	46	949002
6	47	960352
6	48	938332
6	49	941497
6	50	933426
6	51	219317
6	52	373772
6	53	504560
6	54	585339
6	55	647343
6	56	708856
6	57	705771
6	58	772609
6	59	758496
6	60	729182
6	61	708870
6	62	698512
6	63	636083
6	64	581625
6	65	564588
6	66	476684
6	67	665649
6	68	537826
6	69	491316
6	70	444408
6	71	371043
6	72	282034
6	73	290418
6	74	247741
6	75	193202
6	76	116306
6	77	110565
6	78	76732
6	79	57758
6	80	73028
6	81	72843
6	82	56389
6	83	31501
6	84	16368
6	85	8517
6	86	9412
6	87	3556
6	88	1759
6	89	1901
6	90	1078
6	91	168
6	92	328
6	93	7
6	94	11
6	95	0
6	96	22
6	97	0
6	98	0
6	99	0
6	100	35
7	1	1000000
7	2	1000000
7	3	1000000
7	4	1000000
7	5	1000000
7	6	1000000
7	7	1000000
7	8	1000000
7	9	1000000
7	10	1000000
7	11	1000000
7	12	1000000
7	13	1000000
7	14	1000000
7	15	1000000
7	16	999855
7	17	1000000
7	18	999558
7	19	1000000
7	20	999295
7	21	1000000
7	22	998907
7	23	1000000
7	24	998649
7	25	1000000
7	26	997720
7	27	999809
7	28	997655
7	29	999903
7	30	997804
7	31	999928
7	32	997392
7	33	999659
7	34	992941
7	35	999253
7	36	989104
7	37	999368
7	38	990763
7	39	997701
7	40	992673
7	41	997771
7	42	990512
7	43	994745
7	44	989097
7	45	993720
7	46	980784
7	47	986086
7	48	976695
7	49	976586
7	50	975143
7	51	258627
7	52	443422
7	53	583594
7	54	678649
7	55	744739
7	56	804443
7	57	813306
7	58	866993
7	59	862256
7	60	849791
7	61	836616
7	62	834392
7	63	786153
7	64	746453
7	65	730525
7	66	651455
7	67	812311
7	68	701779
7	69	666351
7	70	621918
7	71	557805
7	72	459421
7	73	480943
7	74	427929
7	75	363797
7	76	248631
7	77	244525
7	78	183997
7	79	155076
7	80	168584
7	81	167324
7	82	138844
7	83	91850
7	84	54375
7	85	35199
7	86	36083
7	87	17398
7	88	8884
7	89	7173
7	90	4768
7	91	1067
7	92	1580
7	93	132
7	94	243
7	95	10
7	96	174
7	97	1
7	98	6
7	99	0
7	100	140
8	1	1000000
8	2	1000000
8	3	1000000
8	4	1000000
8	5	1000000
8	6	1000000
8	7	1000000
8	8	1000000
8	9	1000000
8	10	1000000
8	11	1000000
8	12	1000000
8	13	1000000
8	14	1000000
8	15	1000000
8	16	1000000
8	17	1000000
8	18	999957
8	19	1000000
8	20	999868
8	21	1000000
8	22	999798
8	23	1000000
8	24	999665
8	25	1000000
8	26	999398
8	27	999979
8	28	999351
8	29	999988
8	30	999306
8	31	999991
8	32	999168
8	33	999945
8	34	997649
8	35	999820
8	36	995631
8	37	999903
8	38	996823
8	39	999451
8	40	997456
8	41	999491
8	42	996681
8	43	998397
8	44	996362
8	45	998229
8	46	993177
8	47	995144
8	48	991456
8	49	990688
8	50	990651
8	51	295529
8	52	500351
8	53	646130
8	54	744731
8	55	811015
8	56	864798
8	57	880167
8	58	921173
8	59	923112
8	60	919210
8	61	910778
8	62	911793
8	63	879824
8	64	853253
8	65	840545
8	66	777169
8	67	899444
8	68	812325
8	69	790723
8	70	756027
8	71	707822
8	72	613969
8	73	645239
8	74	591855
8	75	531629
8	76	397795
8	77	399845
8	78	320713
8	79	287217
8	80	296951
8	81	293468
8	82	255682
8	83	188455
8	84	123472
8	85	89876
8	86	90788
8	87	52049
8	88	28381
8	89	22159
8	90	15799
8	91	4883
8	92	5477
8	93	1015
8	94	1116
8	95	141
8	96	576
8	97	5
8	98	48
8	99	0
8	100	409
9	1	1000000
9	2	1000000
9	3	1000000
9	4	1000000
9	5	1000000
9	6	1000000
9	7	1000000
9	8	1000000
9	9	1000000
9	10	1000000
9	11	1000000
9	12	1000000
9	13	1000000
9	14	1000000
9	15	1000000
9	16	1000000
9	17	1000000
9	18	1000000
9	19	1000000
9	20	999987
9	21	1000000
9	22	999962
9	23	1000000
9	24	999921
9	25	1000000
9	26	999871
9	27	999995
9	28	999828
9	29	999997
9	30	999817
9	31	1000000
9	32	999760
9	33	999993
9	34	999238
9	35	999967
9	36	998359
9	37	999987
9	38	998949
9	39	999887
9	40	999110
9	41	999879
9	42	998909
9	43	999478
9	44	998819
9	45	999504
9	46	997595
9	47	998439
9	48	996855
9	49	996432
9	50	996735
9	51	329439
9	52	549769
9	53	697725
9	54	795418
9	55	857363
9	56	905035
9	57	923632
9	58	951975
9	59	956590
9	60	956957
9	61	952474
9	62	954514
9	63	934343
9	64	918001
9	65	907501
9	66	861207
9	67	948399
9	68	883209
9	69	872764
9	70	845397
9	71	813431
9	72	731447
9	73	767892
9	74	719396
9	75	671635
9	76	539247
9	77	545977
9	78	458174
9	79	428846
9	80	432993
9	81	427693
9	82	382312
9	83	306569
9	84	217821
9	85	172674
9	86	173742
9	87	112801
9	88	66018
9	89	54131
9	90	39676
9	91	16200
9	92	15370
9	93	4129
9	94	3812
9	95	707
9	96	1703
9	97	42
9	98	170
9	99	3
9	100	848
10	1	1000000
10	2	1000000
10	3	1000000
10	4	1000000
10	5	1000000
10	6	1000000
10	7	1000000
10	8	1000000
10	9	1000000
10	10	1000000
10	11	1000000
10	12	1000000
10	13	1000000
10	14	1000000
10	15	1000000
10	16	1000000
10	17	1000000
10	18	1000000
10	19	1000000
10	20	1000000
10	21	1000000
10	22	999994
10	23	1000000
10	24	999988
10	25	1000000
10	26	999982
10	27	1000000
10	28	999963
10	29	999998
10	30	999944
10	31	999999
10	32	999946
10	33	999999
10	34	999792
10	35	999992
10	36	999373
10	37	999999
10	38	999695
10	39	999974
10	40	999708
10	41	999974
10	42	999662
10	43	999840
10	44	999652
10	45	999861
10	46	999109
10	47	999476
10	48	998933
10	49	998537
10	50	998840
10	51	363299
10	52	594447
10	53	740579
10	54	834594
10	55	891925
10	56	931556
10	57	950091
10	58	970017
10	59	975276
10	60	977183
10	61	975008
10	62	976791
10	63	964636
10	64	954664
10	65	947642
10	66	914040
10	67	973772
10	68	927076
10	69	923988
10	70	903608
10	71	884502
10	72	817497
10	73	853799
10	74	813612
10	75	777009
10	76	656728
10	77	669786
10	78	582403
10	79	560122
10	80	558794
10	81	553980
10	82	507470
10	83	431628
10	84	327009
10	85	272898
10	86	275480
10	87	197429
10	88	122461
10	89	105266
10	90	79426
10	91	39373
10	92	33924
10	93	12184
10	94	10211
10	95	2698
10	96	3968
10	97	207
10	98	535
10	99	14
10	100	1620
11	1	1000000
11	2	1000000
11	3	1000000
11	4	1000000
11	5	1000000
11	6	1000000
11	7	1000000
11	8	1000000
11	9	1000000
11	10	1000000
11	11	1000000
11	12	1000000
11	13	1000000
11	14	1000000
11	15	1000000
11	16	1000000
11	17	1000000
11	18	1000000
11	19	1000000
11	20	1000000
11	21	1000000
11	22	1000000
11	23	1000000
11	24	1000000
11	25	1000000
11	26	999998
11	27	1000000
11	28	999994
11	29	1000000
11	30	999990
11	31	1000000
11	32	999979
11	33	1000000
11	34	999952
11	35	999999
11	36	999790
11	37	1000000
11	38	999911
11	39	999997
11	40	999913
11	41	999995
11	42	999888
11	43	999957
11	44	999876
11	45	999960
11	46	999725
11	47	999851
11	48	999634
11	49	999415
11	50	999571
11	51	396064
11	52	633403
11	53	778880
11	54	865766
11	55	918029
11	56	950844
11	57	966968
11	58	981458
11	59	985878
11	60	987971
11	61	987011
11	62	988313
11	63	980920
11	64	975520
11	65	970396
11	66	946899
11	67	987142
11	68	954450
11	69	954313
11	70	940462
11	71	930425
11	72	876364
11	73	909181
11	74	878217
11	75	851353
11	76	748734
11	77	763186
11	78	687247
11	79	670442
11	80	668231
11	81	662348
11	82	618393
11	83	547037
11	84	436694
11	85	381498
11	86	385222
11	87	295244
11	88	194898
11	89	173095
11	90	134607
11	91	77454
11	92	63117
11	93	28145
11	94	21252
11	95	7014
11	96	8074
11	97	741
11	98	1263
11	99	66
11	100	2647
12	1	1000000
12	2	1000000
12	3	1000000
12	4	1000000
12	5	1000000
12	6	1000000
12	7	1000000
12	8	1000000
12	9	1000000
12	10	1000000
12	11	1000000
12	12	1000000
12	13	1000000
12	14	1000000
12	15	1000000
12	16	1000000
12	17	1000000
12	18	1000000
12	19	1000000
12	20	1000000
12	21	1000000
12	22	1000000
12	23	1000000
12	24	1000000
12	25	1000000
12	26	1000000
12	27	1000000
12	28	999999
12	29	1000000
12	30	1000000
12	31	1000000
12	32	999997
12	33	1000000
12	34	999986
12	35	999999
12	36	999940
12	37	1000000
12	38	999967
12	39	1000000
12	40	999976
12	41	999998
12	42	999968
12	43	999989
12	44	999973
12	45	999994
12	46	999915
12	47	999957
12	48	999888
12	49	999803
12	50	999889
12	51	426242
12	52	671018
12	53	810966
12	54	891431
12	55	937573
12	56	964332
12	57	977999
12	58	988096
12	59	991776
12	60	993773
12	61	993247
12	62	994155
12	63	990152
12	64	987104
12	65	983399
12	66	967496
12	67	993618
12	68	971050
12	69	973225
12	70	963701
12	71	957819
12	72	917349
12	73	944286
12	74	921210
12	75	903085
12	76	818568
12	77	833129
12	78	767874
12	79	759378
12	80	754756
12	81	749245
12	82	708553
12	83	648847
12	84	540127
12	85	486335
12	86	489674
12	87	397771
12	88	276811
12	89	254088
12	90	202982
12	91	130278
12	92	104199
12	93	53102
12	94	39932
12	95	15240
12	96	14909
12	97	1938
12	98	2575
12	99	246
12	100	4120
