1	1	100000
2	1	100000
3	1	100000
4	1	100000
5	1	100000
6	1	100000
7	1	100000
8	1	100000
9	1	100000
10	1	100000
11	1	100000
12	1	100000
13	1	100000
14	1	100000
15	1	100000
16	1	100000
17	1	100000
18	1	100000
19	1	100000
20	1	100000
21	1	100000
22	1	100000
23	1	100000
24	1	100000
25	1	100000
26	1	99999	2	1
27	1	100000
28	1	99999	2	1
29	1	100000
30	1	99999	2	1
31	1	100000
32	1	99999	2	1
33	1	100000
34	1	99996	2	4
35	1	100000
36	1	99998	2	2
37	1	100000
38	1	99996	2	4
39	1	100000
40	1	99999	2	1
41	1	100000
42	1	99996	2	4
43	1	100000
44	1	99999	2	1
45	1	100000
46	1	99989	2	11
47	1	100000
48	1	99996	2	4
49	1	100000
50	1	99992	2	8
51	1	100000
52	1	99992	2	8
53	1	100000
54	1	99991	2	9
55	1	100000
56	1	99987	2	13
57	1	100000
58	1	99991	2	9
59	1	100000
60	1	99982	2	18
61	1	100000
62	1	99986	2	14
63	1	100000
64	1	99983	2	17
65	1	100000
66	1	99986	2	14
67	1	100000
68	1	99988	2	12
69	1	100000
70	1	99981	2	19
71	1	100000
72	1	99984	2	15	3	1
73	1	100000
74	1	99984	2	16
75	1	100000
76	1	99979	2	21
77	1	100000
78	1	99988	2	12
79	1	100000
80	1	99981	2	19
81	1	99999	3	1
82	1	99977	2	23
83	1	100000
84	1	99982	2	18
85	1	100000
86	1	99982	2	18
87	1	100000
88	1	99984	2	16
89	1	100000
90	1	99985	2	15
91	1	100000
92	1	99976	2	24
93	1	100000
94	1	99979	2	21
95	1	100000
96	1	99970	2	30
97	1	100000
98	1	99975	2	25
99	1	100000
100	1	99981	2	19
101	1	100000
102	1	99976	2	24
103	1	100000
104	1	99979	2	21
105	1	100000
106	1	99981	2	19
107	1	100000
108	1	99979	2	21
109	1	100000
110	1	99975	2	25
111	1	99999	3	1
112	1	99976	2	24
113	1	100000
114	1	99977	2	23
115	1	100000
116	1	99966	2	34
117	1	100000
118	1	99973	2	27
119	1	100000
120	1	99972	2	28
121	1	100000
122	1	99976	2	24
123	1	100000
124	1	99972	2	28
125	1	100000
126	1	99986	2	14
127	1	100000
128	1	99977	2	23
129	1	100000
130	1	99977	2	23
131	1	100000
132	1	99965	2	34	3	1
133	1	100000
134	1	99960	2	40
135	1	100000
136	1	99975	2	25
137	1	100000
138	1	99961	2	38	3	1
139	1	100000
140	1	99961	2	39
141	1	100000
142	1	99977	2	23
143	1	100000
144	1	99968	2	32
145	1	100000
146	1	99971	2	29
147	1	100000
148	1	99969	2	31
149	1	100000
150	1	99983	2	17
151	1	100000
152	1	99969	2	31
153	1	100000
154	1	99961	2	39
155	1	100000
156	1	99968	2	32
157	1	100000
158	1	99972	2	28
159	1	100000
160	1	99970	2	30
161	1	100000
162	1	99967	2	33
163	1	100000
164	1	99964	2	36
165	1	100000
166	1	99971	2	29
167	1	100000
168	1	99963	2	37
169	1	100000
170	1	99980	2	20
171	1	100000
172	1	99964	2	36
173	1	100000
174	1	99967	2	33
175	1	100000
176	1	99962	2	38
177	1	100000
178	1	99967	2	33
179	1	100000
180	1	99961	2	39
181	1	100000
182	1	99971	2	29
183	1	100000
184	1	99954	2	46
185	1	100000
186	1	99981	2	19
187	1	100000
188	1	99970	2	30
189	1	100000
190	1	99976	2	24
191	1	100000
192	1	99961	2	39
193	1	100000
194	1	99964	2	36
195	1	100000
196	1	99969	2	31
197	1	100000
198	1	99967	2	33
199	1	100000
200	1	99970	2	30
201	1	99999	3	1
202	1	99953	2	47
203	1	100000
204	1	99974	2	26
205	1	100000
206	1	99969	2	31
207	1	100000
208	1	99956	2	44
209	1	100000
210	1	99956	2	44
211	1	100000
212	1	99969	2	31
213	1	100000
214	1	99974	2	26
215	1	99998	2	2
216	1	99966	2	34
217	1	100000
218	1	99958	2	42
219	1	100000
220	1	99964	2	36
221	1	100000
222	1	99970	2	29	3	1
223	1	100000
224	1	99968	2	32
225	1	99999	3	1
226	1	99956	2	44
227	1	100000
228	1	99962	2	38
229	1	100000
230	1	99956	2	44
231	1	100000
232	1	99971	2	29
233	1	100000
234	1	99964	2	36
235	1	99999	2	1
236	1	99971	2	29
237	1	100000
238	1	99967	2	33
239	1	100000
240	1	99973	2	27
241	1	100000
242	1	99960	2	40
243	1	100000
244	1	99953	2	47
245	1	100000
246	1	99962	2	38
247	1	99999	2	1
248	1	99953	2	47
249	1	99999	2	1
250	1	99963	2	37
251	1	99968	2	32
252	1	99938	2	62
253	1	99969	2	31
254	1	99937	2	63
255	1	99963	2	37
256	1	99927	2	73
257	1	99980	2	20
258	1	99928	2	72
259	1	99978	2	22
260	1	99952	2	48
261	1	99980	2	19	3	1
262	1	99950	2	50
263	1	99994	2	6
264	1	99955	2	45
265	1	99990	2	10
266	1	99960	2	40
267	1	99986	2	13	3	1
268	1	99948	2	52
269	1	99989	2	11
270	1	99955	2	44	3	1
271	1	99989	2	11
272	1	99950	2	50
273	1	99989	2	8	3	3
274	1	99960	2	40
275	1	99995	2	5
276	1	99968	2	32
277	1	99994	2	6
278	1	99968	2	32
279	1	99995	2	5
280	1	99956	2	44
281	1	99997	2	3
282	1	99951	2	49
283	1	99995	2	5
284	1	99947	2	53
285	1	99997	2	3
286	1	99953	2	47
287	1	99998	2	2
288	1	99959	2	39	3	2
289	1	99998	2	2
290	1	99954	2	46
291	1	100000
292	1	99955	2	45
293	1	99994	2	6
294	1	99970	2	30
295	1	99996	2	4
296	1	99960	2	40
297	1	99996	2	4
298	1	99962	2	38
299	1	99998	2	2
300	1	99949	2	50	3	1
301	1	99995	2	5
302	1	99962	2	38
303	1	99994	2	5	3	1
304	1	99959	2	41
305	1	99997	2	3
306	1	99961	2	39
307	1	99993	2	7
308	1	99972	2	28
309	1	99997	2	3
310	1	99945	2	55
311	1	99994	2	6
312	1	99953	2	46	3	1
313	1	99991	2	9
314	1	99953	2	47
315	1	99997	2	3
316	1	99957	2	43
317	1	99995	2	5
318	1	99943	2	57
319	1	99995	2	5
320	1	99955	2	45
321	1	99992	2	8
322	1	99947	2	53
323	1	99990	2	10
324	1	99952	2	47	3	1
325	1	99986	2	14
326	1	99939	2	61
327	1	99993	2	7
328	1	99951	2	49
329	1	99995	2	5
330	1	99952	2	48
331	1	99992	2	8
332	1	99941	2	59
333	1	99986	2	14
334	1	99878	2	122
335	1	99961	2	39
336	1	99869	2	129	3	2
337	1	99962	2	38
338	1	99875	2	125
339	1	99959	2	41
340	1	99903	2	97
341	1	99969	2	31
342	1	99879	2	121
343	1	99978	2	22
344	1	99908	2	92
345	1	99965	2	34	3	1
346	1	99903	2	97
347	1	99977	2	23
348	1	99890	2	109	3	1
349	1	99980	2	20
350	1	99876	2	124
351	1	99971	2	29
352	1	99876	2	120	3	4
353	1	99980	2	20
354	1	99915	2	83	3	2
355	1	99976	2	24
356	1	99896	2	104
357	1	99977	2	23
358	1	99894	2	106
359	1	99975	2	25
360	1	99790	2	209	3	1
361	1	99969	2	30	3	1
362	1	99881	2	119
363	1	99961	2	39
364	1	99876	2	123	3	1
365	1	99961	2	39
366	1	99880	2	120
367	1	99968	2	32
368	1	99867	2	133
369	1	99971	2	29
370	1	99896	2	104
371	1	99952	2	48
372	1	99891	2	108	3	1
373	1	99929	2	71
374	1	99866	2	134
375	1	99948	2	52
376	1	99867	2	133
377	1	99952	2	48
378	1	99854	2	146
379	1	99926	2	74
380	1	99845	2	155
381	1	99943	2	56	3	1
382	1	99834	2	166
383	1	99952	2	48
384	1	99858	2	142
385	1	99939	2	61
386	1	99836	2	164
387	1	99929	2	71
388	1	99845	2	155
389	1	99914	2	86
390	1	99856	2	144
391	1	99910	2	90
392	1	99761	2	239
393	1	99900	2	100
394	1	99823	2	177
395	1	99876	2	124
396	1	99809	2	191
397	1	99873	2	127
398	1	99724	2	274	3	2
399	1	99851	2	147	3	2
400	1	99848	2	152
401	1	99901	2	99
402	1	99824	2	176
403	1	99882	2	118
404	1	99789	2	211
405	1	99875	2	124	3	1
406	1	99750	2	250
407	1	99889	2	111
408	1	99806	2	192	3	2
409	1	99890	2	109	3	1
410	1	99767	2	233
411	1	99838	2	162
412	1	99733	2	265	3	2
413	1	99836	2	164
414	1	99771	2	229
415	1	99845	2	155
416	1	99746	2	254
417	1	99815	2	185
418	1	99701	2	299
419	1	99810	2	190
420	1	99716	2	284
421	1	99798	2	200	3	2
422	1	99692	2	308
423	1	99775	2	224	3	1
424	1	99595	2	403	3	2
425	1	99784	2	216
426	1	99709	2	291
427	1	99770	2	229	3	1
428	1	99649	2	351
429	1	99715	2	284	3	1
430	1	99582	2	415	3	3
431	1	99715	2	285
432	1	99593	2	405	3	2
433	1	99686	2	310	3	4
434	1	99613	2	386	3	1
435	1	99684	2	315	3	1
436	1	99532	2	467	3	1
437	1	99693	2	305	3	2
438	1	99518	2	482
439	1	99639	2	361
440	1	99545	2	452	3	3
441	1	99604	2	394	3	2
442	1	99466	2	531	3	3
443	1	99571	2	429
444	1	99432	2	568
445	1	99633	2	364	3	3
446	1	99530	2	469	3	1
447	1	99594	2	405	3	1
448	1	99470	2	528	3	2
449	1	99597	2	403
450	1	99382	2	614	3	4
451	1	99497	2	500	3	3
452	1	99452	2	546	3	2
453	1	99482	2	518
454	1	99307	2	691	3	2
455	1	99388	2	610	3	2
456	1	99319	2	681
457	1	99394	2	605	3	1
458	1	99316	2	682	3	2
459	1	99356	2	641	3	3
460	1	99232	2	763	3	5
461	1	99309	2	689	3	2
462	1	99297	2	702	3	1
463	1	99336	2	662	3	2
464	1	99201	2	798	3	1
465	1	99275	2	722	3	3
466	1	99136	2	858	3	6
467	1	99234	2	764	3	2
468	1	99077	2	922	3	1
469	1	99185	2	811	3	3	4	1
470	1	99022	2	973	3	4	4	1
471	1	99242	2	755	3	3
472	1	99110	2	886	3	4
473	1	99148	2	848	3	4
474	1	98972	2	1023	3	5
475	1	98995	2	997	3	8
476	1	98896	2	1098	3	6
477	1	99045	2	948	3	7
478	1	98739	2	1252	3	9
479	1	98983	2	1010	3	7
480	1	98784	2	1205	3	11
481	1	98841	2	1151	3	8
482	1	98749	2	1241	3	10
483	1	98837	2	1159	3	4
484	1	98686	2	1308	3	6
485	1	98782	2	1212	3	6
486	1	98580	2	1411	3	9
487	1	98733	2	1259	3	8
488	1	98456	2	1533	3	11
489	1	98606	2	1383	3	11
490	1	98264	2	1719	3	17
491	1	98427	2	1560	3	13
492	1	98301	2	1689	3	9	4	1
493	1	98414	2	1576	3	10
494	1	98256	2	1730	3	13	4	1
495	1	98294	2	1698	3	8
496	1	98104	2	1877	3	19
497	1	98209	2	1781	3	10
498	1	97955	2	2024	3	21
499	1	98045	2	1934	3	21
500	1	98201	2	1785	3	13	4	1
501	1	4286	2	93769	3	1921	4	24
502	1	8445	2	89622	3	1874	4	57	5	1	6	1
503	1	12328	2	86030	3	1587	4	55
504	1	15823	2	82449	3	1653	4	71	5	4
505	1	19493	2	78620	3	1527	4	349	5	10	6	1
506	1	22951	2	75459	3	1455	4	130	5	5
507	1	26074	2	72477	3	1255	4	191	5	3
508	1	29297	2	69245	3	1224	4	232	5	2
509	1	32679	2	65920	3	1161	4	239	5	1
510	1	35494	2	62856	3	1265	4	378	5	6	7	1
511	1	37784	2	60935	3	1041	4	234	5	5	6	1
512	1	40398	2	58216	3	1164	4	217	5	5
513	1	43065	2	55651	3	988	4	291	5	4	6	1
514	1	45406	2	53208	3	1154	4	227	5	5
515	1	47706	2	50952	3	985	4	355	5	2
516	1	50043	2	48550	3	1132	4	269	5	5	6	1
517	1	52055	2	46661	3	983	4	293	5	6	6	2
518	1	53782	2	44865	3	1050	4	295	5	6	6	2
519	1	55953	2	42782	3	959	4	302	5	4
520	1	57542	2	40933	3	1130	4	385	5	7	6	3
521	1	59446	2	39288	3	1016	4	245	5	3	6	1	7	1
522	1	61079	2	37690	3	949	4	277	5	4	6	1
523	1	62729	2	35978	3	1026	4	263	5	4
524	1	64159	2	34490	3	1094	4	251	5	5	6	1
525	1	65704	2	32822	3	1136	4	326	5	11	6	1
526	1	66473	2	32123	3	1117	4	278	5	9
527	1	68346	2	30359	3	995	4	291	5	6	6	3
528	1	69289	2	29303	3	1156	4	245	5	7
529	1	70499	2	28171	3	1071	4	255	5	4
530	1	71694	2	26723	3	1257	4	320	5	6
531	1	72626	2	26012	3	1123	4	228	5	10	6	1
532	1	73848	2	24655	3	1240	4	248	5	9
533	1	74686	2	23965	3	1117	4	226	5	6
534	1	76064	2	22493	3	1200	4	236	5	6	7	1
535	1	76773	2	21700	3	1238	4	278	5	10	6	1
536	1	77371	2	21113	3	1255	4	251	5	8	6	2
537	1	78423	2	20058	3	1292	4	219	5	6	6	2
538	1	79310	2	19173	3	1288	4	223	5	6
539	1	79551	2	18932	3	1300	4	211	5	5	6	1
540	1	80120	2	18139	3	1476	4	259	5	5	6	1
541	1	80986	2	17415	3	1393	4	192	5	14
542	1	81388	2	16980	3	1440	4	182	5	8	6	2
543	1	82090	2	16363	3	1366	4	169	5	10	6	2
544	1	82657	2	15739	3	1418	4	180	5	5	6	1
545	1	82845	2	15345	3	1548	4	246	5	12	6	3	7	1
546	1	84197	2	14282	3	1344	4	160	5	16	6	1
547	1	84346	2	14114	3	1361	4	175	5	4
548	1	84770	2	13605	3	1442	4	175	5	8
549	1	85218	2	13309	3	1302	4	165	5	5	6	1
550	1	85098	2	13073	3	1627	4	192	5	9	6	1
551	1	85655	2	12682	3	1459	4	188	5	14	6	1	7	1
552	1	86116	2	12239	3	1481	4	154	5	9	6	1
553	1	86269	2	12047	3	1507	4	168	5	9
554	1	86934	2	11395	3	1509	4	150	5	10	6	1	7	1
555	1	86755	2	11413	3	1616	4	197	5	16	6	3
556	1	86790	2	11385	3	1662	4	145	5	17	6	1
557	1	87414	2	10797	3	1624	4	147	5	15	6	3
558	1	87561	2	10573	3	1695	4	151	5	16	6	4
559	1	87835	2	10401	3	1597	4	156	5	8	6	3
560	1	87636	2	10414	3	1780	4	145	5	24	6	1
561	1	88295	2	9941	3	1595	4	154	5	12	6	2	7	1
562	1	88123	2	10031	3	1706	4	128	5	10	6	2
563	1	88292	2	9857	3	1695	4	136	5	19	8	1
564	1	88181	2	9948	3	1706	4	148	5	16	7	1
565	1	88311	2	9710	3	1796	4	165	5	16	6	2
566	1	88624	2	9574	3	1648	4	143	5	11
567	1	88474	2	9670	3	1685	4	149	5	18	6	4
568	1	88226	2	9853	3	1765	4	143	5	9	6	4
569	1	88562	2	9589	3	1680	4	150	5	17	7	2
570	1	88190	2	9728	3	1896	4	163	5	21	6	2
571	1	88070	2	9950	3	1819	4	141	5	17	6	3
572	1	89763	2	8386	3	1705	4	121	5	23	6	2
573	1	89150	2	8991	3	1692	4	154	5	12	6	1
574	1	89818	2	8337	3	1690	4	140	5	15
575	1	88948	2	9075	3	1809	4	146	5	21	6	1
576	1	88374	2	9670	3	1793	4	142	5	21
577	1	89376	2	8757	3	1708	4	137	5	21	6	1
578	1	88918	2	9136	3	1784	4	146	5	16
579	1	88552	2	9474	3	1819	4	135	5	18	6	2
580	1	88765	2	9122	3	1936	4	160	5	17
581	1	88668	2	9299	3	1869	4	151	5	12	7	1
582	1	88431	2	9522	3	1857	4	172	5	17	6	1
583	1	88378	2	9560	3	1853	4	191	5	17	6	1
584	1	87774	2	10112	3	1936	4	163	5	14	6	1
585	1	87592	2	10198	3	2001	4	186	5	20	6	3
586	1	88025	2	9812	3	1965	4	181	5	16	6	1
587	1	87401	2	10433	3	1962	4	178	5	24	6	2
588	1	87068	2	10668	3	2038	4	205	5	16	6	4	7	1
589	1	87713	2	10166	3	1942	4	163	5	15	6	1
590	1	87124	2	10543	3	2112	4	195	5	23	6	3
591	1	87246	2	10477	3	2066	4	195	5	15	6	1
592	1	86405	2	11211	3	2148	4	202	5	33	6	1
593	1	87029	2	10679	3	2110	4	159	5	21	6	1	7	1
594	1	86493	2	11089	3	2178	4	217	5	20	6	3
595	1	86118	2	11532	3	2123	4	192	5	30	6	4	7	1
596	1	86401	2	11224	3	2151	4	206	5	16	6	2
597	1	85650	2	11948	3	2151	4	218	5	28	6	5
598	1	85940	2	11615	3	2212	4	212	5	21
599	1	85559	2	12018	3	2172	4	224	5	23	6	4
600	1	84575	2	12674	3	2433	4	280	5	36	6	2
601	1	84515	2	12823	3	2383	4	242	5	36	6	1
602	1	84092	2	13137	3	2454	4	287	5	27	6	3
603	1	83985	2	13245	3	2481	4	250	5	36	6	3
604	1	83298	2	13727	3	2629	4	310	5	34	6	1	7	1
605	1	83571	2	13710	3	2427	4	260	5	27	6	5
606	1	82803	2	14325	3	2535	4	298	5	32	6	7
607	1	83061	2	13980	3	2637	4	287	5	31	6	4
608	1	81774	2	14979	3	2892	4	317	5	36	6	2
609	1	82658	2	14426	3	2594	4	298	5	24
610	1	82071	2	14716	3	2835	4	341	5	33	6	4
611	1	81533	2	15285	3	2775	4	358	5	45	6	4
612	1	80893	2	15728	3	2977	4	363	5	37	6	2
613	1	81150	2	15532	3	2917	4	351	5	46	6	4
614	1	80375	2	16240	3	3022	4	323	5	35	6	4	7	1
615	1	79722	2	16692	3	3113	4	415	5	51	6	7
616	1	80096	2	16366	3	3088	4	391	5	54	6	5
617	1	80380	2	16082	3	3111	4	376	5	42	6	9
618	1	79967	2	16434	3	3092	4	453	5	45	6	8	7	1
619	1	79132	2	17075	3	3327	4	412	5	46	6	6	7	2
620	1	78362	2	17679	3	3417	4	483	5	54	6	3	7	2
621	1	78748	2	17441	3	3324	4	427	5	56	6	4
622	1	78005	2	17966	3	3513	4	461	5	51	6	3	7	1
623	1	78513	2	17448	3	3506	4	467	5	55	6	9	7	1	8	1
624	1	76624	2	19018	3	3821	4	468	5	64	6	3	7	2
625	1	76809	2	19039	3	3610	4	476	5	52	6	13	7	1
626	1	76111	2	19359	3	3878	4	558	5	84	6	7	7	3
627	1	75662	2	19719	3	3921	4	606	5	89	6	3
628	1	74803	2	20340	3	4169	4	599	5	77	6	9	7	2	9	1
629	1	75234	2	20087	3	4024	4	588	5	62	6	4	7	1
630	1	74359	2	20506	3	4361	4	659	5	95	6	18	7	2
631	1	73618	2	21233	3	4379	4	678	5	82	6	9	7	1
632	1	73150	2	21587	3	4438	4	710	5	99	6	15	7	1
633	1	73147	2	21632	3	4440	4	680	5	82	6	18	7	1
634	1	72725	2	22042	3	4458	4	679	5	85	6	9	7	2
635	1	72137	2	22299	3	4699	4	758	5	97	6	9	7	1
636	1	71620	2	22670	3	4796	4	788	5	101	6	24	7	1
637	1	71293	2	22890	3	4914	4	775	5	119	6	9
638	1	70340	2	23520	3	5155	4	832	5	137	6	15	8	1
639	1	70025	2	23849	3	5152	4	844	5	110	6	18	7	2
640	1	68906	2	24586	3	5347	4	1017	5	123	6	19	7	2
641	1	69353	2	24145	3	5467	4	913	5	106	6	14	7	2
642	1	68656	2	24637	3	5598	4	957	5	134	6	15	7	3
643	1	68168	2	25148	3	5633	4	912	5	120	6	16	7	2	8	1
644	1	66477	2	26129	3	6097	4	1109	5	163	6	21	7	4
645	1	66953	2	25736	3	6085	4	1054	5	143	6	24	7	5
646	1	66347	2	26140	3	6176	4	1138	5	164	6	28	7	6	9	1
647	1	65713	2	26680	3	6310	4	1126	5	144	6	21	7	5	8	1
648	1	63810	2	27769	3	6852	4	1353	5	185	6	26	7	5
649	1	64929	2	27118	3	6565	4	1190	5	174	6	21	7	3
650	1	64111	2	27664	3	6713	4	1284	5	209	6	13	7	6
651	1	63207	2	28057	3	7103	4	1383	5	228	6	21	7	1
652	1	62560	2	28230	3	7536	4	1406	5	229	6	35	7	2	8	2
653	1	62379	2	28675	3	7287	4	1406	5	213	6	32	7	8
654	1	61278	2	29227	3	7628	4	1572	5	259	6	31	7	4	8	1
655	1	60558	2	29363	3	8066	4	1710	5	265	6	28	7	8	8	1	9	1
656	1	59539	2	29911	3	8421	4	1791	5	297	6	37	7	4
657	1	60141	2	29521	3	8288	4	1700	5	296	6	47	7	4	8	2	10	1
658	1	58442	2	30691	3	8737	4	1771	5	307	6	48	7	3	8	1
659	1	58326	2	30449	3	9009	4	1849	5	306	6	58	7	3
660	1	56321	2	31609	3	9554	4	2088	5	359	6	61	7	7	8	1
661	1	56850	2	31473	3	9250	4	2016	5	360	6	46	7	3	8	2
662	1	54952	2	32189	3	10056	4	2327	5	405	6	61	7	6	8	4
663	1	55109	2	32012	3	10157	4	2276	5	365	6	67	7	12	8	2
664	1	52149	2	33318	3	11246	4	2688	5	484	6	90	7	21	8	3	9	1
665	1	52899	2	32933	3	11049	4	2528	5	477	6	95	7	14	8	4	9	1
666	1	50119	2	33697	3	12352	4	3076	5	621	6	114	7	17	8	4
667	1	60112	2	29176	3	8604	4	1778	5	285	6	42	7	3
668	1	57988	2	30521	3	9225	4	1917	5	310	6	32	7	7
669	1	56482	2	30890	3	9933	4	2232	5	375	6	79	7	8	8	1
670	1	56229	2	31159	3	9901	4	2256	5	381	6	61	7	10	8	2	9	1
671	1	55123	2	31559	3	10298	4	2486	5	437	6	84	7	10	8	3
672	1	52978	2	32546	3	11134	4	2753	5	473	6	100	7	13	8	3
673	1	53338	2	32187	3	11071	4	2752	5	540	6	94	7	15	8	2	9	1
674	1	52761	2	32400	3	11382	4	2816	5	536	6	91	7	12	8	2
675	1	51608	2	32881	3	11836	4	2955	5	600	6	100	7	18	8	2
676	1	49992	2	33707	3	12397	4	3140	5	623	6	121	7	18	8	1	9	1
677	1	49841	2	33798	3	12383	4	3251	5	606	6	112	7	6	8	2	9	1
678	1	50598	2	33135	3	12360	4	3127	5	655	6	105	7	16	8	4
679	1	48800	2	33882	3	12945	4	3470	5	730	6	153	7	19	8	1
680	1	46836	2	34628	3	13711	4	3813	5	853	6	136	7	21	8	2
681	1	47588	2	34192	3	13449	4	3794	5	804	6	145	7	24	8	2	9	1	10	1
682	1	47217	2	34115	3	13780	4	3903	5	799	6	152	7	31	8	2	9	1
683	1	45789	2	34757	3	14380	4	3957	5	943	6	140	7	31	8	3
684	1	44718	2	35071	3	14716	4	4245	5	1017	6	189	7	38	8	6
685	1	44688	2	35063	3	14586	4	4420	5	1012	6	200	7	27	8	3	9	1
686	1	44454	2	35160	3	14903	4	4250	5	1001	6	201	7	26	8	4	9	1
687	1	43373	2	35413	3	15286	4	4591	5	1106	6	193	7	34	8	3	9	1
688	1	40796	2	36207	3	16300	4	5115	5	1267	6	249	7	53	8	9	9	3	10	1
689	1	41697	2	35768	3	15968	4	4998	5	1255	6	265	7	41	8	7	9	1
690	1	40989	2	35932	3	16323	4	5123	5	1297	6	279	7	47	8	7	9	2	10	1
691	1	40157	2	36148	3	16587	4	5321	5	1416	6	293	7	64	8	12	9	2
692	1	38891	2	36490	3	17091	4	5683	5	1471	6	311	7	55	8	6	9	2
693	1	38732	2	36144	3	17440	4	5893	5	1410	6	295	7	70	8	10	9	3	10	3
694	1	38728	2	35936	3	17668	4	5854	5	1407	6	334	7	60	8	9	9	3	10	1
695	1	36786	2	36524	3	18292	4	6193	5	1772	6	347	7	72	8	12	9	1	10	1
696	1	36225	2	36215	3	18623	4	6601	5	1837	6	407	7	82	8	7	9	3
697	1	35912	2	36294	3	18886	4	6585	5	1777	6	435	7	93	8	12	9	5	10	1
698	1	35974	2	36507	3	18677	4	6581	5	1748	6	412	7	86	8	12	9	3
699	1	34887	2	36302	3	19427	4	6957	5	1861	6	438	7	102	8	25	9	1
700	1	33313	2	36252	3	20066	4	7482	5	2214	6	523	7	118	8	25	9	7
701	1	33241	2	36341	3	20000	4	7485	5	2242	6	549	7	111	8	23	9	7	10	1
702	1	32872	2	36199	3	20081	4	7823	5	2276	6	599	7	122	8	27	10	1
703	1	32124	2	36211	3	20602	4	8009	5	2282	6	609	7	138	8	19	9	5	10	1
704	1	29550	2	36078	3	21709	4	8997	5	2721	6	734	7	171	8	38	9	2
705	1	30108	2	35879	3	21451	4	8919	5	2733	6	706	7	160	8	33	9	9	10	2
706	1	31216	2	36218	3	20891	4	8278	5	2621	6	626	7	125	8	17	9	6	10	2
707	1	29529	2	35947	3	21818	4	9055	5	2744	6	707	7	162	8	31	9	4	10	2	11	1
708	1	28267	2	35719	3	22307	4	9510	5	3112	6	822	7	210	8	44	9	8	10	1
709	1	27887	2	35660	3	22576	4	9699	5	3107	6	820	7	192	8	47	9	8	10	3	11	1
710	1	27758	2	35517	3	22556	4	9794	5	3221	6	877	7	213	8	59	9	4	10	1
711	1	26428	2	35144	3	23345	4	10376	5	3490	6	933	7	223	8	50	9	3	10	6	11	2
712	1	25736	2	34648	3	23830	4	10675	5	3711	6	1079	7	252	8	55	9	7	10	6	11	1
713	1	25559	2	34916	3	23758	4	10624	5	3794	6	1031	7	255	8	56	9	4	10	2	11	1
714	1	25281	2	34824	3	23827	4	10866	5	3773	6	1092	7	255	8	58	9	18	10	4	11	1	12	1
715	1	24240	2	34532	3	24196	4	11406	5	4060	6	1171	7	304	8	66	9	20	10	5
716	1	22494	2	33851	3	24882	4	12314	5	4561	6	1413	7	370	8	90	9	20	10	4	11	1
717	1	23292	2	33860	3	24822	4	11933	5	4426	6	1244	7	328	8	73	9	19	10	3
718	1	22517	2	33513	3	25070	4	12485	5	4563	6	1326	7	401	8	97	9	23	10	5
719	1	22089	2	33434	3	25340	4	12429	5	4703	6	1524	7	362	8	85	9	31	10	2	11	1
720	1	19778	2	32443	3	25905	4	13879	5	5551	6	1802	7	473	8	124	9	33	10	11	12	1
721	1	20791	2	32639	3	25835	4	13375	5	5118	6	1662	7	434	8	112	9	27	10	6	11	1
722	1	20616	2	32511	3	26036	4	13279	5	5314	6	1653	7	449	8	111	9	24	10	6	12	1
723	1	19312	2	32361	3	26280	4	13850	5	5652	6	1866	7	519	8	122	9	29	10	7	11	1	12	1
724	1	18613	2	31521	3	26347	4	14639	5	5987	6	2078	7	596	8	158	9	49	10	8	11	4
725	1	17757	2	31278	3	26457	4	15113	5	6375	6	2136	7	675	8	165	9	37	10	7
726	1	17468	2	30538	3	26843	4	15371	5	6570	6	2250	7	676	8	220	9	48	10	9	11	7
727	1	16622	2	30241	3	26832	4	15868	5	6962	6	2499	7	765	8	155	9	40	10	11	11	5
728	1	17312	2	30360	3	26829	4	15444	5	6733	6	2344	7	731	8	189	9	46	10	9	11	2	14	1
729	1	17033	2	30286	3	26837	4	15584	5	6811	6	2446	7	730	8	196	9	66	10	10	12	1
730	1	16651	2	30074	3	26745	4	15840	5	7189	6	2511	7	715	8	197	9	65	10	8	11	5
731	1	16069	2	29521	3	26996	4	16334	5	7193	6	2748	7	857	8	221	9	43	10	11	11	4	12	3
732	1	14816	2	28443	3	27077	4	17103	5	8137	6	3063	7	1021	8	263	9	55	10	20	11	2
733	1	15150	2	28644	3	27256	4	17018	5	7754	6	2998	7	871	8	228	9	60	10	17	11	3	12	1
734	1	14194	2	28223	3	27217	4	17391	5	8320	6	3150	7	1072	8	326	9	82	10	20	11	4	12	1
735	1	13643	2	27140	3	27352	4	18076	5	8815	6	3415	7	1124	8	329	9	81	10	17	11	7	12	1
736	1	12528	2	26371	3	27207	4	18694	5	9525	6	3819	7	1338	8	401	9	83	10	27	11	5	12	1	13	1
737	1	13328	2	26937	3	27303	4	18179	5	8937	6	3567	7	1229	8	389	9	103	10	24	11	3	13	1
738	1	12495	2	26167	3	27379	4	18683	5	9459	6	3913	7	1360	8	395	9	116	10	22	11	8	12	2	13	1
739	1	11881	2	25719	3	27635	4	18901	5	9885	6	4010	7	1387	8	443	9	101	10	31	11	4	12	2	13	1
740	1	10824	2	24631	3	27450	4	19627	5	10683	6	4529	7	1565	8	511	9	130	10	36	11	10	12	2	13	1	14	1
741	1	10952	2	24871	3	27399	4	19614	5	10577	6	4357	7	1541	8	508	9	142	10	29	11	9	12	1
742	1	10659	2	24316	3	27126	4	20172	5	10587	6	4765	7	1642	8	534	9	155	10	27	11	13	12	4
743	1	10364	2	23760	3	27276	4	20261	5	10908	6	4914	7	1742	8	559	9	154	10	44	11	13	12	2	13	3
744	1	9703	2	23279	3	26846	4	20461	5	11753	6	5087	7	1954	8	656	9	186	10	56	11	17	12	2
745	1	9187	2	22365	3	27069	4	20661	5	12102	6	5497	7	2055	8	742	9	240	10	65	11	14	12	3
746	1	9074	2	22365	3	26535	4	20890	5	12142	6	5690	7	2278	8	712	9	226	10	60	11	21	12	6	14	1
747	1	8890	2	22101	3	26443	4	21193	5	12368	6	5743	7	2220	8	745	9	226	10	48	11	15	12	5	13	3
748	1	8060	2	20709	3	26538	4	21733	5	12988	6	6198	7	2517	8	869	9	268	10	85	11	24	12	9	13	1	14	1
749	1	7785	2	20714	3	26297	4	21866	5	13238	6	6251	7	2534	8	916	9	277	10	81	11	31	12	7	13	2	14	1
750	1	7797	2	20310	3	26066	4	21641	5	13540	6	6605	7	2685	8	935	9	284	10	81	11	39	12	11	13	5	14	1
751	1	6446	2	18161	3	25241	4	22349	5	14928	6	7773	7	3331	8	1219	9	398	10	122	11	22	12	7	13	3
752	1	6065	2	17390	3	24622	4	22677	5	15325	6	8109	7	3738	8	1415	9	440	10	152	11	44	12	16	13	5	14	1	15	1
753	1	5965	2	17162	3	24781	4	22945	5	15286	6	8211	7	3627	8	1334	9	475	10	157	11	47	12	9	14	1
754	1	5761	2	16769	3	24184	4	22689	5	15643	6	8675	7	3933	8	1556	9	546	10	170	11	63	12	7	13	4
755	1	5401	2	16118	3	24061	4	22982	5	16020	6	8838	7	4165	8	1554	9	607	10	178	11	58	12	11	13	4	14	3
756	1	5047	2	15540	3	23373	4	22911	5	16585	6	9411	7	4332	8	1847	9	643	10	215	11	72	12	19	13	2	14	2	18	1
757	1	5152	2	16126	3	23454	4	23118	5	16433	6	8966	7	4178	8	1683	9	596	10	203	11	66	12	18	13	3	14	2	15	1	17	1
758	1	4603	2	14860	3	22827	4	23028	5	16905	6	9954	7	4788	8	1954	9	748	10	223	11	81	12	18	13	9	14	2
759	1	4635	2	14363	3	22658	4	22764	5	17285	6	10225	7	4893	8	2008	9	759	10	273	11	98	12	25	13	9	14	5
760	1	4354	2	14227	3	21965	4	22641	5	17436	6	10392	7	5291	8	2338	9	907	10	300	11	96	12	34	13	13	14	6
761	1	4221	2	13873	3	21711	4	22992	5	17473	6	10605	7	5400	8	2374	9	897	10	319	11	88	12	28	13	13	14	6
762	1	4253	2	13417	3	21750	4	22874	5	17575	6	10835	7	5504	8	2341	9	949	10	336	11	103	12	42	13	18	14	2	15	1
763	1	3833	2	12775	3	21103	4	22483	5	18035	6	11508	7	5942	8	2651	9	1096	10	374	11	145	12	41	13	10	14	1	15	3
764	1	3637	2	12492	3	20488	4	22449	5	18571	6	11766	7	6063	8	2815	9	1112	10	410	11	135	12	38	13	16	14	6	15	1	16	1
765	1	3654	2	12206	3	20328	4	22736	5	18363	6	11698	7	6253	8	2879	9	1164	10	462	11	170	12	59	13	19	14	5	15	4
766	1	3324	2	11618	3	19785	4	22540	5	18773	6	12236	7	6641	8	3065	9	1299	10	464	11	164	12	61	13	25	14	2	15	2	17	1
767	1	2970	2	11039	3	19234	4	22261	5	19135	6	12666	7	7064	8	3371	9	1455	10	511	11	193	12	64	13	30	14	6	15	1
768	1	2706	2	10136	3	18387	4	21921	5	19157	6	13498	7	7694	8	3755	9	1729	10	678	11	206	12	87	13	25	14	10	15	10	16	1
769	1	2698	2	9902	3	17971	4	21942	5	19638	6	13433	7	7766	8	3858	9	1750	10	696	11	236	12	76	13	15	14	12	15	3	16	2	17	1	19	1
770	1	2902	2	10296	3	18520	4	21739	5	19237	6	13357	7	7498	8	3785	9	1662	10	638	11	240	12	80	13	25	14	15	15	5	16	1
771	1	2636	2	9733	3	17941	4	21792	5	19477	6	13547	7	7999	8	3993	9	1785	10	688	11	279	12	84	13	30	14	10	15	4	17	2
772	1	2550	2	9368	3	17236	4	21499	5	19391	6	14061	7	8352	8	4317	9	2008	10	745	11	297	12	114	13	41	14	17	15	2	16	1	17	1
773	1	2284	2	8636	3	16779	4	21319	5	19778	6	14353	7	8893	8	4506	9	2097	10	834	11	343	12	121	13	39	14	7	15	7	16	4
774	1	2085	2	8268	3	16027	4	20750	5	19948	6	14929	7	9160	8	4983	9	2233	10	993	11	384	12	151	13	59	14	23	15	6	17	1
775	1	1987	2	8082	3	15712	4	20565	5	19848	6	15095	7	9575	8	5106	9	2389	10	1017	11	394	12	132	13	59	14	26	15	8	16	5
776	1	1911	2	7831	3	15431	4	20393	5	19878	6	15377	7	9661	8	5314	9	2525	10	1053	11	412	12	143	13	45	14	14	15	8	16	3	18	1
777	1	1766	2	7299	3	15019	4	20050	5	19834	6	15634	7	10091	8	5553	9	2758	10	1229	11	469	12	177	13	75	14	31	15	11	16	3	17	1
778	1	1747	2	7270	3	14752	4	19996	5	19820	6	15532	7	10262	8	5724	9	2826	10	1226	11	537	12	193	13	62	14	33	15	10	16	5	17	2	18	1	19	1	20	1
779	1	1573	2	6715	3	14181	4	19549	5	19962	6	16036	7	10777	8	5964	9	3006	10	1328	11	568	12	205	13	89	14	24	15	13	16	7	17	2	18	1
780	1	1444	2	6262	3	13147	4	18722	5	19847	6	16639	7	11240	8	6732	9	3360	10	1552	11	653	12	237	13	119	14	31	15	12	17	1	19	2
781	1	1386	2	5915	3	13077	4	18878	5	20125	6	16487	7	11502	8	6708	9	3348	10	1562	11	639	12	227	13	91	14	39	15	11	16	4	17	1
782	1	1201	2	5480	3	12025	4	17996	5	19882	6	17052	7	12078	8	7301	9	3855	10	1845	11	803	12	296	13	115	14	47	15	11	16	9	17	4
783	1	1186	2	5571	3	12261	4	18400	5	19794	6	16934	7	11881	8	7097	9	3789	10	1802	11	778	12	318	13	117	14	46	15	18	16	5	17	3
784	1	999	2	4886	3	11203	4	17179	5	19497	6	17284	7	12892	8	8038	9	4361	10	2078	11	969	12	372	13	153	14	53	15	20	16	7	17	4	18	3	19	2
785	1	1102	2	4828	3	11557	4	17280	5	19340	6	17240	7	12773	8	7937	9	4271	10	2066	11	969	12	394	13	150	14	58	15	22	16	6	17	5	18	2
786	1	849	2	4354	3	10373	4	16396	5	19249	6	17691	7	13451	8	8625	9	4791	10	2325	11	1089	12	479	13	199	14	76	15	35	16	13	17	3	20	2
787	1	903	2	4428	3	10614	4	16449	5	19433	6	17557	7	13222	8	8482	9	4768	10	2303	11	1099	12	446	13	186	14	72	15	26	16	5	17	6	18	1
788	1	810	2	3861	3	9617	4	15763	5	18779	6	17708	7	13947	8	9090	9	5426	10	2730	11	1319	12	561	13	233	14	100	15	30	16	16	17	7	18	2	20	1
789	1	745	2	3938	3	9589	4	15739	5	18777	6	17807	7	14136	8	9088	9	5283	10	2667	11	1307	12	547	13	221	14	91	15	40	16	16	17	7	19	2
790	1	728	2	3614	3	9127	4	14980	5	18571	6	17964	7	14256	8	9476	9	5744	10	3075	11	1446	12	581	13	271	14	103	15	42	16	14	17	4	18	3	19	1
791	1	631	2	3457	3	8728	4	14410	5	18357	6	17697	7	14677	8	10082	9	6052	10	3160	11	1514	12	700	13	314	14	132	15	55	16	20	17	8	18	5	21	1
792	1	612	2	3071	3	7864	4	13679	5	17971	6	18138	7	15004	8	10625	9	6386	10	3585	11	1690	12	786	13	339	14	153	15	58	16	22	17	12	18	2	19	2	21	1
793	1	548	2	2859	3	7630	4	13637	5	17764	6	18110	7	15199	8	10785	9	6609	10	3625	11	1868	12	796	13	330	14	139	15	71	16	15	17	8	18	5	19	2
794	1	456	2	2545	3	7124	4	12690	5	17110	6	18033	7	15529	8	11443	9	7110	10	4115	11	2046	12	1056	13	420	14	189	15	79	16	38	17	10	18	5	19	1	20	1
795	1	471	2	2504	3	7192	4	12573	5	17053	6	17793	7	15643	8	11429	9	7296	10	4137	11	2107	12	1015	13	433	14	207	15	100	16	29	17	10	18	3	19	3	20	1	22	1
796	1	419	2	2244	3	6362	4	11939	5	16516	6	18054	7	15907	8	12016	9	7699	10	4452	11	2356	12	1160	13	516	14	217	15	81	16	34	17	12	18	11	19	3	21	1	24	1
797	1	353	2	2092	3	6062	4	11512	5	16045	6	17724	7	16086	8	12341	9	8177	10	4779	11	2574	12	1231	13	579	14	266	15	106	16	31	17	26	18	8	19	5	20	1	21	1	24	1
798	1	317	2	1858	3	5510	4	11010	5	15427	6	17809	7	16236	8	12612	9	8614	10	5135	11	2865	12	1418	13	664	14	303	15	131	16	60	17	20	18	8	19	3
799	1	305	2	1899	3	5436	4	10876	5	15219	6	17457	7	16262	8	12847	9	8848	10	5228	11	2905	12	1440	13	755	14	300	15	125	16	57	17	28	18	6	19	5	20	2
800	1	771	2	2312	3	5473	4	10389	5	14752	6	17086	7	16375	8	13182	9	8920	10	5287	11	2895	12	1365	13	680	14	283	15	132	16	61	17	29	18	4	19	3	21	1
801	1	1312	2	2775	3	5681	4	10593	5	14890	6	17060	7	15803	8	12641	9	8664	10	5276	11	2881	12	1371	13	597	14	271	15	109	16	53	17	18	18	3	20	2
802	1	1279	2	2754	3	5710	4	10347	5	14718	6	16687	7	16026	8	12512	9	8852	10	5356	11	2969	12	1560	13	684	14	320	15	131	16	50	17	20	18	17	19	3	20	4	21	1
803	1	1130	2	2458	3	5429	4	9752	5	14588	6	16951	7	16098	8	13111	9	9137	10	5513	11	3032	12	1555	13	709	14	314	15	137	16	60	17	15	18	5	19	4	20	1	23	1
804	1	974	2	2427	3	5200	4	9345	5	14032	6	16270	7	16200	8	13478	9	9496	10	6076	11	3356	12	1653	13	820	14	418	15	165	16	45	17	25	18	14	19	6
805	1	825	2	2074	3	4519	4	8538	5	13249	6	16027	7	16197	8	13858	9	10329	10	6738	11	3860	12	1964	13	1022	14	455	15	204	16	92	17	26	18	18	19	2	20	2	21	1
806	1	735	2	2255	3	4833	4	8485	5	13125	6	16026	7	16195	8	13915	9	10228	10	6625	11	3748	12	2033	13	984	14	462	15	189	16	97	17	35	18	19	19	7	20	3	21	1
807	1	662	2	1893	3	4050	4	7988	5	12190	6	15474	7	16359	8	14469	9	10973	10	7190	11	4287	12	2335	13	1162	14	555	15	251	16	101	17	34	18	15	19	5	20	6	25	1
808	1	586	2	1760	3	3966	4	7625	5	12089	6	15206	7	16133	8	14428	9	11148	10	7614	11	4654	12	2470	13	1249	14	604	15	242	16	130	17	49	18	28	19	9	20	7	21	2	24	1
809	1	521	2	1722	3	3819	4	7320	5	11744	6	15187	7	16384	8	14529	9	11499	10	7655	11	4693	12	2493	13	1276	14	649	15	291	16	132	17	48	18	25	19	10	20	2	21	1
810	1	435	2	1496	3	3575	4	6823	5	11292	6	14592	7	16085	8	14910	9	11744	10	8047	11	5211	12	2969	13	1454	14	723	15	357	16	159	17	75	18	36	19	9	20	5	21	2	23	1
811	1	409	2	1300	3	3172	4	6484	5	10532	6	14360	7	15941	8	15026	9	12317	10	8628	11	5470	12	3194	13	1630	14	850	15	374	16	167	17	75	18	39	19	19	20	7	21	5	23	1
812	1	396	2	1320	3	3251	4	6365	5	10454	6	14191	7	15833	8	15137	9	12286	10	8691	11	5626	12	3167	13	1730	14	823	15	411	16	181	17	89	18	25	19	16	20	5	21	3
813	1	284	2	1115	3	2856	4	5628	5	9520	6	13508	7	15652	8	15254	9	12859	10	9380	11	6350	12	3732	13	1987	14	1011	15	464	16	250	17	78	18	36	19	19	20	10	21	3	22	1	23	2	24	1
814	1	234	2	1115	3	2869	4	5772	5	9503	6	13238	7	15394	8	15183	9	12857	10	9557	11	6353	12	3822	13	2077	14	1047	15	545	16	231	17	126	18	48	19	15	20	5	21	6	22	3
815	1	232	2	1001	3	2546	4	5253	5	9026	6	12959	7	15485	8	15255	9	13082	10	9897	11	6651	12	4150	13	2333	14	1155	15	549	16	224	17	114	18	49	19	21	20	10	21	4	22	3	24	1
816	1	202	2	841	3	2278	4	4989	5	8467	6	12355	7	14827	8	15260	9	13509	10	10351	11	7275	12	4439	13	2528	14	1387	15	697	16	304	17	178	18	68	19	22	20	19	21	3	22	1
817	1	175	2	822	3	2176	4	4625	5	8355	6	12119	7	14843	8	15070	9	13668	10	10513	11	7480	12	4766	13	2699	14	1425	15	694	16	322	17	138	18	59	19	32	20	13	21	4	22	1	25	1
818	1	167	2	738	3	2024	4	4509	5	8120	6	11883	7	14761	8	15181	9	13862	10	10817	11	7494	12	4727	13	2825	14	1469	15	759	16	366	17	170	18	72	19	32	20	12	21	3	22	6	23	3
819	1	151	2	623	3	1756	4	3876	5	7069	6	11092	7	14152	8	15301	9	14175	10	11525	11	8316	12	5300	13	3145	14	1814	15	921	16	422	17	200	18	87	19	40	20	20	21	7	22	2	23	2	24	2	25	2
820	1	130	2	594	3	1793	4	3918	5	7178	6	10837	7	13759	8	15203	9	14024	10	11641	11	8477	12	5447	13	3282	14	1811	15	990	16	486	17	237	18	102	19	50	20	23	21	7	22	8	23	1	25	2
821	1	110	2	500	3	1627	4	3647	5	6988	6	10313	7	13662	8	15410	9	14144	10	11755	11	8779	12	5764	13	3487	14	1968	15	992	16	479	17	198	18	96	19	44	20	22	21	10	22	3	23	1	28	1
822	1	105	2	465	3	1452	4	3404	5	6373	6	9988	7	13089	8	14631	9	14362	10	12323	11	9206	12	6384	13	3830	14	2093	15	1193	16	579	17	272	18	150	19	52	20	32	21	11	22	5	23	1
823	1	71	2	373	3	1223	4	2895	5	5704	6	9165	7	12625	8	14692	9	14646	10	12599	11	9858	12	6697	13	4234	14	2619	15	1363	16	640	17	311	18	148	19	83	20	25	21	14	22	8	23	1	24	5	26	1
824	1	81	2	425	3	1303	4	3006	5	5827	6	9331	7	12872	8	14562	9	14526	10	12512	11	9604	12	6541	13	4215	14	2545	15	1341	16	705	17	319	18	150	19	65	20	41	21	15	22	7	23	4	24	1	26	1	28	1
825	1	68	2	335	3	1066	4	2511	5	5245	6	8683	7	11915	8	14266	9	14669	10	12962	11	10301	12	7356	13	4803	14	2813	15	1478	16	809	17	400	18	173	19	81	20	38	21	12	22	13	23	1	24	1	25	1
826	1	65	2	310	3	1063	4	2665	5	5111	6	8489	7	11772	8	14068	9	14311	10	13026	11	10571	12	7500	13	4912	14	2895	15	1617	16	780	17	471	18	195	19	99	20	49	21	14	22	10	23	4	24	2	25	1
827	1	43	2	251	3	896	4	2325	5	4734	6	8153	7	11402	8	13962	9	14642	10	13162	11	10888	12	7772	13	5101	14	3083	15	1744	16	918	17	465	18	237	19	123	20	46	21	22	22	16	23	6	24	4	25	1	26	2	27	1	28	1
828	1	51	2	242	3	846	4	2232	5	4533	6	7550	7	10981	8	13361	9	14424	10	13091	11	11018	12	8430	13	5618	14	3412	15	2038	16	1123	17	518	18	278	19	135	20	66	21	31	22	12	23	4	24	4	25	1	27	1
829	1	42	2	226	3	727	4	1969	5	4058	6	7034	7	10532	8	13474	9	14518	10	13604	11	11395	12	8546	13	5858	14	3681	15	2053	16	1162	17	564	18	292	19	137	20	72	21	25	22	16	23	9	24	4	25	2
830	1	29	2	214	3	693	4	1813	5	3910	6	6807	7	10007	8	12708	9	14103	10	13669	11	11788	12	9002	13	6288	14	3983	15	2362	16	1306	17	657	18	322	19	172	20	92	21	44	22	15	23	7	24	1	25	5	26	3
831	1	25	2	160	3	587	4	1540	5	3461	6	6242	7	9525	8	12621	9	14146	10	13818	11	12105	12	9354	13	6547	14	4245	15	2613	16	1482	17	785	18	374	19	178	20	88	21	61	22	24	23	10	24	7	26	2
832	1	37	2	144	3	505	4	1436	5	3356	6	5993	7	9123	8	11972	9	13802	10	13919	11	12032	12	9717	13	7048	14	4629	15	2843	16	1623	17	901	18	470	19	220	20	117	21	56	22	26	23	18	24	8	25	4	26	1
833	1	21	2	127	3	451	4	1328	5	2979	6	5639	7	8799	8	12085	9	13466	10	13791	11	12418	12	10115	13	7317	14	4843	15	2969	16	1719	17	979	18	498	19	227	20	133	21	52	22	27	23	8	24	8	27	1
834	1	17	2	91	3	397	4	1241	5	2784	6	5190	7	8352	8	11073	9	13482	10	13861	11	12778	12	10376	13	7887	14	5126	15	3239	16	1911	17	1073	18	572	19	280	20	143	21	63	22	30	23	18	24	7	25	1	26	5	27	1	28	2
835	1	11	2	78	3	326	4	1062	5	2478	6	4735	7	7747	8	10842	9	13159	10	13806	11	12928	12	10960	13	8118	14	5582	15	3650	16	2079	17	1158	18	661	19	330	20	159	21	65	22	39	23	14	24	4	25	7	26	2
836	1	6	2	92	3	319	4	988	5	2294	6	4532	7	7372	8	10295	9	12488	10	13811	11	12979	12	11079	13	8587	14	6017	15	3921	16	2395	17	1312	18	770	19	362	20	206	21	103	22	40	23	15	24	13	25	3	26	1
837	1	8	2	68	3	285	4	794	5	2024	6	4109	7	6880	8	9871	9	12364	10	13732	11	13347	12	11443	13	8952	14	6316	15	4185	16	2560	17	1463	18	789	19	395	20	219	21	102	22	37	23	31	24	12	25	9	26	1	27	1	28	1	29	2
838	1	11	2	58	3	234	4	807	5	2051	6	3953	7	6655	8	9560	9	12042	10	13353	11	13206	12	11535	13	9185	14	6672	15	4508	16	2790	17	1594	18	865	19	468	20	244	21	100	22	53	23	26	24	15	25	8	26	2	27	3	28	1	30	1
839	1	3	2	45	3	213	4	730	5	1805	6	3542	7	6471	8	9515	9	11878	10	13392	11	13203	12	11748	13	9350	14	7027	15	4582	16	2863	17	1698	18	933	19	511	20	244	21	147	22	60	23	21	24	10	25	5	26	1	27	2	28	1
840	1	5	2	46	3	202	4	615	5	1540	6	3194	7	5863	8	8621	9	11401	10	13167	11	13264	12	11954	13	9997	14	7433	15	5141	16	3226	17	2016	18	1108	19	590	20	310	21	155	22	82	23	28	24	29	25	4	26	6	27	2	28	1
841	1	2	2	39	3	157	4	534	5	1487	6	3098	7	5545	8	8459	9	11252	10	13017	11	13337	12	12418	13	10040	14	7648	15	5169	16	3375	17	2018	18	1124	19	614	20	357	21	160	22	82	23	41	24	9	25	13	26	4	27	1
842	1	2	2	31	3	127	4	447	5	1241	6	2718	7	5083	8	7578	9	10396	10	12529	11	13235	12	12433	13	10559	14	8114	15	5888	16	3960	17	2468	18	1463	19	831	20	443	21	227	22	109	23	50	24	37	25	15	26	7	27	3	28	3	29	2	32	1
843	1	6	2	24	3	119	4	428	5	1121	6	2669	7	4819	8	7613	9	10346	10	12505	11	13388	12	12599	13	10657	14	8375	15	5906	16	3979	17	2437	18	1355	19	788	20	438	21	223	22	91	23	67	24	25	25	8	26	8	27	3	28	1	30	2
844	1	9	2	31	3	143	4	433	5	1151	6	2450	7	4457	8	7282	9	10013	10	12066	11	13026	12	12531	13	10831	14	8614	15	6410	16	4349	17	2747	18	1626	19	846	20	451	21	259	22	138	23	85	24	29	25	11	26	5	27	2	28	2	29	2	31	1
845	1	2	2	15	3	80	4	332	5	935	6	2178	7	4145	8	6753	9	9461	10	11861	11	13010	12	12730	13	11299	14	8881	15	6922	16	4602	17	2941	18	1697	19	1045	20	534	21	267	22	152	23	68	24	46	25	19	26	10	27	9	28	3	29	3
846	1	2	2	16	3	109	4	311	5	871	6	1970	7	3736	8	6420	9	8950	10	11061	11	12839	12	13070	13	11500	14	9269	15	7189	16	4891	17	3258	18	1994	19	1193	20	644	21	335	22	181	23	86	24	50	25	27	26	16	27	5	28	4	29	2	30	1
847	1	1	2	18	3	69	4	239	5	718	6	1732	7	3390	8	5860	9	8426	10	10909	11	12729	12	12713	13	11874	14	10014	15	7486	16	5367	17	3468	18	2187	19	1266	20	727	21	382	22	210	23	108	24	54	25	21	26	13	27	10	28	3	29	5	30	1
848	2	14	3	69	4	243	5	664	6	1568	7	3185	8	5376	9	7850	10	10296	11	12274	12	12689	13	11967	14	10254	15	7901	16	5811	17	4002	18	2457	19	1523	20	856	21	452	22	251	23	135	24	88	25	37	26	21	27	10	28	3	29	1	30	1	31	1	32	1
849	1	1	2	8	3	53	4	174	5	587	6	1353	7	2750	8	4975	9	7578	10	10169	11	12226	12	12812	13	12237	14	10538	15	8247	16	6018	17	4163	18	2589	19	1596	20	879	21	527	22	232	23	148	24	78	25	32	26	17	27	9	28	1	29	3
850	1	3	2	5	3	66	4	207	5	592	6	1374	7	2678	8	4710	9	7162	10	9812	11	11673	12	12514	13	12354	14	10509	15	8621	16	6425	17	4409	18	2917	19	1733	20	1007	21	572	22	305	23	173	24	88	25	40	26	27	27	12	28	6	29	2	30	2	31	1	33	1
851	1	2	2	3	3	40	4	134	5	482	6	1133	7	2366	8	4388	9	6670	10	9268	11	11540	12	12406	13	12355	14	10984	15	8905	16	6904	17	4798	18	3105	19	1916	20	1155	21	644	22	368	23	198	24	114	25	57	26	27	27	14	28	12	29	5	30	4	31	1	32	1	33	1
852	2	3	3	34	4	130	5	361	6	1002	7	2134	8	3833	9	6181	10	8585	11	10902	12	12512	13	12419	14	11206	15	9411	16	7239	17	5261	18	3575	19	2173	20	1377	21	766	22	407	23	238	24	119	25	62	26	40	27	14	28	6	29	4	30	3	31	1	33	2
853	2	4	3	26	4	97	5	318	6	846	7	1995	8	3715	9	5980	10	8558	11	10773	12	12315	13	12331	14	11379	15	9682	16	7421	17	5362	18	3662	19	2342	20	1367	21	841	22	460	23	263	24	131	25	69	26	29	27	14	28	9	29	3	30	1	31	3	32	3	33	1
854	2	3	3	28	4	101	5	333	6	852	7	1815	8	3395	9	5646	10	7919	11	10327	12	11726	13	12311	14	11620	15	9779	16	7839	17	5788	18	4065	19	2574	20	1706	21	956	22	555	23	303	24	161	25	93	26	49	27	29	28	12	29	4	30	5	31	2	32	3	34	1
855	2	4	3	12	4	57	5	213	6	619	7	1350	8	2852	9	4823	10	7300	11	9831	12	11557	13	12347	14	11842	15	10278	16	8720	17	6481	18	4557	19	2942	20	1858	21	1039	22	574	23	375	24	183	25	83	26	54	27	24	28	11	29	7	30	2	31	3	33	2
856	2	1	3	14	4	70	5	224	6	600	7	1396	8	2681	9	4580	10	6850	11	9212	12	11115	13	12122	14	11931	15	10672	16	8879	17	6717	18	4770	19	3199	20	2029	21	1315	22	725	23	389	24	222	25	124	26	87	27	37	28	19	29	9	30	6	31	2	32	2	35	1
857	3	11	4	52	5	166	6	506	7	1115	8	2288	9	4159	10	6541	11	8918	12	11080	13	11917	14	12188	15	10895	16	9107	17	7158	18	5025	19	3481	20	2234	21	1400	22	761	23	464	24	260	25	139	26	67	27	29	28	18	29	14	30	3	31	1	32	1	33	1	34	1
858	1	19	2	30	3	69	4	138	5	412	6	864	7	1658	8	2916	9	4785	10	6900	11	9290	12	10905	13	11904	14	11772	15	10618	16	8801	17	6575	18	4614	19	3126	20	1967	21	1214	22	648	23	361	24	206	25	100	26	52	27	22	28	18	29	9	30	3	31	1	32	2	36	1
859	1	12	2	27	3	42	4	136	5	291	6	654	7	1340	8	2468	9	4081	10	6185	11	8447	12	10416	13	11618	14	12087	15	10888	16	9329	17	7269	18	5290	19	3695	20	2396	21	1443	22	831	23	491	24	283	25	131	26	65	27	42	28	22	29	6	30	6	31	5	33	3	37	1
860	1	7	2	19	3	50	4	123	5	275	6	677	7	1335	8	2310	9	3930	10	5948	11	8099	12	10220	13	11297	14	11919	15	11029	16	9514	17	7544	18	5551	19	3862	20	2580	21	1648	22	901	23	519	24	295	25	158	26	94	27	49	28	28	29	9	30	5	31	3	32	2
861	1	8	2	13	3	53	4	95	5	195	6	514	7	1046	8	2001	9	3463	10	5403	11	7851	12	9599	13	11150	14	11865	15	11427	16	9989	17	7978	18	6210	19	4189	20	2768	21	1766	22	1071	23	631	24	326	25	178	26	96	27	54	28	29	29	15	30	12	31	2	32	2	34	1
862	1	6	2	22	3	40	4	93	5	245	6	504	7	1012	8	1928	9	3142	10	5034	11	7214	12	9115	13	11016	14	11767	15	11397	16	9963	17	8514	18	6442	19	4548	20	3083	21	2027	22	1239	23	746	24	409	25	230	26	124	27	76	28	31	29	12	30	9	31	6	32	2	33	2	34	1	35	1
863	1	3	2	10	3	30	4	65	5	159	6	350	7	824	8	1521	9	2642	10	4472	11	6534	12	8654	13	10509	14	11500	15	11557	16	10662	17	9078	18	7128	19	5105	20	3544	21	2312	22	1398	23	831	24	505	25	269	26	158	27	93	28	39	29	22	30	9	31	8	32	3	33	5	35	1
864	1	5	2	11	3	32	4	71	5	181	6	357	7	827	8	1514	9	2718	10	4285	11	6276	12	8445	13	10252	14	11204	15	11435	16	10797	17	9057	18	7325	19	5351	20	3703	21	2547	22	1483	23	904	24	597	25	289	26	155	27	93	28	41	29	23	30	7	31	8	32	4	33	1	35	1	37	1
865	1	2	2	10	3	21	4	41	5	112	6	263	7	615	8	1239	9	2308	10	3723	11	5701	12	7972	13	10013	14	11158	15	11654	16	10921	17	9619	18	7766	19	5777	20	4055	21	2765	22	1731	23	1055	24	647	25	399	26	199	27	110	28	63	29	27	30	19	31	8	32	5	33	1	34	1
866	1	2	2	2	3	35	4	60	5	148	6	287	7	643	8	1195	9	2140	10	3478	11	5382	12	7394	13	9319	14	10670	15	11522	16	10948	17	9855	18	8174	19	6248	20	4649	21	3012	22	1989	23	1210	24	725	25	403	26	257	27	118	28	67	29	36	30	17	31	4	32	7	33	3	34	1
867	1	1	2	3	3	12	4	46	5	93	6	206	7	507	8	1031	9	1883	10	3121	11	5082	12	6905	13	9273	14	10623	15	11480	16	11282	17	10118	18	8399	19	6570	20	4789	21	3276	22	2105	23	1366	24	793	25	440	26	250	27	162	28	80	29	49	30	30	31	13	32	6	33	2	34	4
868	1	1	2	6	3	17	4	44	5	83	6	221	7	485	8	973	9	1683	10	3055	11	4682	12	6651	13	8681	14	10153	15	11043	16	11202	17	10084	18	8756	19	6998	20	5361	21	3595	22	2476	23	1560	24	932	25	530	26	323	27	191	28	93	29	66	30	21	31	18	32	6	33	5	34	2	35	2	36	1
869	2	2	3	14	4	24	5	74	6	147	7	347	8	753	9	1463	10	2631	11	4309	12	6129	13	8225	14	10132	15	11199	16	11295	17	10663	18	9030	19	7407	20	5433	21	3876	22	2623	23	1692	24	1053	25	649	26	372	27	222	28	93	29	66	30	35	31	23	32	7	33	7	34	2	35	3
870	2	7	3	6	4	32	5	79	6	194	7	382	8	819	9	1499	10	2547	11	4022	12	5905	13	7961	14	9661	15	10813	16	11155	17	10692	18	9384	19	7527	20	5769	21	4204	22	2744	23	1865	24	1163	25	675	26	393	27	211	28	132	29	61	30	41	31	26	32	17	33	5	34	4	35	2	36	1	37	1	39	1
871	1	2	2	4	3	6	4	15	5	52	6	107	7	304	8	608	9	1196	10	2063	11	3547	12	5347	13	7343	14	9292	15	10719	16	11196	17	10920	18	9675	19	8133	20	6350	21	4538	22	3301	23	2031	24	1361	25	839	26	463	27	271	28	132	29	92	30	46	31	18	32	13	33	9	34	4	36	1	37	2
872	2	3	3	13	4	36	5	73	6	141	7	304	8	649	9	1120	10	1898	11	3261	12	4882	13	6962	14	8595	15	10301	16	11022	17	10809	18	9884	19	8477	20	6739	21	5097	22	3535	23	2405	24	1519	25	954	26	588	27	323	28	168	29	109	30	52	31	34	32	21	33	11	34	7	35	7	36	1
873	3	12	4	12	5	36	6	71	7	205	8	399	9	884	10	1747	11	2978	12	4888	13	6516	14	8606	15	10117	16	10971	17	11059	18	10224	19	8571	20	7075	21	5221	22	3750	23	2526	24	1662	25	1005	26	622	27	367	28	215	29	115	30	59	31	36	32	28	33	12	34	6	35	1	36	1	37	2	38	1
874	2	1	3	8	4	14	5	43	6	97	7	208	8	475	9	885	10	1590	11	2685	12	4133	13	6062	14	7909	15	9504	16	10615	17	11122	18	10311	19	9257	20	7358	21	5759	22	4235	23	2852	24	1875	25	1254	26	731	27	409	28	255	29	148	30	87	31	47	32	33	33	19	34	8	35	8	37	1	38	1	39	1
875	3	8	4	13	5	23	6	56	7	149	8	350	9	664	10	1266	11	2375	12	3798	13	5818	14	7625	15	9437	16	10710	17	10951	18	10539	19	9602	20	7814	21	6004	22	4488	23	3068	24	2055	25	1310	26	828	27	455	28	270	29	156	30	80	31	31	32	22	33	14	34	3	35	10	36	3	37	3	38	1	40	1
876	2	1	3	6	4	15	5	30	6	86	7	190	8	361	9	699	10	1231	11	2182	12	3442	13	5129	14	7067	15	8811	16	10242	17	10809	18	10823	19	9756	20	8148	21	6534	22	4814	23	3445	24	2393	25	1476	26	961	27	575	28	331	29	177	30	123	31	66	32	30	33	18	34	13	35	10	36	2	37	3	38	1
877	1	1	4	6	5	20	6	30	7	95	8	230	9	472	10	942	11	1793	12	2897	13	4599	14	6455	15	8427	16	9750	17	10645	18	11042	19	10043	20	8881	21	7147	22	5267	23	3943	24	2720	25	1832	26	1099	27	683	28	434	29	242	30	132	31	72	32	49	33	27	34	13	35	6	36	1	37	1	38	2	39	1	41	1
878	2	1	3	1	4	12	5	18	6	61	7	122	8	270	9	472	10	948	11	1663	12	2697	13	4161	14	5779	15	7693	16	9315	17	10338	18	10683	19	10170	20	8994	21	7490	22	5953	23	4377	24	3167	25	2134	26	1378	27	849	28	562	29	292	30	196	31	88	32	47	33	26	34	19	35	11	36	5	37	6	38	2
879	3	3	4	3	5	11	6	20	7	79	8	157	9	374	10	812	11	1470	12	2500	13	4035	14	5750	15	7686	16	9262	17	10178	18	10781	19	10256	20	9236	21	7742	22	6118	23	4533	24	3228	25	2152	26	1408	27	925	28	555	29	296	30	183	31	84	32	77	33	30	34	30	35	8	36	10	37	4	38	2	39	2
880	3	3	4	5	5	10	6	47	7	77	8	190	9	391	10	773	11	1310	12	2243	13	3418	14	5207	15	6872	16	8639	17	9831	18	10403	19	10408	20	9578	21	8225	22	6730	23	5081	24	3552	25	2509	26	1741	27	1082	28	683	29	403	30	238	31	150	32	88	33	49	34	30	35	18	36	10	37	3	38	1	39	1	40	1
881	3	2	4	5	5	4	6	23	7	61	8	129	9	251	10	570	11	1091	12	1936	13	3054	14	4698	15	6722	16	8343	17	9525	18	10472	19	10619	20	9843	21	8588	22	7071	23	5368	24	3994	25	2796	26	1807	27	1215	28	701	29	438	30	296	31	168	32	91	33	57	34	29	35	11	36	12	37	3	38	5	39	1	42	1
882	2	1	3	3	4	5	5	19	6	28	7	70	8	169	9	328	10	623	11	1158	12	1915	13	3024	14	4649	15	6385	16	7922	17	9155	18	10460	19	10382	20	9776	21	8758	22	7249	23	5502	24	4113	25	2897	26	2041	27	1342	28	817	29	506	30	275	31	184	32	109	33	68	34	26	35	18	36	10	37	7	39	3	40	1	41	1	44	1
883	4	2	5	3	6	12	7	43	8	85	9	180	10	419	11	849	12	1538	13	2587	14	4091	15	5601	16	7560	17	8995	18	10131	19	10535	20	10194	21	9002	22	7728	23	6227	24	4614	25	3372	26	2272	27	1487	28	970	29	606	30	364	31	214	32	124	33	89	34	48	35	27	36	14	37	5	38	4	39	3	40	2	41	1	46	1	47	1
884	4	11	5	15	6	22	7	74	8	124	9	224	10	418	11	865	12	1432	13	2361	14	3768	15	5305	16	6953	17	8481	18	9813	19	10360	20	10229	21	9334	22	8090	23	6509	24	4980	25	3659	26	2473	27	1701	28	1071	29	704	30	423	31	256	32	148	33	91	34	53	35	17	36	14	37	10	38	3	39	6	40	1	43	1	44	1
885	3	1	5	2	6	6	7	21	8	64	9	117	10	301	11	626	12	1233	13	2100	14	3434	15	4875	16	6589	17	8363	18	9758	19	10166	20	10119	21	9503	22	8313	23	7026	24	5429	25	3911	26	2885	27	1843	28	1220	29	830	30	507	31	281	32	209	33	124	34	70	35	25	36	25	37	9	38	6	39	1	40	6	43	1	44	1
886	3	1	4	2	5	5	6	23	7	38	8	99	9	197	10	357	11	672	12	1143	13	1970	14	3078	15	4503	16	6088	17	7751	18	9186	19	9917	20	10240	21	9804	22	8645	23	7090	24	5776	25	4307	26	3208	27	2129	28	1433	29	944	30	529	31	381	32	184	33	122	34	72	35	45	36	31	37	9	38	6	39	7	40	5	41	2	43	1
887	4	2	5	2	6	4	7	13	8	41	9	86	10	207	11	473	12	890	13	1540	14	2694	15	4134	16	5807	17	7481	18	9030	19	9910	20	10315	21	9931	22	9163	23	7529	24	6082	25	4561	26	3403	27	2346	28	1610	29	1069	30	663	31	413	32	253	33	159	34	81	35	43	36	27	37	19	38	9	39	6	40	1	41	2	48	1
888	4	2	5	6	6	15	7	22	8	72	9	153	10	282	11	501	12	875	13	1423	14	2307	15	3720	16	5105	17	6761	18	8278	19	9402	20	10116	21	9984	22	9127	23	8073	24	6685	25	5158	26	3975	27	2748	28	1846	29	1262	30	839	31	470	32	317	33	197	34	124	35	64	36	41	37	26	38	12	39	7	40	2	41	1	42	2
889	1	1	2	1	4	2	5	1	6	9	7	8	8	42	9	86	10	227	11	407	12	835	13	1452	14	2425	15	3583	16	5275	17	6901	18	8410	19	9564	20	9960	21	9968	22	9346	23	8072	24	6714	25	5100	26	3822	27	2650	28	1793	29	1254	30	832	31	481	32	316	33	201	34	107	35	71	36	35	37	23	38	8	39	9	40	2	41	5	43	2
890	1	1	4	4	5	6	6	14	7	38	8	67	9	153	10	280	11	446	12	803	13	1259	14	2169	15	3257	16	4583	17	6308	18	7716	19	8951	20	9927	21	10153	22	9403	23	8487	24	7048	25	5624	26	4295	27	3106	28	2034	29	1433	30	938	31	610	32	349	33	214	34	133	35	82	36	41	37	24	38	22	39	11	40	4	41	4	42	2	45	1
891	5	2	6	3	7	11	8	30	9	68	10	136	11	299	12	553	13	1010	14	1758	15	2725	16	4115	17	5661	18	7260	19	8676	20	9559	21	9899	22	9768	23	8864	24	7784	25	6272	26	4797	27	3519	28	2571	29	1688	30	1135	31	698	32	458	33	247	34	164	35	108	36	56	37	52	38	22	39	11	40	7	41	8	42	3	43	2	45	1
892	4	6	5	6	6	19	7	32	8	71	9	128	10	232	11	391	12	660	13	1124	14	1760	15	2653	16	3886	17	5391	18	6867	19	8558	20	9384	21	9827	22	9596	23	8995	24	7735	25	6321	26	4893	27	3711	28	2711	29	1874	30	1219	31	721	32	458	33	291	34	190	35	109	36	66	37	44	38	31	39	16	40	12	41	5	42	3	43	4
893	3	2	5	1	6	2	7	13	8	22	9	47	10	99	11	201	12	359	13	682	14	1282	15	2108	16	3247	17	4806	18	6366	19	7786	20	9071	21	9709	22	9989	23	9350	24	8552	25	7168	26	5457	27	4287	28	3162	29	2155	30	1533	31	939	32	628	33	399	34	218	35	161	36	77	37	58	38	28	39	18	40	8	41	4	42	1	43	1	45	3	50	1
894	2	1	3	1	5	3	6	3	7	15	8	40	9	77	10	153	11	252	12	449	13	789	14	1334	15	2095	16	3154	17	4293	18	6045	19	7561	20	8761	21	9471	22	9553	23	9337	24	8587	25	7336	26	5974	27	4459	28	3346	29	2366	30	1601	31	1103	32	676	33	452	34	289	35	180	36	95	37	64	38	40	39	12	40	18	41	5	42	7	44	2	49	1
895	3	1	6	1	7	3	8	20	9	30	10	65	11	140	12	284	13	601	14	1037	15	1810	16	2807	17	4116	18	5675	19	7133	20	8651	21	9481	22	9721	23	9547	24	8602	25	7769	26	6201	27	5068	28	3573	29	2635	30	1810	31	1176	32	799	33	495	34	268	35	202	36	114	37	78	38	37	39	20	40	8	41	12	42	6	43	2	44	1	47	1
896	4	3	5	2	6	10	7	19	8	28	9	73	10	98	11	193	12	314	13	535	14	1005	15	1471	16	2406	17	3442	18	5040	19	6440	20	7841	21	8895	22	9676	23	9737	24	8963	25	8072	26	6820	27	5421	28	4138	29	3052	30	2208	31	1496	32	943	33	602	34	406	35	261	36	150	37	102	38	60	39	36	40	14	41	6	42	10	43	4	44	4	46	1	47	1	50	1	51	1
897	4	2	6	4	7	2	8	9	9	27	10	51	11	102	12	201	13	440	14	768	15	1289	16	2084	17	3339	18	4724	19	6175	20	7749	21	8699	22	9627	23	9755	24	9088	25	8317	26	7157	27	5779	28	4514	29	3275	30	2276	31	1608	32	1039	33	752	34	419	35	292	36	158	37	123	38	82	39	28	40	19	41	12	42	8	43	3	44	1	45	1	47	1	48	1
898	5	1	6	6	7	7	8	22	9	36	10	93	11	148	12	262	13	446	14	752	15	1297	16	1972	17	2962	18	4230	19	5614	20	7069	21	8310	22	9380	23	9577	24	9382	25	8515	26	7454	27	6128	28	4761	29	3681	30	2605	31	1907	32	1225	33	807	34	493	35	353	36	209	37	113	38	78	39	43	40	27	41	14	42	11	43	3	44	2	45	2	46	2	50	1
899	6	1	7	1	8	2	9	11	10	23	11	71	12	111	13	252	14	504	15	921	16	1564	17	2585	18	3773	19	5186	20	6622	21	8089	22	9025	23	9661	24	9654	25	9020	26	7982	27	6524	28	5296	29	4024	30	2968	31	2066	32	1454	33	886	34	659	35	395	36	277	37	165	38	98	39	49	40	39	41	19	42	12	43	3	44	1	45	3	46	1	47	1	48	1	49	1
900	3	2	4	2	5	4	6	1	7	16	8	23	9	40	10	72	11	135	12	222	13	367	14	574	15	1052	16	1594	17	2376	18	3556	19	4971	20	6241	21	7581	22	8764	23	9088	24	9538	25	8809	26	8050	27	6874	28	5564	29	4302	30	3313	31	2238	32	1532	33	1124	34	742	35	495	36	299	37	170	38	112	39	55	40	44	41	23	42	17	43	5	44	6	45	5	49	1	51	1
901	5	1	6	1	7	2	9	6	10	18	11	43	12	78	13	167	14	374	15	700	16	1201	17	1957	18	2986	19	4364	20	5808	21	7026	22	8354	23	9274	24	9476	25	9159	26	8409	27	7497	28	6211	29	4871	30	3674	31	2699	32	1912	33	1327	34	891	35	560	36	353	37	255	38	126	39	83	40	58	41	34	42	20	43	14	44	5	45	4	47	1	53	1
902	3	1	4	1	5	2	6	1	7	7	8	9	9	22	10	55	11	78	12	186	13	226	14	395	15	656	16	1043	17	1718	18	2542	19	3782	20	5185	21	6449	22	7909	23	8838	24	9357	25	9359	26	8810	27	7811	28	6522	29	5262	30	4062	31	3072	32	2217	33	1525	34	1070	35	659	36	445	37	280	38	155	39	121	40	57	41	49	42	31	43	13	44	6	45	5	46	5	47	1	49	1
903	8	1	9	7	10	10	11	26	12	61	13	120	14	236	15	516	16	896	17	1527	18	2450	19	3498	20	4862	21	6359	22	7791	23	8629	24	9454	25	9440	26	8897	27	8028	28	6879	29	5671	30	4328	31	3330	32	2321	33	1584	34	1118	35	709	36	448	37	315	38	182	39	124	40	70	41	37	42	26	43	27	44	10	45	4	46	5	47	2	48	2
904	6	1	7	9	8	14	9	31	10	43	11	82	12	134	13	196	14	326	15	556	16	911	17	1377	18	2175	19	3275	20	4592	21	5827	22	7014	23	8207	24	9145	25	9069	26	9009	27	8131	28	7218	29	5985	30	4753	31	3661	32	2615	33	1904	34	1315	35	879	36	556	37	363	38	231	39	137	40	114	41	65	42	36	43	16	44	14	45	5	46	4	47	2	48	1	50	1	52	1
905	8	1	9	3	10	6	11	16	12	28	13	58	14	138	15	316	16	589	17	1062	18	1829	19	2748	20	3882	21	5354	22	6882	23	7883	24	8753	25	9250	26	9406	27	8518	28	7712	29	6503	30	5392	31	4087	32	2932	33	2218	34	1466	35	1027	36	694	37	462	38	276	39	207	40	114	41	70	42	47	43	23	44	18	45	14	46	6	47	5	48	1	49	2	50	2
906	5	1	6	1	7	3	8	9	9	15	10	32	11	62	12	105	13	168	14	242	15	431	16	631	17	1031	18	1569	19	2457	20	3498	21	4774	22	6100	23	7552	24	8413	25	9107	26	9214	27	8836	28	7945	29	6712	30	5690	31	4351	32	3407	33	2383	34	1717	35	1207	36	826	37	570	38	355	39	234	40	143	41	93	42	47	43	36	44	13	45	7	46	4	47	2	48	2	49	1	50	2	51	1	54	1
907	8	1	10	5	11	13	12	23	13	49	14	98	15	212	16	457	17	728	18	1341	19	2093	20	3050	21	4457	22	5678	23	7232	24	8149	25	9071	26	9146	27	8946	28	8277	29	7253	30	6086	31	4811	32	3767	33	2878	34	2037	35	1414	36	942	37	655	38	414	39	264	40	191	41	86	42	75	43	40	44	20	45	20	46	6	47	7	48	4	49	2	50	1	51	1
908	7	3	8	6	9	14	10	19	11	47	12	67	13	116	14	166	15	301	16	431	17	666	18	1077	19	1771	20	2685	21	3703	22	5043	23	6413	24	7617	25	8593	26	8994	27	8985	28	8656	29	7719	30	6691	31	5438	32	4207	33	3237	34	2379	35	1610	36	1151	37	811	38	502	39	339	40	219	41	144	42	57	43	46	44	24	45	19	46	18	47	8	48	2	49	2	50	1	51	1	52	1	53	1
909	11	7	12	12	13	26	14	59	15	138	16	298	17	561	18	947	19	1506	20	2359	21	3533	22	4703	23	5822	24	7321	25	8441	26	8912	27	9052	28	8647	29	7982	30	7001	31	5867	32	4578	33	3556	34	2707	35	2002	36	1356	37	918	38	620	39	396	40	252	41	151	42	98	43	64	44	40	45	20	46	23	47	10	48	5	49	6	50	2	51	1	53	1
910	8	6	9	11	10	21	11	41	12	71	13	133	14	172	15	294	16	381	17	678	18	1079	19	1546	20	2288	21	3298	22	4652	23	5831	24	7063	25	7940	26	8497	27	8785	28	8710	29	7942	30	6915	31	5876	32	4912	33	3720	34	2740	35	2123	36	1412	37	955	38	642	39	486	40	289	41	166	42	121	43	65	44	54	45	30	46	21	47	14	48	6	49	6	50	3	51	4	59	1
911	11	4	12	13	13	31	14	48	15	132	16	266	17	494	18	806	19	1299	20	2124	21	3105	22	4302	23	5788	24	6883	25	8070	26	8860	27	8969	28	8659	29	8115	30	7209	31	6095	32	5045	33	4001	34	2929	35	2176	36	1503	37	1069	38	687	39	437	40	338	41	220	42	114	43	89	44	51	45	24	46	14	47	17	48	6	49	4	50	3	51	1
912	5	2	6	1	7	3	8	7	9	15	10	35	11	28	12	65	13	87	14	111	15	194	16	320	17	475	18	688	19	1083	20	1716	21	2501	22	3589	23	4780	24	6061	25	7261	26	8176	27	8761	28	8711	29	8580	30	7744	31	6764	32	5703	33	4496	34	3581	35	2593	36	1920	37	1321	38	956	39	551	40	410	41	265	42	156	43	117	44	77	45	38	46	23	47	14	48	7	49	9	50	1	51	2	52	1	53	1
913	8	1	11	5	12	4	13	16	14	29	15	74	16	126	17	293	18	554	19	890	20	1461	21	2190	22	3172	23	4407	24	5782	25	6880	26	7897	27	8617	28	8819	29	8794	30	8213	31	7056	32	6179	33	5020	34	3873	35	2908	36	2144	37	1543	38	1018	39	714	40	451	41	308	42	200	43	127	44	100	45	49	46	28	47	23	48	10	49	11	50	5	51	4	52	1	53	1	54	1	55	1	56	1
914	7	1	8	2	9	9	10	18	11	28	12	35	13	93	14	126	15	173	16	260	17	412	18	539	19	884	20	1315	21	2040	22	2885	23	4097	24	5258	25	6463	26	7635	27	8390	28	8821	29	8574	30	8219	31	7415	32	6252	33	5227	34	4143	35	3100	36	2296	37	1615	38	1181	39	855	40	574	41	361	42	268	43	163	44	106	45	65	46	44	47	23	48	13	49	6	50	9	51	3	52	1	53	2	58	1
915	7	1	12	4	13	15	14	16	15	53	16	110	17	182	18	363	19	630	20	1068	21	1762	22	2643	23	3759	24	4877	25	6113	26	7188	27	8229	28	8690	29	8770	30	8589	31	7790	32	6739	33	5693	34	4554	35	3503	36	2657	37	1944	38	1289	39	963	40	653	41	401	42	272	43	179	44	117	45	75	46	41	47	25	48	19	49	13	50	2	51	4	52	2	53	1	54	1	56	1
916	6	3	7	2	8	3	9	5	10	10	11	24	12	38	13	54	14	96	15	143	16	189	17	265	18	463	19	638	20	1022	21	1560	22	2309	23	3235	24	4385	25	5462	26	6703	27	7668	28	8377	29	8728	30	8545	31	7943	32	7133	33	6052	34	4815	35	3899	36	2980	37	2241	38	1596	39	1117	40	759	41	539	42	363	43	226	44	159	45	99	46	57	47	38	48	22	49	14	50	7	51	5	52	6	53	1	54	1	56	1
917	12	2	13	5	14	9	15	33	16	57	17	146	18	232	19	428	20	746	21	1268	22	1993	23	2773	24	3985	25	5208	26	6408	27	7297	28	8248	29	8755	30	8650	31	8403	32	7506	33	6606	34	5407	35	4285	36	3322	37	2511	38	1753	39	1355	40	880	41	604	42	401	43	276	44	184	45	90	46	58	47	33	48	34	49	24	50	11	51	7	52	3	53	2	56	1	57	1
918	8	1	9	4	10	5	11	18	12	22	13	50	14	66	15	97	16	155	17	177	18	286	19	449	20	662	21	1032	22	1600	23	2407	24	3285	25	4497	26	5672	27	6926	28	7758	29	8458	30	8629	31	8420	32	7874	33	6920	34	5906	35	4832	36	3794	37	2902	38	2221	39	1601	40	1096	41	713	42	520	43	324	44	234	45	144	46	96	47	52	48	37	49	10	50	16	51	11	52	9	53	5	54	1	55	2	56	1	58	1	59	1	60	1
919	11	1	12	3	13	2	14	4	15	22	16	35	17	65	18	153	19	284	20	520	21	867	22	1396	23	2161	24	3113	25	4292	26	5397	27	6629	28	7460	29	8336	30	8666	31	8704	32	7915	33	7235	34	6316	35	5188	36	4308	37	3115	38	2396	39	1697	40	1214	41	830	42	579	43	368	44	244	45	184	46	107	47	74	48	44	49	24	50	17	51	18	52	5	53	5	54	3	55	2	56	2
920	6	1	7	3	8	3	9	6	10	7	11	13	12	28	13	46	14	64	15	101	16	130	17	187	18	256	19	340	20	487	21	848	22	1209	23	1895	24	2634	25	3748	26	4860	27	6116	28	7180	29	7811	30	8211	31	8563	32	8061	33	7495	34	6594	35	5578	36	4485	37	3659	38	2774	39	2094	40	1448	41	987	42	720	43	473	44	306	45	209	46	127	47	85	48	57	49	36	50	29	51	15	52	8	53	3	54	2	55	5	56	1	58	1	59	1
921	10	1	13	1	14	1	15	5	16	11	17	38	18	74	19	171	20	313	21	581	22	967	23	1565	24	2321	25	3239	26	4269	27	5489	28	6734	29	7753	30	8165	31	8550	32	8598	33	7847	34	7075	35	6201	36	5021	37	4103	38	3127	39	2363	40	1677	41	1251	42	832	43	586	44	366	45	252	46	169	47	120	48	49	49	45	50	26	51	19	52	7	53	3	54	6	55	1	56	3	57	3	60	1	63	1
922	7	1	9	4	10	2	11	7	12	13	13	24	14	55	15	88	16	111	17	133	18	178	19	238	20	349	21	569	22	850	23	1250	24	1861	25	2692	26	3735	27	4968	28	6081	29	7211	30	7924	31	8480	32	8455	33	8118	34	7362	35	6463	36	5455	37	4492	38	3530	39	2663	40	2094	41	1479	42	1000	43	698	44	456	45	327	46	197	47	127	48	109	49	55	50	38	51	23	52	11	53	6	54	9	55	4	56	3	57	1	58	1
923	14	1	15	4	16	10	17	17	18	53	19	106	20	231	21	368	22	689	23	1132	24	1713	25	2543	26	3422	27	4626	28	5794	29	6864	30	7754	31	8166	32	8355	33	8394	34	7731	35	6824	36	5780	37	4849	38	3916	39	3062	40	2233	41	1646	42	1231	43	817	44	590	45	339	46	262	47	178	48	108	49	74	50	39	51	29	52	16	53	8	54	15	55	7	56	1	57	2	63	1
924	7	1	8	4	9	1	10	3	11	7	12	13	13	29	14	53	15	64	16	103	17	123	18	180	19	206	20	330	21	459	22	703	23	1195	24	1585	25	2346	26	3260	27	4439	28	5521	29	6567	30	7651	31	8137	32	8327	33	8222	34	7676	35	6972	36	6004	37	5002	38	3969	39	3107	40	2274	41	1731	42	1238	43	798	44	570	45	371	46	274	47	163	48	126	49	62	50	45	51	39	52	21	53	13	54	6	55	5	56	1	58	1	59	1	60	1	61	1
925	14	1	15	7	16	4	17	16	18	40	19	89	20	157	21	287	22	455	23	793	24	1353	25	2067	26	2833	27	3845	28	4971	29	6295	30	7040	31	7864	32	8305	33	8362	34	8093	35	7421	36	6423	37	5553	38	4475	39	3691	40	2790	41	2042	42	1508	43	1012	44	708	45	507	46	330	47	213	48	141	49	116	50	67	51	48	52	29	53	23	54	15	55	3	56	3	57	2	58	1	59	1	60	1
926	9	1	10	1	11	6	12	12	13	29	14	43	15	57	16	64	17	116	18	158	19	191	20	194	21	307	22	420	23	608	24	1004	25	1558	26	2331	27	3180	28	4119	29	5329	30	6494	31	7457	32	8124	33	8243	34	8312	35	7711	36	7037	37	6057	38	5189	39	4088	40	3185	41	2459	42	1781	43	1277	44	948	45	613	46	467	47	293	48	195	49	112	50	78	51	58	52	32	53	17	54	19	55	10	56	5	57	4	58	1	59	2	60	2	61	2
927	16	2	17	6	18	26	19	45	20	94	21	183	22	313	23	558	24	890	25	1465	26	2136	27	2941	28	3995	29	5171	30	6252	31	7290	32	8005	33	8488	34	8419	35	7835	36	7176	37	6307	38	5422	39	4397	40	3353	41	2628	42	1869	43	1459	44	1090	45	726	46	504	47	349	48	210	49	129	50	105	51	51	52	39	53	26	54	17	55	7	56	6	57	3	58	3	59	2	60	3	61	1	62	1	63	1	65	1	66	1
928	5	2	8	1	9	2	10	2	11	5	12	8	13	19	14	33	15	53	16	51	17	84	18	115	19	164	20	196	21	238	22	333	23	514	24	746	25	1133	26	1647	27	2506	28	3296	29	4341	30	5454	31	6539	32	7420	33	7924	34	8217	35	7985	36	7702	37	7080	38	5900	39	4947	40	4049	41	3074	42	2339	43	1729	44	1296	45	861	46	637	47	477	48	311	49	222	50	137	51	78	52	51	53	33	54	18	55	17	56	4	57	4	58	3	59	1	60	1	61	1
929	15	2	16	3	17	2	18	8	19	29	20	57	21	97	22	187	23	350	24	628	25	972	26	1491	27	2296	28	3147	29	4072	30	5234	31	6429	32	7267	33	7965	34	8237	35	8234	36	7780	37	7135	38	6173	39	5247	40	4507	41	3426	42	2474	43	2010	44	1383	45	1006	46	726	47	463	48	324	49	233	50	145	51	78	52	67	53	37	54	28	55	16	56	12	57	8	58	4	59	3	60	3	61	3	62	1	65	1
930	12	1	13	6	14	21	15	30	16	51	17	64	18	113	19	103	20	158	21	204	22	240	23	356	24	545	25	818	26	1172	27	1803	28	2608	29	3510	30	4579	31	5683	32	6660	33	7542	34	8044	35	8175	36	7983	37	7481	38	6670	39	5820	40	4897	41	3787	42	3091	43	2270	44	1682	45	1163	46	861	47	569	48	403	49	289	50	217	51	116	52	72	53	46	54	34	55	23	56	15	57	10	58	5	59	2	60	3	61	1	62	1	64	2	65	1
931	15	1	17	1	18	5	19	10	20	26	21	43	22	110	23	212	24	345	25	606	26	1020	27	1634	28	2240	29	3101	30	4170	31	5321	32	6212	33	7215	34	7944	35	8271	36	8052	37	7711	38	7025	39	6225	40	5227	41	4404	42	3490	43	2645	44	1989	45	1498	46	956	47	749	48	513	49	337	50	250	51	160	52	98	53	64	54	44	55	35	56	19	57	10	58	3	59	3	60	4	61	1	64	1
932	7	2	9	2	10	3	11	3	12	7	13	11	14	16	15	27	16	49	17	58	18	90	19	117	20	121	21	154	22	197	23	253	24	351	25	564	26	862	27	1276	28	1791	29	2618	30	3689	31	4689	32	5720	33	6730	34	7368	35	7858	36	7953	37	7898	38	7372	39	6555	40	5710	41	4785	42	3821	43	3039	44	2391	45	1746	46	1275	47	877	48	634	49	458	50	288	51	205	52	137	53	79	54	56	55	34	56	22	57	16	58	10	59	5	60	2	61	1	62	4	64	1
933	16	2	18	2	19	5	20	10	21	34	22	60	23	124	24	228	25	401	26	670	27	1031	28	1669	29	2330	30	3358	31	4245	32	5354	33	6248	34	7114	35	7612	36	7977	37	8120	38	7541	39	7083	40	6132	41	5239	42	4396	43	3442	44	2767	45	2011	46	1471	47	954	48	762	49	535	50	356	51	237	52	175	53	114	54	71	55	45	56	24	57	17	58	13	59	9	60	4	61	4	62	2	63	2
934	8	1	11	1	12	1	13	10	14	10	15	23	16	27	17	56	18	82	19	88	20	139	21	160	22	141	23	215	24	282	25	414	26	635	27	961	28	1410	29	2046	30	2956	31	3845	32	4989	33	5945	34	6939	35	7741	36	8002	37	7895	38	7660	39	7183	40	6480	41	5482	42	4509	43	3492	44	2734	45	2095	46	1558	47	1175	48	820	49	557	50	415	51	294	52	182	53	131	54	75	55	47	56	30	57	28	58	17	59	7	60	6	61	3	62	3	64	1	68	1	73	1
935	16	1	17	3	18	3	19	5	20	11	21	20	22	44	23	88	24	134	25	296	26	474	27	787	28	1189	29	1728	30	2475	31	3391	32	4347	33	5327	34	6391	35	7233	36	7768	37	7993	38	7913	39	7477	40	6976	41	6057	42	5022	43	4188	44	3415	45	2559	46	1902	47	1431	48	1025	49	745	50	521	51	341	52	237	53	170	54	91	55	86	56	35	57	35	58	23	59	13	60	9	61	8	62	3	63	5	64	1	65	1	67	3
936	7	2	8	2	9	3	10	3	11	5	12	4	13	5	14	6	15	14	16	38	17	54	18	57	19	81	20	133	21	136	22	134	23	189	24	251	25	282	26	457	27	720	28	1065	29	1532	30	2288	31	3177	32	3970	33	5042	34	6039	35	6934	36	7636	37	7970	38	7767	39	7530	40	7060	41	6134	42	5391	43	4297	44	3502	45	2756	46	2020	47	1608	48	1116	49	803	50	579	51	406	52	268	53	189	54	107	55	83	56	58	57	30	58	24	59	16	60	9	61	4	62	6	63	2	64	1	65	1	66	1	67	1	69	2
937	19	1	20	1	21	8	22	29	23	37	24	93	25	174	26	271	27	479	28	814	29	1249	30	1812	31	2580	32	3479	33	4441	34	5489	35	6566	36	7270	37	7848	38	8104	39	7936	40	7448	41	6653	42	5973	43	5033	44	4000	45	3211	46	2501	47	1898	48	1415	49	939	50	729	51	497	52	343	53	224	54	141	55	117	56	62	57	48	58	31	59	21	60	10	61	9	62	7	63	5	64	1	65	1	66	1	68	1
938	12	2	13	4	14	7	15	6	16	19	17	40	18	54	19	63	20	93	21	126	22	137	23	149	24	152	25	199	26	257	27	432	28	620	29	990	30	1368	31	2030	32	2931	33	3855	34	4866	35	5893	36	6724	37	7452	38	7968	39	7691	40	7810	41	6966	42	6295	43	5474	44	4552	45	3696	46	2986	47	2257	48	1739	49	1215	50	887	51	655	52	423	53	313	54	192	55	144	56	93	57	63	58	45	59	12	60	20	61	15	62	7	63	5	64	3	66	4	67	1
939	13	1	17	2	18	1	19	2	20	3	21	7	22	12	23	19	24	63	25	98	26	193	27	350	28	495	29	882	30	1268	31	1907	32	2605	33	3548	34	4508	35	5671	36	6564	37	7363	38	7543	39	8080	40	7716	41	7510	42	6573	43	5811	44	4846	45	4065	46	3242	47	2437	48	1890	49	1420	50	1024	51	726	52	489	53	333	54	265	55	152	56	109	57	65	58	52	59	34	60	15	61	16	62	6	63	8	64	4	65	4	66	3
940	10	2	11	3	12	1	13	2	14	7	15	11	16	18	17	32	18	44	19	58	20	77	21	120	22	122	23	129	24	114	25	158	26	216	27	317	28	424	29	682	30	1014	31	1509	32	2209	33	2894	34	3965	35	4839	36	5796	37	6718	38	7272	39	7767	40	7797	41	7487	42	6961	43	6338	44	5429	45	4618	46	3668	47	3010	48	2339	49	1653	50	1243	51	892	52	618	53	444	54	300	55	195	56	182	57	117	58	62	59	36	60	30	61	24	62	18	63	5	64	8	65	1	66	3	67	2
941	22	8	23	8	24	28	25	49	26	94	27	176	28	312	29	506	30	787	31	1257	32	1900	33	2553	34	3378	35	4323	36	5474	37	6261	38	7169	39	7597	40	7761	41	7674	42	7513	43	6686	44	5980	45	5020	46	4247	47	3379	48	2619	49	2090	50	1482	51	1151	52	766	53	547	54	385	55	273	56	183	57	113	58	88	59	55	60	36	61	26	62	12	63	12	64	10	65	5	66	3	68	3	69	1
942	14	1	15	3	16	15	17	17	18	33	19	60	20	85	21	100	22	92	23	113	24	149	25	142	26	156	27	201	28	271	29	394	30	638	31	997	32	1498	33	2229	34	2957	35	3909	36	5001	37	5679	38	6959	39	7320	40	7929	41	7625	42	7510	43	6899	44	6352	45	5494	46	4537	47	3592	48	2909	49	2267	50	1636	51	1250	52	911	53	629	54	493	55	313	56	237	57	145	58	83	59	52	60	48	61	25	62	16	63	12	64	5	65	6	66	3	67	2	68	1
943	19	1	21	3	22	2	23	7	24	13	25	30	26	68	27	115	28	191	29	288	30	502	31	850	32	1267	33	1953	34	2553	35	3385	36	4464	37	5389	38	6291	39	7207	40	7476	41	7910	42	7695	43	7282	44	6641	45	6062	46	5039	47	4155	48	3372	49	2596	50	1989	51	1563	52	1096	53	774	54	540	55	395	56	257	57	180	58	130	59	94	60	51	61	44	62	37	63	15	64	9	65	4	66	3	67	4	68	5	69	2	70	1
944	6	1	7	1	9	1	11	3	12	1	13	1	14	5	15	6	16	10	17	15	18	33	19	33	20	57	21	67	22	100	23	102	24	138	25	120	26	143	27	166	28	210	29	310	30	461	31	729	32	1041	33	1497	34	2082	35	2834	36	3824	37	4660	38	5747	39	6555	40	7328	41	7590	42	7495	43	7527	44	6872	45	6428	46	5452	47	4593	48	3826	49	3131	50	2359	51	1801	52	1340	53	989	54	672	55	501	56	361	57	256	58	171	59	104	60	68	61	70	62	44	63	24	64	16	65	11	66	5	67	6	68	4	69	2	70	1
945	20	1	21	1	22	3	23	3	24	8	25	15	26	23	27	47	28	107	29	187	30	321	31	545	32	882	33	1304	34	1869	35	2712	36	3428	37	4556	38	5391	39	6183	40	6918	41	7279	42	7806	43	7623	44	7267	45	6651	46	5871	47	5067	48	4268	49	3398	50	2655	51	2045	52	1577	53	1158	54	858	55	594	56	416	57	295	58	227	59	145	60	101	61	70	62	44	63	29	64	22	65	16	66	4	67	4	68	2	69	1	70	2	71	1
946	13	1	15	2	16	8	17	13	18	17	19	43	20	52	21	79	22	83	23	109	24	139	25	138	26	135	27	128	28	159	29	193	30	260	31	416	32	619	33	989	34	1388	35	2015	36	2907	37	3740	38	4654	39	5730	40	6492	41	7098	42	7521	43	7749	44	7464	45	7034	46	6290	47	5643	48	4566	49	3835	50	3156	51	2393	52	1848	53	1362	54	1062	55	767	56	548	57	336	58	246	59	177	60	140	61	91	62	55	63	40	64	24	65	20	66	11	67	3	68	6	69	3	71	1	72	1	77	1
947	24	4	25	10	26	18	27	28	28	66	29	105	30	225	31	352	32	582	33	835	34	1247	35	1902	36	2610	37	3491	38	4317	39	5155	40	6302	41	6966	42	7296	43	7571	44	7555	45	7319	46	6781	47	5879	48	5186	49	4208	50	3450	51	2727	52	2115	53	1671	54	1226	55	870	56	606	57	402	58	289	59	218	60	127	61	99	62	59	63	30	64	36	65	21	66	13	67	16	68	6	69	4	70	2	71	1	72	1	74	1
948	9	1	10	1	12	1	13	3	15	1	16	3	17	12	18	17	19	32	20	40	21	65	22	80	23	103	24	114	25	121	26	100	27	129	28	138	29	183	30	199	31	309	32	456	33	730	34	1138	35	1661	36	2341	37	3020	38	3828	39	4897	40	5911	41	6466	42	7274	43	7583	44	7517	45	7298	46	6777	47	6206	48	5308	49	4499	50	3725	51	3054	52	2293	53	1741	54	1347	55	978	56	694	57	527	58	336	59	222	60	196	61	106	62	88	63	49	64	31	65	16	66	12	67	11	68	4	69	3	70	2	71	1	72	1	73	1
949	23	1	24	1	25	2	26	2	27	12	28	32	29	61	30	96	31	206	32	293	33	448	34	838	35	1226	36	1770	37	2523	38	3233	39	4036	40	5132	41	6024	42	6708	43	7368	44	7550	45	7690	46	7135	47	6948	48	6103	49	5235	50	4589	51	3541	52	2875	53	2210	54	1689	55	1270	56	884	57	687	58	472	59	353	60	247	61	173	62	115	63	68	64	54	65	36	66	16	67	17	68	10	69	7	70	2	72	1	73	5	75	1	76	1	78	3	79	1
950	14	1	16	4	17	8	18	20	19	26	20	22	21	60	22	55	23	100	24	111	25	125	26	121	27	109	28	111	29	121	30	144	31	169	32	251	33	404	34	608	35	972	36	1397	37	1950	38	2770	39	3720	40	4568	41	5484	42	6480	43	7143	44	7574	45	7715	46	7241	47	7027	48	6363	49	5566	50	4750	51	3913	52	3152	53	2557	54	1879	55	1442	56	1120	57	811	58	558	59	402	60	267	61	189	62	144	63	96	64	41	65	51	66	37	67	21	68	12	69	7	70	5	71	1	72	1	73	2	74	1	75	1
951	23	1	25	1	26	9	27	8	28	25	29	38	30	58	31	112	32	180	33	345	34	548	35	758	36	1233	37	1795	38	2420	39	3342	40	4095	41	5033	42	5880	43	6673	44	7353	45	7598	46	7528	47	7207	48	6785	49	6023	50	5398	51	4407	52	3579	53	2926	54	2275	55	1806	56	1297	57	962	58	645	59	495	60	378	61	233	62	164	63	134	64	92	65	53	66	43	67	20	68	13	69	11	70	7	71	4	72	3	73	3	75	2	77	1	82	1
952	12	2	13	1	14	5	15	1	16	5	17	6	18	8	19	19	20	20	21	40	22	49	23	79	24	85	25	107	26	113	27	107	28	135	29	109	30	122	31	138	32	200	33	268	34	426	35	674	36	1022	37	1438	38	2050	39	2694	40	3607	41	4593	42	5449	43	6115	44	6947	45	7371	46	7514	47	7270	48	6973	49	6394	50	5567	51	4805	52	3986	53	3374	54	2611	55	1938	56	1543	57	1097	58	863	59	650	60	411	61	313	62	199	63	143	64	117	65	68	66	61	67	29	68	28	69	12	70	12	71	7	72	2	73	6	74	2
953	24	1	25	1	26	2	27	2	28	4	29	15	30	31	31	63	32	106	33	181	34	300	35	495	36	713	37	1132	38	1682	39	2272	40	3108	41	4059	42	4780	43	5813	44	6492	45	7221	46	7472	47	7458	48	7172	49	6885	50	6119	51	5383	52	4654	53	3922	54	3104	55	2389	56	1872	57	1450	58	1084	59	795	60	561	61	380	62	280	63	174	64	126	65	79	66	52	67	40	68	25	69	23	70	7	71	7	72	5	73	3	74	1	75	3	77	1	78	1
954	18	5	19	11	20	11	21	30	22	47	23	60	24	79	25	138	26	97	27	118	28	121	29	94	30	111	31	107	32	112	33	146	34	212	35	340	36	501	37	885	38	1267	39	1802	40	2560	41	3401	42	4258	43	5218	44	6073	45	6709	46	7235	47	7512	48	7484	49	7138	50	6606	51	5992	52	5040	53	4285	54	3406	55	2699	56	2067	57	1618	58	1244	59	935	60	667	61	472	62	348	63	234	64	174	65	114	66	74	67	39	68	31	69	26	70	16	71	13	72	5	73	4	74	5	75	3	78	1
955	27	2	28	3	29	6	30	14	31	25	32	57	33	102	34	170	35	246	36	456	37	685	38	1018	39	1493	40	2229	41	2918	42	3789	43	4756	44	5659	45	6444	46	7048	47	7377	48	7432	49	7484	50	6923	51	6315	52	5514	53	4760	54	4022	55	3212	56	2377	57	2031	58	1472	59	1099	60	850	61	588	62	431	63	323	64	199	65	147	66	93	67	71	68	57	69	32	70	17	71	13	72	8	73	14	74	10	75	2	76	1	77	4	79	1	80	1
956	12	1	13	2	14	2	15	4	16	4	17	4	18	4	19	6	20	8	21	23	22	35	23	37	24	59	25	90	26	110	27	114	28	107	29	112	30	121	31	100	32	127	33	150	34	166	35	220	36	340	37	568	38	872	39	1223	40	1684	41	2304	42	3161	43	3970	44	4892	45	5771	46	6443	47	7179	48	7241	49	7416	50	6993	51	6659	52	6107	53	5205	54	4460	55	3739	56	2970	57	2407	58	1825	59	1413	60	985	61	753	62	556	63	398	64	271	65	174	66	120	67	98	68	71	69	40	70	30	71	19	72	11	73	7	74	5	75	3	76	5	77	2	81	1	83	1	84	1	85	1
957	26	2	28	4	29	4	30	4	31	19	32	37	33	72	34	92	35	192	36	273	37	502	38	704	39	1065	40	1523	41	2144	42	2958	43	3662	44	4664	45	5397	46	6300	47	6855	48	7213	49	7437	50	7281	51	6892	52	6346	53	5578	54	4821	55	4108	56	3195	57	2678	58	2046	59	1539	60	1295	61	846	62	654	63	469	64	332	65	238	66	196	67	106	68	83	69	59	70	30	71	30	72	19	73	15	74	9	75	2	77	7	78	1	82	1	86	1
958	15	3	17	1	18	3	19	8	20	8	21	12	22	25	23	39	24	42	25	71	26	110	27	98	28	110	29	99	30	122	31	105	32	63	33	96	34	98	35	118	36	161	37	232	38	419	39	709	40	1062	41	1572	42	2167	43	3050	44	3894	45	4875	46	5667	47	6365	48	6942	49	7149	50	7330	51	7062	52	6853	53	6016	54	5397	55	4656	56	3875	57	3168	58	2510	59	1942	60	1510	61	1158	62	905	63	604	64	469	65	322	66	237	67	134	68	113	69	76	70	42	71	34	72	32	73	18	74	12	75	11	76	11	77	5	79	1	80	1	82	1
959	26	1	27	1	28	3	29	1	30	7	31	13	32	16	33	33	34	59	35	100	36	177	37	274	38	418	39	635	40	925	41	1436	42	2021	43	2703	44	3447	45	4462	46	5109	47	5951	48	6551	49	7191	50	7422	51	7243	52	6867	53	6524	54	5771	55	5076	56	4261	57	3505	58	2900	59	2342	60	1788	61	1331	62	962	63	721	64	532	65	365	66	267	67	184	68	146	69	74	70	58	71	45	72	30	73	22	74	15	75	4	76	3	77	3	78	1	79	1	80	2	81	1
960	9	1	12	1	14	3	15	4	16	3	17	4	18	8	19	5	20	4	21	18	22	13	23	28	24	43	25	59	26	74	27	86	28	107	29	108	30	104	31	96	32	96	33	90	34	95	35	121	36	127	37	197	38	316	39	525	40	683	41	1043	42	1456	43	2006	44	2780	45	3477	46	4297	47	5114	48	5968	49	6525	50	7163	51	7301	52	7078	53	6899	54	6337	55	5768	56	4933	57	4092	58	3487	59	2816	60	2123	61	1679	62	1280	63	942	64	682	65	470	66	356	67	267	68	188	69	140	70	106	71	82	72	46	73	30	74	16	75	14	76	8	77	2	78	3	79	2	80	2	82	1	84	2
961	26	2	29	2	30	3	31	3	32	9	33	10	34	29	35	64	36	71	37	132	38	211	39	363	40	570	41	839	42	1304	43	1706	44	2412	45	3133	46	3935	47	4861	48	5693	49	6435	50	6843	51	7218	52	7192	53	7032	54	6652	55	5968	56	5421	57	4594	58	3860	59	3198	60	2523	61	1891	62	1617	63	1177	64	892	65	633	66	462	67	309	68	244	69	149	70	115	71	77	72	48	73	34	74	22	75	11	76	8	77	6	78	4	79	2	80	6	81	3	84	1	87	1
962	19	1	20	10	21	6	22	14	23	22	24	32	25	43	26	62	27	83	28	113	29	110	30	122	31	105	32	83	33	86	34	95	35	76	36	75	37	112	38	155	39	272	40	366	41	665	42	1014	43	1360	44	1989	45	2636	46	3468	47	4187	48	5163	49	5905	50	6642	51	7011	52	7139	53	7211	54	6962	55	6360	56	5661	57	5076	58	4319	59	3462	60	2824	61	2252	62	1729	63	1343	64	1050	65	739	66	542	67	356	68	271	69	179	70	154	71	87	72	72	73	43	74	27	75	15	76	13	77	10	78	6	79	7	80	1	81	2	83	2	87	1	90	1	93	1
963	27	1	29	1	30	4	31	7	32	9	33	6	34	17	35	30	36	48	37	87	38	138	39	228	40	367	41	596	42	868	43	1208	44	1750	45	2327	46	3111	47	3868	48	4831	49	5474	50	6214	51	6823	52	7002	53	7325	54	7150	55	6636	56	6051	57	5529	58	4669	59	3974	60	3145	61	2553	62	1968	63	1512	64	1199	65	893	66	696	67	523	68	325	69	242	70	174	71	130	72	87	73	65	74	43	75	36	76	18	77	16	78	9	79	6	80	7	81	2	82	1	86	1
964	11	1	14	2	15	1	16	3	17	2	18	5	19	4	20	2	21	8	22	10	23	7	24	28	25	36	26	46	27	79	28	83	29	94	30	88	31	117	32	93	33	96	34	100	35	79	36	89	37	104	38	131	39	186	40	273	41	417	42	651	43	880	44	1289	45	1842	46	2463	47	3196	48	3986	49	4936	50	5591	51	6179	52	6757	53	7049	54	6968	55	6861	56	6388	57	6000	58	5242	59	4625	60	3795	61	3054	62	2528	63	1924	64	1497	65	1106	66	846	67	624	68	452	69	336	70	223	71	172	72	108	73	79	74	63	75	32	76	23	77	22	78	14	79	2	80	2	81	5	82	4	85	1	92	1
965	27	2	28	1	29	1	31	2	32	6	33	8	34	11	35	11	36	27	37	42	38	87	39	122	40	196	41	301	42	515	43	740	44	1095	45	1552	46	2089	47	2814	48	3556	49	4368	50	5222	51	5957	52	6557	53	7111	54	7189	55	7003	56	6648	57	6330	58	5707	59	4966	60	4253	61	3484	62	2856	63	2251	64	1783	65	1414	66	1003	67	786	68	549	69	416	70	281	71	209	72	136	73	117	74	80	75	47	76	35	77	17	78	11	79	9	80	5	81	4	82	4	83	3	84	3	85	3	87	4	88	1
966	18	1	19	1	20	1	21	2	22	6	23	19	24	27	25	39	26	46	27	66	28	80	29	88	30	113	31	86	32	86	33	92	34	80	35	82	36	58	37	46	38	55	39	71	40	118	41	173	42	314	43	445	44	743	45	1120	46	1566	47	2263	48	3025	49	3807	50	4569	51	5398	52	6130	53	6704	54	6996	55	7114	56	7105	57	6591	58	6197	59	5418	60	4770	61	4014	62	3238	63	2624	64	2120	65	1567	66	1282	67	1008	68	727	69	481	70	346	71	260	72	188	73	140	74	73	75	73	76	54	77	21	78	26	79	16	80	9	81	7	82	4	83	6	85	1	86	1	87	2	90	1
967	32	1	34	6	35	7	36	14	37	26	38	46	39	79	40	105	41	153	42	253	43	411	44	596	45	897	46	1266	47	1759	48	2436	49	3083	50	3869	51	4697	52	5598	53	6337	54	6745	55	7199	56	7242	57	7118	58	6585	59	5873	60	5463	61	4555	62	3901	63	3122	64	2630	65	2037	66	1496	67	1174	68	876	69	657	70	506	71	370	72	247	73	141	74	115	75	107	76	80	77	35	78	26	79	22	80	15	81	7	82	9	83	5	84	1	85	2
968	9	1	11	1	13	1	15	1	16	2	17	2	18	8	19	3	20	3	21	3	22	7	23	12	24	18	25	19	26	40	27	40	28	71	29	90	30	91	31	84	32	118	33	90	34	101	35	78	36	78	37	67	38	82	39	92	40	114	41	173	42	246	43	355	44	515	45	820	46	1057	47	1519	48	2083	49	2721	50	3456	51	4230	52	5361	53	5835	54	6359	55	6812	56	6843	57	6849	58	6607	59	6265	60	5600	61	4939	62	4180	63	3563	64	2945	65	2273	66	1784	67	1389	68	1050	69	765	70	595	71	474	72	327	73	222	74	132	75	104	76	67	77	52	78	41	79	27	80	14	81	5	82	7	83	9	84	6	85	1	86	3	87	1	88	2
969	33	1	34	3	35	5	36	7	37	13	38	21	39	41	40	63	41	108	42	167	43	305	44	385	45	616	46	837	47	1249	48	1710	49	2399	50	3008	51	3879	52	4562	53	5310	54	6003	55	6525	56	6970	57	7066	58	6996	59	6610	60	6030	61	5458	62	4855	63	4062	64	3278	65	2734	66	2140	67	1675	68	1345	69	983	70	744	71	525	72	378	73	292	74	185	75	141	76	103	77	60	78	49	79	34	80	19	81	16	82	10	83	7	84	7	85	7	86	2	88	2
970	20	4	21	1	22	3	23	9	24	7	25	10	26	22	27	29	28	67	29	78	30	106	31	102	32	88	33	104	34	102	35	107	36	90	37	58	38	54	39	49	40	49	41	52	42	71	43	125	44	196	45	341	46	531	47	828	48	1193	49	1679	50	2260	51	3068	52	3848	53	4677	54	5503	55	6250	56	6770	57	6855	58	7123	59	6891	60	6502	61	5949	62	5431	63	4719	64	3812	65	3248	66	2654	67	2053	68	1614	69	1218	70	974	71	666	72	498	73	358	74	290	75	192	76	149	77	86	78	57	79	35	80	36	81	25	82	10	83	8	84	5	85	2	86	4	87	2	88	1	89	1	92	1
971	28	1	32	1	33	2	34	2	35	4	36	3	37	16	38	9	39	31	40	38	41	67	42	107	43	144	44	242	45	333	46	510	47	732	48	1091	49	1466	50	2020	51	2689	52	3416	53	4191	54	4997	55	5676	56	6393	57	6695	58	6899	59	6905	60	6645	61	6387	62	5891	63	4997	64	4357	65	3752	66	3135	67	2455	68	2007	69	1485	70	1121	71	895	72	625	73	438	74	317	75	233	76	160	77	133	78	89	79	63	80	42	81	29	82	15	83	17	84	12	85	3	86	7	87	4	88	2	89	2	90	2
972	15	3	16	1	17	3	18	3	19	3	20	4	21	6	22	4	23	2	24	5	25	13	26	25	27	33	28	37	29	63	30	72	31	91	32	90	33	105	34	113	35	101	36	122	37	70	38	67	39	68	40	51	41	73	42	69	43	95	44	152	45	237	46	371	47	568	48	795	49	1213	50	1598	51	2159	52	2768	53	3606	54	4384	55	5182	56	5871	57	6381	58	6489	59	6837	60	6790	61	6583	62	6141	63	5596	64	4898	65	4325	66	3415	67	2841	68	2278	69	1830	70	1404	71	1081	72	779	73	580	74	410	75	310	76	231	77	161	78	99	79	80	80	46	81	34	82	29	83	16	84	16	85	6	86	9	87	4	88	2	89	1	90	1	96	1
973	34	2	36	3	37	6	38	3	39	8	40	16	41	28	42	51	43	68	44	93	45	187	46	269	47	395	48	600	49	873	50	1246	51	1669	52	2292	53	3051	54	3928	55	4622	56	5238	57	6081	58	6533	59	6910	60	6913	61	6777	62	6563	63	6077	64	5394	65	4899	66	4134	67	3336	68	2805	69	2189	70	1801	71	1297	72	960	73	774	74	599	75	387	76	262	77	202	78	127	79	101	80	67	81	43	82	40	83	29	84	21	85	9	86	8	87	3	88	4	89	1	90	2	91	2	93	1	94	1
974	22	2	23	3	24	6	25	1	26	16	27	18	28	23	29	57	30	56	31	69	32	81	33	101	34	100	35	118	36	96	37	77	38	70	39	54	40	46	41	38	42	43	43	29	44	52	45	72	46	135	47	209	48	383	49	552	50	893	51	1250	52	1851	53	2388	54	3134	55	3956	56	4727	57	5459	58	6153	59	6656	60	6902	61	6893	62	6845	63	6384	64	5956	65	5355	66	4533	67	3819	68	3260	69	2665	70	2046	71	1724	72	1212	73	964	74	672	75	533	76	355	77	279	78	211	79	130	80	97	81	68	82	38	83	30	84	16	85	10	86	7	87	10	88	5	89	3	91	3	93	1
975	35	2	36	1	37	3	38	7	39	11	40	16	41	22	42	29	43	46	44	89	45	114	46	175	47	253	48	382	49	590	50	802	51	1117	52	1513	53	2048	54	2697	55	3446	56	4273	57	4980	58	5585	59	6414	60	6710	61	6881	62	6780	63	6643	64	6224	65	5752	66	5005	67	4302	68	3653	69	3074	70	2459	71	1948	72	1533	73	1181	74	884	75	657	76	505	77	358	78	247	79	172	80	125	81	101	82	55	83	34	84	37	85	19	86	11	87	11	88	13	89	1	90	2	91	2	92	2	93	2	94	1	95	1
976	12	1	14	1	15	1	16	2	17	4	19	2	20	1	21	1	22	5	23	2	24	7	25	7	26	9	27	15	28	20	29	36	30	48	31	58	32	72	33	82	34	103	35	101	36	100	37	84	38	73	39	79	40	67	41	50	42	53	43	55	44	79	45	101	46	101	47	187	48	289	49	378	50	572	51	829	52	1178	53	1571	54	2158	55	2753	56	3556	57	4241	58	4898	59	5610	60	6313	61	6830	62	6828	63	6710	64	6402	65	6176	66	5574	67	5039	68	4275	69	3572	70	2941	71	2320	72	1822	73	1444	74	1106	75	813	76	628	77	435	78	327	79	253	80	161	81	116	82	84	83	54	84	52	85	26	86	15	87	19	88	6	89	5	90	4	91	4	92	1	93	1	94	2	95	2
977	33	1	35	1	36	2	37	2	38	2	39	3	40	11	41	11	42	14	43	32	44	47	45	54	46	94	47	173	48	241	49	313	50	501	51	678	52	945	53	1317	54	1861	55	2449	56	3014	57	3817	58	4454	59	5246	60	6015	61	6456	62	6675	63	6879	64	6680	65	6484	66	6006	67	5320	68	4757	69	4091	70	3385	71	2724	72	2230	73	1813	74	1338	75	1011	76	824	77	585	78	402	79	282	80	224	81	153	82	123	83	82	84	48	85	27	86	36	87	24	88	12	89	11	90	8	91	5	92	2	93	3	94	1	96	1
978	21	1	22	1	23	2	24	2	25	5	26	5	27	9	28	18	29	29	30	40	31	50	32	65	33	90	34	91	35	113	36	98	37	80	38	89	39	67	40	64	41	54	42	32	43	31	44	26	45	33	46	28	47	51	48	98	49	162	50	226	51	394	52	610	53	952	54	1291	55	1840	56	2336	57	3200	58	3929	59	4575	60	5472	61	5998	62	6491	63	6838	64	6872	65	6747	66	6298	67	5845	68	5272	69	4640	70	3968	71	3258	72	2670	73	2121	74	1647	75	1271	76	1029	77	797	78	520	79	413	80	324	81	226	82	140	83	102	84	73	85	51	86	40	87	19	88	24	89	12	90	13	91	7	92	3	93	5	94	4	95	1	96	1	98	1
979	39	2	40	4	41	8	42	2	43	11	44	24	45	40	46	48	47	95	48	125	49	180	50	241	51	326	52	523	53	737	54	978	55	1456	56	1939	57	2584	58	3205	59	3993	60	4770	61	5568	62	6231	63	6578	64	6823	65	6796	66	6696	67	6307	68	5837	69	5136	70	4634	71	3853	72	3163	73	2577	74	2052	75	1572	76	1287	77	960	78	750	79	542	80	390	81	302	82	192	83	141	84	103	85	72	86	40	87	25	88	33	89	13	90	14	91	12	92	5	93	2	94	2	97	1
980	18	3	19	1	21	4	22	3	23	1	24	3	25	4	26	4	27	6	28	14	29	16	30	25	31	45	32	57	33	78	34	83	35	87	36	112	37	91	38	98	39	74	40	74	41	71	42	53	43	54	44	56	45	35	46	66	47	53	48	118	49	177	50	229	51	274	52	428	53	623	54	809	55	1218	56	1510	57	2158	58	2771	59	3456	60	4148	61	4828	62	5610	63	6130	64	6567	65	6826	66	6655	67	6379	68	5987	69	5635	70	4895	71	4331	72	3596	73	3041	74	2554	75	1909	76	1496	77	1151	78	899	79	644	80	478	81	350	82	253	83	161	84	116	85	96	86	67	87	55	88	34	89	25	90	14	91	7	92	7	93	2	94	2	95	4	97	3	99	2	110	1
981	37	2	38	2	39	2	40	4	41	4	42	8	43	14	44	18	45	28	46	41	47	60	48	89	49	108	50	173	51	247	52	331	53	527	54	688	55	985	56	1314	57	1754	58	2411	59	2998	60	3674	61	4475	62	5111	63	5864	64	6171	65	6579	66	6876	67	6527	68	6338	69	6065	70	5463	71	4812	72	4097	73	3481	74	2920	75	2329	76	1797	77	1423	78	1062	79	798	80	626	81	467	82	360	83	257	84	191	85	118	86	108	87	65	88	48	89	34	90	20	91	14	92	5	93	3	94	5	95	3	96	2	97	2	98	2
982	24	1	25	1	26	1	27	8	28	5	29	13	30	14	31	35	32	51	33	71	34	77	35	86	36	93	37	90	38	115	39	87	40	84	41	77	42	55	43	52	44	40	45	26	46	20	47	19	48	27	49	30	50	48	51	51	52	124	53	242	54	320	55	583	56	831	57	1188	58	1747	59	2153	60	2851	61	3609	62	4393	63	5236	64	5855	65	6407	66	6752	67	6936	68	6662	69	6450	70	5952	71	5398	72	4861	73	4206	74	3541	75	2855	76	2234	77	1834	78	1406	79	1101	80	876	81	594	82	429	83	286	84	243	85	182	86	116	87	78	88	61	89	31	90	31	91	18	92	16	93	7	94	13	95	7	96	2	97	1	98	1	100	1	101	2	105	1
983	33	1	38	2	40	2	41	3	42	4	43	10	44	14	45	20	46	24	47	32	48	54	49	83	50	83	51	136	52	208	53	302	54	401	55	577	56	798	57	1036	58	1487	59	1982	60	2534	61	3281	62	3980	63	4576	64	5240	65	6006	66	6526	67	6706	68	6671	69	6681	70	6200	71	5835	72	5131	73	4464	74	3970	75	3309	76	2596	77	2131	78	1738	79	1290	80	1020	81	810	82	594	83	416	84	333	85	229	86	145	87	110	88	71	89	47	90	25	91	25	92	17	93	8	94	12	95	3	96	2	97	2	98	3	99	2	101	1	104	1
984	11	1	13	1	16	1	18	2	19	1	20	1	22	1	23	2	24	1	25	2	26	5	27	4	28	5	29	21	30	18	31	19	32	23	33	47	34	61	35	57	36	82	37	90	38	89	39	86	40	87	41	99	42	83	43	68	44	48	45	50	46	43	47	57	48	56	49	52	50	71	51	122	52	153	53	204	54	300	55	405	56	597	57	819	58	1187	59	1580	60	1989	61	2585	62	3335	63	4105	64	4789	65	5353	66	5910	67	6300	68	6664	69	6680	70	6449	71	6107	72	5588	73	4930	74	4475	75	3771	76	3143	77	2470	78	2065	79	1611	80	1380	81	907	82	774	83	527	84	395	85	302	86	220	87	152	88	93	89	70	90	48	91	25	92	25	93	19	94	12	95	2	96	11	97	7	98	6	99	4	100	1
985	41	1	42	2	43	2	44	1	45	4	46	11	47	11	48	29	49	35	50	60	51	73	52	121	53	143	54	203	55	273	56	380	57	536	58	797	59	1090	60	1483	61	2029	62	2549	63	3340	64	3950	65	4683	66	5518	67	6075	68	6519	69	6719	70	6765	71	6579	72	6339	73	5693	74	5261	75	4443	76	3932	77	3131	78	2603	79	2049	80	1651	81	1254	82	917	83	737	84	530	85	403	86	317	87	216	88	152	89	124	90	97	91	48	92	39	93	27	94	17	95	8	96	7	97	6	98	6	99	4	100	4	101	2	105	1	106	1
986	22	1	25	2	26	3	27	2	28	4	29	7	30	7	31	13	32	24	33	42	34	53	35	68	36	79	37	91	38	98	39	105	40	92	41	82	42	76	43	66	44	63	45	44	46	33	47	24	48	17	49	19	50	10	51	27	52	29	53	38	54	85	55	139	56	216	57	306	58	468	59	800	60	1115	61	1571	62	2078	63	2668	64	3370	65	4101	66	4897	67	5620	68	6162	69	6614	70	6622	71	6641	72	6536	73	6014	74	5624	75	5055	76	4369	77	3705	78	3110	79	2599	80	1975	81	1558	82	1189	83	953	84	692	85	541	86	424	87	298	88	191	89	138	90	99	91	67	92	61	93	32	94	23	95	15	96	12	97	4	98	10	99	6	100	1	101	2	102	2	103	1	106	1	108	1
987	41	1	43	3	44	7	45	4	46	12	47	14	48	25	49	36	50	42	51	68	52	74	53	121	54	120	55	251	56	298	57	374	58	528	59	672	60	933	61	1294	62	1748	63	2248	64	2832	65	3551	66	4284	67	4986	68	5521	69	6184	70	6420	71	6600	72	6653	73	6483	74	5925	75	5543	76	4899	77	4315	78	3543	79	3049	80	2374	81	1949	82	1536	83	1076	84	907	85	658	86	512	87	364	88	268	89	196	90	163	91	98	92	76	93	46	94	38	95	23	96	18	97	15	98	11	99	5	100	1	101	3	102	1	103	1
988	15	1	19	1	20	2	21	3	22	4	23	3	24	2	25	3	26	2	27	1	28	1	29	3	30	3	31	5	32	16	33	27	34	31	35	39	36	66	37	69	38	84	39	100	40	94	41	85	42	98	43	86	44	71	45	72	46	43	47	32	48	44	49	34	50	31	51	45	52	62	53	68	54	135	55	144	56	230	57	272	58	362	59	475	60	679	61	927	62	1249	63	1733	64	2222	65	2948	66	3529	67	4310	68	4951	69	5664	70	6005	71	6327	72	6583	73	6498	74	6295	75	5899	76	5441	77	4626	78	4128	79	3597	80	3061	81	2338	82	1957	83	1536	84	1188	85	901	86	669	87	466	88	374	89	285	90	212	91	124	92	104	93	79	94	40	95	31	96	29	97	17	98	13	99	4	100	1	101	1	102	3	103	1	104	1	105	1	106	2	107	1	112	1
989	41	1	43	3	44	1	45	3	46	4	47	5	48	12	49	25	50	27	51	35	52	64	53	48	54	99	55	124	56	184	57	227	58	286	59	404	60	539	61	822	62	1067	63	1430	64	1838	65	2423	66	3040	67	3706	68	4445	69	5073	70	5675	71	6131	72	6558	73	6633	74	6562	75	6318	76	5801	77	5263	78	4773	79	4054	80	3453	81	2876	82	2390	83	1882	84	1446	85	1096	86	859	87	645	88	474	89	337	90	248	91	171	92	120	93	81	94	63	95	56	96	40	97	22	98	12	99	8	100	3	101	7	102	3	103	2	104	2	107	1
990	22	1	24	1	27	1	28	3	29	4	30	7	31	8	32	11	33	16	34	25	35	37	36	54	37	64	38	77	39	81	40	101	41	95	42	82	43	100	44	82	45	60	46	50	47	40	48	30	49	19	50	18	51	16	52	17	53	14	54	17	55	26	56	46	57	73	58	129	59	194	60	339	61	407	62	716	63	993	64	1358	65	1807	66	2505	67	3039	68	3811	69	4405	70	5149	71	5807	72	6415	73	6603	74	6487	75	6567	76	6298	77	5854	78	5367	79	4692	80	4051	81	3357	82	2746	83	2280	84	1783	85	1322	86	1126	87	853	88	652	89	450	90	344	91	234	92	176	93	128	94	95	95	58	96	33	97	38	98	14	99	15	100	4	101	14	102	2	103	4	104	2	105	1
991	44	2	45	1	46	2	47	2	48	7	49	11	50	15	51	23	52	28	53	38	54	60	55	72	56	117	57	142	58	168	59	217	60	302	61	412	62	579	63	776	64	1034	65	1421	66	1831	67	2459	68	3115	69	3785	70	4562	71	5183	72	5764	73	6232	74	6488	75	6546	76	6610	77	6103	78	5780	79	5283	80	4699	81	4176	82	3361	83	2853	84	2250	85	1753	86	1409	87	1138	88	828	89	662	90	469	91	369	92	258	93	183	94	114	95	100	96	54	97	49	98	37	99	24	100	16	101	9	102	7	103	4	104	3	105	2	106	2	110	1
992	16	1	20	2	21	1	22	7	23	5	24	3	25	5	26	3	27	4	28	1	29	2	30	4	31	5	32	4	33	20	34	17	35	28	36	31	37	42	38	57	39	76	40	92	41	97	42	100	43	92	44	71	45	92	46	53	47	58	48	42	49	46	50	44	51	30	52	32	53	37	54	63	55	67	56	82	57	110	58	135	59	176	60	263	61	361	62	423	63	576	64	787	65	1106	66	1480	67	1962	68	2452	69	3025	70	3839	71	4389	72	5048	73	5668	74	6113	75	6521	76	6545	77	6283	78	6197	79	5726	80	5165	81	4651	82	3899	83	3384	84	2784	85	2212	86	1761	87	1415	88	1064	89	828	90	610	91	465	92	331	93	237	94	153	95	138	96	86	97	62	98	60	99	30	100	23	101	10	102	13	103	4	104	6	105	2	106	2	107	1	109	1	110	1	111	1
993	40	1	45	1	46	1	47	1	48	3	49	7	50	9	51	10	52	23	53	22	54	35	55	62	56	61	57	98	58	115	59	158	60	231	61	263	62	390	63	518	64	744	65	862	66	1221	67	1552	68	2088	69	2658	70	3224	71	3908	72	4461	73	5273	74	5736	75	6129	76	6413	77	6452	78	6304	79	6099	80	5630	81	5173	82	4570	83	3831	84	3363	85	2754	86	2247	87	1757	88	1408	89	1092	90	768	91	618	92	477	93	319	94	229	95	198	96	132	97	83	98	76	99	38	100	30	101	22	102	20	103	10	104	5	105	3	106	5	107	3	108	2	109	1	110	2	111	1
994	27	1	28	1	29	1	30	1	31	5	32	2	33	12	34	5	35	17	36	17	37	28	38	67	39	66	40	82	41	94	42	97	43	118	44	87	45	86	46	83	47	66	48	58	49	41	50	46	51	21	52	19	53	20	54	13	55	8	56	8	57	12	58	19	59	43	60	60	61	107	62	165	63	233	64	382	65	508	66	753	67	1034	68	1514	69	1991	70	2637	71	3237	72	3871	73	4589	74	5270	75	5781	76	6184	77	6452	78	6596	79	6464	80	6133	81	5704	82	5161	83	4558	84	3889	85	3287	86	2734	87	2199	88	1771	89	1431	90	1078	91	766	92	607	93	423	94	339	95	272	96	153	97	103	98	97	99	75	100	50	101	25	102	21	103	11	104	10	105	8	106	9	107	6	108	3	109	1	110	1	112	1	115	1	116	1
995	42	1	45	1	46	1	47	2	48	3	49	4	50	5	51	8	52	12	53	14	54	29	55	40	56	54	57	77	58	77	59	126	60	141	61	182	62	226	63	311	64	431	65	534	66	741	67	919	68	1238	69	1628	70	2103	71	2686	72	3267	73	3820	74	4719	75	5213	76	5831	77	6282	78	6516	79	6486	80	6355	81	5864	82	5555	83	5065	84	4520	85	3778	86	3236	87	2611	88	2166	89	1724	90	1412	91	1019	92	807	93	580	94	440	95	343	96	192	97	174	98	128	99	97	100	58	101	38	102	36	103	36	104	13	105	6	106	7	107	4	108	3	109	1	110	2	112	1	113	1
996	17	1	19	2	20	1	23	3	24	6	25	3	26	3	28	3	29	2	30	1	32	2	33	4	34	7	35	9	36	29	37	24	38	42	39	54	40	71	41	70	42	70	43	93	44	92	45	85	46	78	47	82	48	46	49	51	50	37	51	31	52	23	53	20	54	28	55	40	56	46	57	59	58	86	59	99	60	115	61	156	62	156	63	253	64	284	65	385	66	510	67	669	68	883	69	1208	70	1641	71	2110	72	2613	73	3331	74	3904	75	4593	76	5130	77	5663	78	6085	79	6457	80	6281	81	6243	82	6030	83	5644	84	5046	85	4374	86	3749	87	3252	88	2729	89	2095	90	1756	91	1332	92	971	93	783	94	577	95	446	96	304	97	225	98	185	99	135	100	100	101	63	102	38	103	32	104	14	105	14	106	8	107	11	108	6	109	3	110	1	111	1	112	1	114	1	117	1
997	49	1	50	3	51	1	52	3	53	7	54	9	55	21	56	24	57	31	58	48	59	65	60	74	61	111	62	136	63	182	64	213	65	270	66	393	67	553	68	617	69	970	70	1280	71	1650	72	2079	73	2613	74	3376	75	3932	76	4644	77	5401	78	5904	79	6253	80	6389	81	6396	82	6392	83	6039	84	5581	85	4986	86	4540	87	3762	88	3212	89	2637	90	2142	91	1691	92	1358	93	1069	94	798	95	593	96	443	97	300	98	238	99	161	100	122	101	84	102	62	103	44	104	36	105	20	106	15	107	11	108	7	109	4	110	1	111	2	112	1
998	28	1	30	1	31	2	32	2	33	3	34	4	35	6	36	13	37	22	38	30	39	47	40	51	41	62	42	78	43	89	44	87	45	97	46	102	47	75	48	71	49	61	50	42	51	32	52	28	53	27	54	15	55	12	56	5	57	3	58	6	59	10	60	17	61	27	62	30	63	55	64	106	65	156	66	203	67	342	68	443	69	600	70	880	71	1169	72	1608	73	2174	74	2770	75	3341	76	4038	77	4639	78	5317	79	5860	80	6188	81	6519	82	6497	83	6253	84	6106	85	5431	86	5035	87	4401	88	3776	89	3219	90	2618	91	2194	92	1672	93	1338	94	1002	95	754	96	560	97	439	98	323	99	233	100	170	101	132	102	80	103	57	104	46	105	25	106	22	107	13	108	15	109	9	110	3	111	3	112	2	113	2	114	1	115	1	118	1	125	1
999	46	1	48	2	49	4	50	4	51	6	52	9	53	12	54	15	55	19	56	25	57	28	58	32	59	53	60	55	61	89	62	109	63	162	64	181	65	234	66	288	67	352	68	433	69	608	70	748	71	1016	72	1330	73	1641	74	2262	75	2806	76	3386	77	4047	78	4605	79	5320	80	5714	81	6187	82	6428	83	6341	84	6179	85	5772	86	5467	87	5014	88	4445	89	3815	90	3068	91	2667	92	2188	93	1676	94	1272	95	1045	96	769	97	536	98	433	99	292	100	231	101	177	102	128	103	80	104	53	105	29	106	33	107	21	108	21	109	11	110	7	111	7	112	4	113	2	114	1	115	4	125	1
1000	19	2	21	1	22	1	23	4	24	1	25	3	26	3	27	2	28	2	29	2	30	1	31	3	32	4	33	4	34	3	35	4	36	16	37	15	38	16	39	35	40	42	41	62	42	58	43	68	44	88	45	102	46	91	47	102	48	84	49	68	50	65	51	50	52	41	53	33	54	29	55	29	56	34	57	36	58	30	59	35	60	53	61	74	62	73	63	106	64	155	65	188	66	240	67	282	68	328	69	456	70	609	71	759	72	990	73	1347	74	1778	75	2142	76	2756	77	3308	78	3961	79	4551	80	5288	81	5749	82	6096	83	6315	84	6306	85	6017	86	5965	87	5323	88	4886	89	4254	90	3698	91	3161	92	2603	93	2081	94	1646	95	1297	96	991	97	767	98	578	99	422	100	322	101	221	102	175	103	120	104	98	105	62	106	47	107	30	108	10	109	16	110	7	111	7	112	7	113	2	114	3	115	2	116	1	118	1	119	1
