1	1	100000
2	1	100000
3	1	100000
4	1	100000
5	1	100000
6	1	100000
7	1	100000
8	1	100000
9	1	100000
10	1	100000
11	1	100000
12	1	100000
13	1	100000
14	1	100000
15	1	100000
16	1	100000
17	1	100000
18	1	100000
19	1	100000
20	1	100000
21	1	100000
22	1	100000
23	1	100000
24	1	100000
25	1	100000
26	1	100000
27	1	100000
28	1	100000
29	1	100000
30	1	100000
31	1	100000
32	1	100000
33	1	100000
34	1	100000
35	1	100000
36	1	100000
37	1	100000
38	1	100000
39	1	100000
40	1	100000
41	1	100000
42	1	100000
43	1	100000
44	1	100000
45	1	100000
46	1	100000
47	1	100000
48	1	100000
49	1	100000
50	1	100000
51	1	100000
52	1	100000
53	1	100000
54	1	100000
55	1	100000
56	1	100000
57	1	100000
58	1	100000
59	1	100000
60	1	100000
61	1	100000
62	1	100000
63	1	100000
64	1	100000
65	1	100000
66	1	100000
67	1	100000
68	1	100000
69	1	100000
70	1	100000
71	1	100000
72	1	100000
73	1	100000
74	1	100000
75	1	100000
76	1	100000
77	1	100000
78	1	99999	2	1
79	1	100000
80	1	100000
81	1	100000
82	1	100000
83	1	100000
84	1	100000
85	1	100000
86	1	100000
87	1	100000
88	1	100000
89	1	100000
90	1	100000
91	1	100000
92	1	100000
93	1	100000
94	1	100000
95	1	100000
96	1	100000
97	1	100000
98	1	100000
99	1	100000
100	1	100000
101	1	100000
102	1	100000
103	1	100000
104	1	100000
105	1	100000
106	1	100000
107	1	100000
108	1	100000
109	1	100000
110	1	100000
111	1	100000
112	1	100000
113	1	100000
114	1	100000
115	1	100000
116	1	100000
117	1	100000
118	1	100000
119	1	100000
120	1	99999	2	1
121	1	100000
122	1	100000
123	1	100000
124	1	100000
125	1	100000
126	1	100000
127	1	100000
128	1	100000
129	1	100000
130	1	100000
131	1	100000
132	1	100000
133	1	100000
134	1	99999	2	1
135	1	100000
136	1	100000
137	1	100000
138	1	100000
139	1	100000
140	1	100000
141	1	100000
142	1	100000
143	1	100000
144	1	100000
145	1	100000
146	1	100000
147	1	100000
148	1	100000
149	1	100000
150	1	100000
151	1	100000
152	1	100000
153	1	100000
154	1	100000
155	1	100000
156	1	100000
157	1	100000
158	1	100000
159	1	100000
160	1	99999	2	1
161	1	100000
162	1	100000
163	1	100000
164	1	100000
165	1	100000
166	1	100000
167	1	100000
168	1	100000
169	1	100000
170	1	100000
171	1	100000
172	1	100000
173	1	100000
174	1	100000
175	1	100000
176	1	100000
177	1	100000
178	1	100000
179	1	100000
180	1	100000
181	1	100000
182	1	100000
183	1	100000
184	1	100000
185	1	100000
186	1	100000
187	1	100000
188	1	100000
189	1	100000
190	1	100000
191	1	100000
192	1	100000
193	1	100000
194	1	100000
195	1	100000
196	1	100000
197	1	100000
198	1	100000
199	1	100000
200	1	100000
201	1	100000
202	1	100000
203	1	100000
204	1	100000
205	1	100000
206	1	100000
207	1	100000
208	1	100000
209	1	100000
210	1	100000
211	1	100000
212	1	100000
213	1	100000
214	1	100000
215	1	100000
216	1	99998	2	2
217	1	100000
218	1	100000
219	1	100000
220	1	100000
221	1	100000
222	1	100000
223	1	100000
224	1	100000
225	1	100000
226	1	100000
227	1	100000
228	1	100000
229	1	100000
230	1	100000
231	1	100000
232	1	100000
233	1	100000
234	1	100000
235	1	100000
236	1	100000
237	1	100000
238	1	100000
239	1	100000
240	1	100000
241	1	100000
242	1	100000
243	1	100000
244	1	100000
245	1	100000
246	1	100000
247	1	100000
248	1	100000
249	1	100000
250	1	100000
251	1	100000
252	1	100000
253	1	100000
254	1	100000
255	1	100000
256	1	100000
257	1	100000
258	1	100000
259	1	100000
260	1	100000
261	1	100000
262	1	100000
263	1	100000
264	1	100000
265	1	100000
266	1	100000
267	1	100000
268	1	100000
269	1	100000
270	1	100000
271	1	100000
272	1	100000
273	1	100000
274	1	100000
275	1	100000
276	1	100000
277	1	100000
278	1	100000
279	1	100000
280	1	100000
281	1	100000
282	1	100000
283	1	100000
284	1	100000
285	1	100000
286	1	100000
287	1	100000
288	1	100000
289	1	100000
290	1	100000
291	1	100000
292	1	100000
293	1	100000
294	1	100000
295	1	100000
296	1	100000
297	1	100000
298	1	100000
299	1	100000
300	1	99999	2	1
301	1	100000
302	1	100000
303	1	100000
304	1	100000
305	1	100000
306	1	100000
307	1	100000
308	1	100000
309	1	100000
310	1	100000
311	1	100000
312	1	100000
313	1	100000
314	1	100000
315	1	100000
316	1	100000
317	1	100000
318	1	100000
319	1	100000
320	1	100000
321	1	100000
322	1	100000
323	1	100000
324	1	100000
325	1	100000
326	1	100000
327	1	100000
328	1	100000
329	1	100000
330	1	100000
331	1	100000
332	1	100000
333	1	100000
334	1	99999	2	1
335	1	100000
336	1	100000
337	1	100000
338	1	100000
339	1	100000
340	1	100000
341	1	100000
342	1	100000
343	1	100000
344	1	100000
345	1	100000
346	1	100000
347	1	100000
348	1	100000
349	1	100000
350	1	100000
351	1	100000
352	1	100000
353	1	100000
354	1	100000
355	1	100000
356	1	99999	2	1
357	1	100000
358	1	100000
359	1	100000
360	1	99999	2	1
361	1	100000
362	1	100000
363	1	100000
364	1	100000
365	1	100000
366	1	100000
367	1	100000
368	1	100000
369	1	100000
370	1	99998	2	2
371	1	100000
372	1	99999	2	1
373	1	100000
374	1	100000
375	1	100000
376	1	100000
377	1	100000
378	1	99999	2	1
379	1	100000
380	1	99999	2	1
381	1	100000
382	1	100000
383	1	100000
384	1	100000
385	1	100000
386	1	100000
387	1	100000
388	1	100000
389	1	100000
390	1	100000
391	1	100000
392	1	100000
393	1	100000
394	1	99999	2	1
395	1	100000
396	1	100000
397	1	100000
398	1	100000
399	1	99999	2	1
400	1	100000
401	1	100000
402	1	100000
403	1	100000
404	1	100000
405	1	100000
406	1	100000
407	1	100000
408	1	100000
409	1	100000
410	1	99999	2	1
411	1	100000
412	1	100000
413	1	100000
414	1	100000
415	1	100000
416	1	100000
417	1	100000
418	1	99999	2	1
419	1	100000
420	1	100000
421	1	100000
422	1	100000
423	1	100000
424	1	99999	2	1
425	1	100000
426	1	99999	2	1
427	1	100000
428	1	100000
429	1	100000
430	1	100000
431	1	99999	2	1
432	1	100000
433	1	99999	2	1
434	1	100000
435	1	100000
436	1	99998	2	2
437	1	99998	2	2
438	1	99999	2	1
439	1	100000
440	1	100000
441	1	100000
442	1	100000
443	1	99999	2	1
444	1	99998	2	2
445	1	99999	2	1
446	1	100000
447	1	100000
448	1	100000
449	1	99999	2	1
450	1	99998	2	2
451	1	99999	2	1
452	1	100000
453	1	100000
454	1	100000
455	1	100000
456	1	99999	2	1
457	1	100000
458	1	99999	2	1
459	1	99998	2	2
460	1	100000
461	1	100000
462	1	100000
463	1	100000
464	1	99998	2	2
465	1	100000
466	1	99998	2	2
467	1	99999	2	1
468	1	99999	2	1
469	1	100000
470	1	99999	2	1
471	1	100000
472	1	99999	2	1
473	1	99997	2	3
474	1	99999	2	1
475	1	100000
476	1	100000
477	1	99998	2	2
478	1	99996	2	4
479	1	99998	2	2
480	1	99997	2	3
481	1	100000
482	1	100000
483	1	99999	2	1
484	1	99996	2	4
485	1	99998	2	2
486	1	99996	2	4
487	1	99998	2	2
488	1	99996	2	4
489	1	99998	2	2
490	1	99994	2	6
491	1	99996	2	4
492	1	99999	2	1
493	1	99997	2	3
494	1	99993	2	7
495	1	99998	2	2
496	1	99987	2	13
497	1	99994	2	6
498	1	99995	2	5
499	1	99987	2	13
500	1	99994	2	6
501	1	7530	2	92465	3	5
502	1	14335	2	85658	3	7
503	1	20819	2	79179	3	1	4	1
504	1	26586	2	73412	3	2
505	1	32104	2	67892	3	2	4	2
506	1	37203	2	62797
507	1	41802	2	58197	3	1
508	1	46144	2	53854	3	1	4	1
509	1	50422	2	49575	3	3
510	1	53647	2	46347	3	2	4	4
511	1	57569	2	42431
512	1	60664	2	39334	3	1	4	1
513	1	63444	2	36555	3	1
514	1	66324	2	33675	3	1
515	1	69065	2	30934	4	1
516	1	71143	2	28856	4	1
517	1	73195	2	26800	3	4	4	1
518	1	75476	2	24522	3	2
519	1	77124	2	22873	3	2	4	1
520	1	78742	2	21255	3	3
521	1	80464	2	19534	3	2
522	1	82181	2	17817	3	2
523	1	83199	2	16799	3	2
524	1	84406	2	15591	3	3
525	1	85709	2	14285	3	6
526	1	86652	2	13342	3	5	4	1
527	1	87864	2	12132	3	4
528	1	88590	2	11408	3	2
529	1	89534	2	10462	3	2	4	2
530	1	90138	2	9857	3	5
531	1	91038	2	8959	3	2	4	1
532	1	91681	2	8318	3	1
533	1	92231	2	7766	3	3
534	1	92875	2	7124	3	1
535	1	93371	2	6625	3	4
536	1	93940	2	6054	3	5	4	1
537	1	94310	2	5684	3	6
538	1	94756	2	5238	3	6
539	1	95188	2	4811	3	1
540	1	95488	2	4509	3	3
541	1	95919	2	4079	3	2
542	1	96126	2	3871	3	3
543	1	96451	2	3544	3	5
544	1	96718	2	3280	3	2
545	1	97046	2	2950	3	3	4	1
546	1	97163	2	2834	3	3
547	1	97468	2	2529	3	3
548	1	97541	2	2457	3	2
549	1	97841	2	2156	3	3
550	1	97887	2	2109	3	4
551	1	98062	2	1938
552	1	98232	2	1766	3	2
553	1	98373	2	1622	3	5
554	1	98484	2	1514	3	2
555	1	98579	2	1417	3	4
556	1	98671	2	1323	3	6
557	1	98780	2	1215	3	5
558	1	98807	2	1188	3	5
559	1	99011	2	988	3	1
560	1	99054	2	940	3	6
561	1	99058	2	937	3	5
562	1	99192	2	805	3	3
563	1	99199	2	795	3	6
564	1	99236	2	759	3	5
565	1	99289	2	708	3	3
566	1	99377	2	618	3	5
567	1	99370	2	626	3	4
568	1	99500	2	493	3	7
569	1	99515	2	481	3	4
570	1	99519	2	477	3	4
571	1	99543	2	452	3	5
572	1	99606	2	392	3	2
573	1	99621	2	378	3	1
574	1	99641	2	353	3	6
575	1	99664	2	333	3	3
576	1	99656	2	341	3	3
577	1	99699	2	297	3	4
578	1	99707	2	291	3	2
579	1	99714	2	285	3	1
580	1	99743	2	254	3	3
581	1	99765	2	231	3	4
582	1	99780	2	217	3	3
583	1	99755	2	235	3	10
584	1	99771	2	223	3	6
585	1	99769	2	224	3	7
586	1	99798	2	200	3	2
587	1	99796	2	202	3	2
588	1	99791	2	206	3	3
589	1	99823	2	171	3	6
590	1	99812	2	184	3	4
591	1	99803	2	188	3	9
592	1	99794	2	202	3	4
593	1	99824	2	169	3	7
594	1	99833	2	160	3	7
595	1	99812	2	182	3	6
596	1	99815	2	180	3	5
597	1	99823	2	174	3	3
598	1	99833	2	165	3	2
599	1	99833	2	161	3	6
600	1	99823	2	173	3	4
601	1	99785	2	212	3	3
602	1	99782	2	214	3	4
603	1	99787	2	208	3	5
604	1	99754	2	240	3	6
605	1	99783	2	210	3	7
606	1	99781	2	217	3	2
607	1	99772	2	226	3	2
608	1	99751	2	247	3	2
609	1	99776	2	222	3	2
610	1	99761	2	233	3	6
611	1	99767	2	229	3	4
612	1	99732	2	264	3	4
613	1	99728	2	267	3	5
614	1	99734	2	259	3	7
615	1	99712	2	286	3	2
616	1	99706	2	286	3	8
617	1	99739	2	251	3	10
618	1	99725	2	269	3	6
619	1	99701	2	292	3	7
620	1	99683	2	310	3	7
621	1	99716	2	276	3	8
622	1	99688	2	305	3	7
623	1	99711	2	282	3	7
624	1	99621	2	374	3	5
625	1	99648	2	351	3	1
626	1	99586	2	406	3	8
627	1	99598	2	388	3	14
628	1	99582	2	412	3	6
629	1	99608	2	388	3	4
630	1	99578	2	414	3	8
631	1	99547	2	450	3	3
632	1	99542	2	453	3	5
633	1	99547	2	446	3	7
634	1	99532	2	468
635	1	99514	2	480	3	6
636	1	99458	2	535	3	7
637	1	99493	2	504	3	3
638	1	99441	2	553	3	6
639	1	99413	2	581	3	6
640	1	99384	2	610	3	6
641	1	99408	2	587	3	5
642	1	99417	2	578	3	5
643	1	99349	2	643	3	8
644	1	99276	2	716	3	8
645	1	99298	2	699	3	3
646	1	99238	2	755	3	7
647	1	99284	2	702	3	14
648	1	99138	2	850	3	12
649	1	99278	2	717	3	5
650	1	99144	2	842	3	14
651	1	99051	2	943	3	6
652	1	99085	2	906	3	9
653	1	99072	2	923	3	5
654	1	99001	2	991	3	8
655	1	98934	2	1061	3	5
656	1	98948	2	1045	3	7
657	1	98962	2	1027	3	11
658	1	98827	2	1160	3	13
659	1	98758	2	1237	3	5
660	1	98614	2	1377	3	9
661	1	98706	2	1276	3	18
662	1	98536	2	1454	3	9	4	1
663	1	98585	2	1404	3	11
664	1	98299	2	1693	3	8
665	1	98269	2	1716	3	15
666	1	97996	2	1972	3	32
667	1	99053	2	938	3	9
668	1	98688	2	1297	3	15
669	1	98693	2	1292	3	15
670	1	98712	2	1275	3	13
671	1	98690	2	1298	3	12
672	1	98239	2	1738	3	23
673	1	98565	2	1414	3	21
674	1	98549	2	1430	3	21
675	1	98413	2	1566	3	21
676	1	98013	2	1959	3	28
677	1	98318	2	1663	3	19
678	1	98356	2	1625	3	19
679	1	98181	2	1802	3	17
680	1	97750	2	2225	3	24	4	1
681	1	98095	2	1877	3	27	4	1
682	1	98034	2	1942	3	23	4	1
683	1	97837	2	2124	3	38	4	1
684	1	97704	2	2272	3	24
685	1	97880	2	2093	3	27
686	1	97781	2	2183	3	36
687	1	97715	2	2260	3	25
688	1	97352	2	2614	3	34
689	1	97540	2	2418	3	40	4	2
690	1	97391	2	2572	3	37
691	1	97393	2	2567	3	39	4	1
692	1	97071	2	2885	3	44
693	1	97097	2	2864	3	39
694	1	97126	2	2836	3	38
695	1	96875	2	3080	3	44	4	1
696	1	96645	2	3290	3	65
697	1	96744	2	3200	3	55	4	1
698	1	96806	2	3130	3	64
699	1	96701	2	3255	3	44
700	1	96154	2	3763	3	81	4	1	5	1
701	1	96419	2	3515	3	66
702	1	96401	2	3531	3	65	4	3
703	1	96186	2	3734	3	78	4	2
704	1	95541	2	4369	3	86	4	4
705	1	95872	2	4041	3	84	4	3
706	1	96160	2	3763	3	76	4	1
707	1	95793	2	4110	3	97
708	1	95487	2	4415	3	94	4	4
709	1	95572	2	4312	3	112	4	4
710	1	95468	2	4433	3	96	4	3
711	1	95156	2	4718	3	125	4	1
712	1	94939	2	4941	3	120
713	1	95091	2	4775	3	131	4	3
714	1	94979	2	4902	3	118	4	1
715	1	94517	2	5341	3	139	4	3
716	1	93902	2	5923	3	171	4	4
717	1	94508	2	5337	3	151	4	4
718	1	94161	2	5659	3	177	4	3
719	1	94220	2	5611	3	167	4	2
720	1	93058	2	6699	3	240	4	3
721	1	93831	2	5986	3	178	4	5
722	1	93686	2	6106	3	203	4	5
723	1	93345	2	6420	3	229	4	5	5	1
724	1	92985	2	6766	3	248	4	1
725	1	92720	2	6987	3	285	4	8
726	1	92579	2	7143	3	270	4	8
727	1	92220	2	7469	3	301	4	10
728	1	92552	2	7175	3	265	4	7	5	1
729	1	92390	2	7326	3	274	4	10
730	1	92442	2	7275	3	276	4	7
731	1	92150	2	7536	3	304	4	10
732	1	91298	2	8346	3	344	4	12
733	1	91939	2	7743	3	312	4	6
734	1	91127	2	8470	3	389	4	13	5	1
735	1	90967	2	8625	3	399	4	8	5	1
736	1	89969	2	9544	3	470	4	16	5	1
737	1	90970	2	8617	3	400	4	12	5	1
738	1	90344	2	9170	3	467	4	18	5	1
739	1	90058	2	9458	3	464	4	20
740	1	89193	2	10217	3	571	4	18	5	1
741	1	89631	2	9831	3	513	4	25
742	1	89230	2	10183	3	570	4	17
743	1	89290	2	10163	3	528	4	18	5	1
744	1	88690	2	10662	3	623	4	23	5	2
745	1	88056	2	11205	3	705	4	32	5	2
746	1	88027	2	11213	3	733	4	27
747	1	87735	2	11508	3	735	4	21	5	1
748	1	87100	2	12054	3	804	4	41	5	1
749	1	86954	2	12220	3	791	4	33	5	2
750	1	86831	2	12276	3	841	4	51	5	1
751	1	83805	2	14934	3	1179	4	80	5	2
752	1	83111	2	15462	3	1358	4	66	5	3
753	1	83290	2	15347	3	1294	4	67	5	2
754	1	83267	2	15387	3	1273	4	73
755	1	82559	2	15867	3	1486	4	86	5	2
756	1	82458	2	15958	3	1492	4	90	5	2
757	1	83107	2	15431	3	1388	4	69	5	5
758	1	81728	2	16566	3	1593	4	110	5	3
759	1	81375	2	16811	3	1707	4	103	5	4
760	1	81137	2	16970	3	1777	4	109	5	7
761	1	81210	2	17006	3	1652	4	122	5	9	6	1
762	1	80879	2	17154	3	1826	4	135	5	6
763	1	80235	2	17651	3	1947	4	153	5	13	6	1
764	1	79806	2	18098	3	1924	4	166	5	5	6	1
765	1	79789	2	18030	3	2035	4	140	5	6
766	1	79260	2	18392	3	2170	4	159	5	19
767	1	78423	2	19085	3	2303	4	179	5	7	6	3
768	1	77117	2	20042	3	2595	4	228	5	16	6	2
769	1	76941	2	20203	3	2575	4	274	5	7
770	1	77806	2	19544	3	2422	4	213	5	14	6	1
771	1	77300	2	19877	3	2567	4	247	5	9
772	1	77043	2	20027	3	2633	4	276	5	20	6	1
773	1	75806	2	20941	3	2963	4	270	5	20
774	1	74855	2	21701	3	3124	4	292	5	26	6	2
775	1	74675	2	21695	3	3298	4	310	5	20	6	1	7	1
776	1	74363	2	21971	3	3315	4	327	5	23	6	1
777	1	73688	2	22465	3	3453	4	370	5	23	6	1
778	1	73597	2	22624	3	3402	4	342	5	31	6	4
779	1	72664	2	23309	3	3585	4	401	5	37	6	3	7	1
780	1	71260	2	24106	3	4156	4	435	5	40	6	3
781	1	71621	2	24024	3	3936	4	394	5	22	6	3
782	1	69734	2	25192	3	4464	4	547	5	55	6	7	7	1
783	1	70583	2	24499	3	4336	4	532	5	45	6	4	7	1
784	1	68344	2	25991	3	4969	4	624	5	68	6	4
785	1	69034	2	25648	3	4640	4	595	5	77	6	6
786	1	67243	2	26656	3	5294	4	715	5	84	6	7	7	1
787	1	68044	2	26152	3	5060	4	681	5	56	6	7
788	1	66397	2	27184	3	5603	4	723	5	83	6	10
789	1	66572	2	27124	3	5453	4	769	5	78	6	4
790	1	65041	2	28018	3	5902	4	921	5	109	6	8	7	1
791	1	64547	2	28117	3	6317	4	900	5	110	6	9
792	1	63195	2	29179	3	6494	4	1005	5	113	6	12	7	1	8	1
793	1	62534	2	29686	3	6686	4	956	5	126	6	12
794	1	60713	2	30447	3	7463	4	1218	5	144	6	14	7	1
795	1	61537	2	29938	3	7150	4	1206	5	154	6	14	7	1
796	1	59857	2	31047	3	7584	4	1318	5	174	6	19	7	1
797	1	59105	2	31099	3	8136	4	1460	5	182	6	14	7	4
798	1	57585	2	31938	3	8694	4	1572	5	187	6	21	7	3
799	1	57689	2	31902	3	8596	4	1568	5	211	6	27	7	7
800	1	58738	2	31045	3	8502	4	1509	5	194	6	11	7	1
801	1	60154	2	30158	3	8014	4	1469	5	189	6	14	7	2
802	1	59577	2	30340	3	8412	4	1439	5	208	6	21	7	3
803	1	58709	2	30884	3	8578	4	1574	5	231	6	20	7	4
804	1	57527	2	31589	3	8891	4	1704	5	251	6	36	7	2
805	1	55737	2	32178	3	9761	4	2003	5	291	6	28	7	1	9	1
806	1	55618	2	32282	3	9753	4	1998	5	309	6	36	7	2	8	1	9	1
807	1	53715	2	33146	3	10542	4	2206	5	340	6	45	7	6
808	1	53130	2	33385	3	10781	4	2277	5	366	6	56	7	4	8	1
809	1	52528	2	33807	3	10942	4	2347	5	330	6	42	7	4
810	1	50901	2	34237	3	11765	4	2565	5	449	6	76	7	7
811	1	50171	2	34711	3	11850	4	2703	5	493	6	59	7	13
812	1	49655	2	34571	3	12269	4	2878	5	530	6	81	7	14	8	2
813	1	48018	2	35160	3	13048	4	3148	5	537	6	78	7	8	8	3
814	1	47148	2	35432	3	13400	4	3323	5	588	6	93	7	15	8	1
815	1	46390	2	35711	3	13627	4	3536	5	619	6	101	7	12	8	3	9	1
816	1	45129	2	35818	3	14378	4	3762	5	769	6	126	7	17	8	1
817	1	44421	2	36096	3	14702	4	3839	5	814	6	112	7	11	8	5
818	1	43501	2	36533	3	14874	4	4083	5	822	6	162	7	21	8	3	10	1
819	1	41988	2	36676	3	15783	4	4414	5	964	6	143	7	28	8	4
820	1	41670	2	36669	3	15854	4	4591	5	1005	6	182	7	27	8	2
821	1	41032	2	36617	3	16333	4	4800	5	1026	6	166	7	25	8	1
822	1	39644	2	36704	3	17158	4	5107	5	1182	6	169	7	27	8	8	9	1
823	1	38171	2	36909	3	17792	4	5546	5	1294	6	249	7	36	8	3
824	1	38431	2	36917	3	17520	4	5533	5	1320	6	240	7	33	8	6
825	1	36764	2	37008	3	18469	4	5975	5	1444	6	288	7	42	8	10
826	1	36439	2	37024	3	18510	4	6124	5	1555	6	295	7	46	8	4	9	3
827	1	35079	2	37294	3	19150	4	6480	5	1605	6	329	7	56	8	6	9	1
828	1	34539	2	37131	3	19465	4	6716	5	1724	6	362	7	50	8	12	9	1
829	1	33143	2	37309	3	20024	4	7243	5	1844	6	368	7	58	8	10	9	1
830	1	32144	2	36988	3	20804	4	7411	5	2126	6	432	7	83	8	8	9	4
831	1	31241	2	37215	3	21001	4	7814	5	2165	6	476	7	74	8	11	10	3
832	1	30302	2	36745	3	21718	4	8168	5	2411	6	552	7	90	8	10	9	4
833	1	29547	2	36468	3	22174	4	8570	5	2528	6	599	7	96	8	16	9	2
834	1	27503	2	36010	3	23250	4	9545	5	2852	6	673	7	148	8	16	9	2	10	1
835	1	27220	2	36001	3	23107	4	9820	5	2987	6	696	7	145	8	21	9	3
836	1	25807	2	35488	3	23697	4	10506	5	3453	6	828	7	186	8	28	9	6	10	1
837	1	25406	2	35557	3	24035	4	10564	5	3360	6	849	7	192	8	30	9	5	10	1	11	1
838	1	24318	2	35227	3	24310	4	11213	5	3692	6	968	7	218	8	44	9	9	10	1
839	1	24005	2	35021	3	24671	4	11245	5	3782	6	985	7	235	8	49	9	5	10	1	11	1
840	1	22628	2	34411	3	25130	4	12050	5	4232	6	1199	7	279	8	61	9	7	10	3
841	1	22239	2	34261	3	25559	4	12230	5	4229	6	1154	7	276	8	46	9	6
842	1	20019	2	32937	3	26239	4	13552	5	5214	6	1541	7	390	8	91	9	15	10	2
843	1	20846	2	33400	3	25963	4	13071	5	4868	6	1414	7	348	8	78	9	11	10	1
844	1	20027	2	32757	3	26290	4	13688	5	5183	6	1579	7	369	8	87	9	15	10	5
845	1	19006	2	32110	3	26683	4	14330	5	5600	6	1731	7	420	8	105	9	11	10	3	11	1
846	1	18023	2	32003	3	26756	4	14689	5	6013	6	1929	7	464	8	102	9	17	10	3	11	1
847	1	17382	2	31258	3	27194	4	15127	5	6264	6	2047	7	558	8	128	9	38	10	4
848	1	16273	2	30072	3	27217	4	16170	5	7044	6	2383	7	634	8	156	9	46	10	5
849	1	15910	2	29782	3	27471	4	16251	5	7256	6	2446	7	700	8	156	9	20	10	7	11	1
850	1	15042	2	29286	3	27491	4	16895	5	7618	6	2686	7	737	8	199	9	32	10	14
851	1	14096	2	28572	3	27568	4	17645	5	8058	6	2935	7	812	8	232	9	63	10	16	11	2	12	1
852	1	13178	2	27566	3	27961	4	18125	5	8665	6	3182	7	989	8	262	9	51	10	18	11	2	12	1
853	1	13146	2	27368	3	27585	4	18389	5	8857	6	3308	7	1005	8	256	9	66	10	16	11	4
854	1	12107	2	26355	3	27941	4	18927	5	9340	6	3654	7	1230	8	343	9	84	10	15	11	4
855	1	11231	2	25167	3	27648	4	19565	5	10334	6	4207	7	1362	8	372	9	87	10	25	11	2
856	1	10413	2	24141	3	27663	4	20124	5	10772	6	4637	7	1623	8	474	9	119	10	24	11	6	12	4
857	1	9862	2	23604	3	27234	4	20688	5	11408	6	4803	7	1717	8	500	9	134	10	40	11	9	12	1
858	1	13044	2	25929	3	26963	4	18859	5	9658	6	3810	7	1253	8	364	9	92	10	20	11	6	12	2
859	1	11278	2	24023	3	26877	4	19963	5	10852	6	4677	7	1688	8	489	9	123	10	21	11	7	12	1	13	1
860	1	11012	2	23542	3	26628	4	20193	5	11251	6	4901	7	1798	8	492	9	138	10	39	11	5	12	1
861	1	9989	2	22686	3	26647	4	20534	5	12011	6	5340	7	1958	8	625	9	157	10	44	11	7	12	2
862	1	9520	2	21679	3	26238	4	21003	5	12510	6	5799	7	2291	8	725	9	177	10	46	11	11	12	1
863	1	8325	2	20243	3	25735	4	21811	5	13581	6	6464	7	2615	8	904	9	232	10	75	11	11	12	3	13	1
864	1	8331	2	20184	3	25770	4	21766	5	13427	6	6696	7	2581	8	902	9	252	10	70	11	18	12	3
865	1	7553	2	19490	3	25649	4	22123	5	13966	6	7010	7	2872	8	983	9	264	10	68	11	19	12	3
866	1	7059	2	18350	3	24873	4	22179	5	14809	6	7769	7	3332	8	1173	9	345	10	79	11	22	12	8	13	2
867	1	6619	2	17780	3	24553	4	22547	5	15267	6	8007	7	3343	8	1312	9	410	10	126	11	24	12	8	13	3	14	1
868	1	6123	2	17012	3	24201	4	22387	5	15673	6	8591	7	3890	8	1395	9	521	10	144	11	51	12	11	13	1
869	1	5465	2	16048	3	23781	4	22862	5	16248	6	9079	7	4204	8	1573	9	531	10	149	11	45	12	14	14	1
870	1	5540	2	15810	3	23414	4	22747	5	16309	6	9302	7	4397	8	1693	9	553	10	184	11	37	12	12	13	1	14	1
871	1	4962	2	14911	3	22974	4	22833	5	17026	6	9809	7	4733	8	1808	9	660	10	225	11	46	12	11	13	1	15	1
872	1	4588	2	14268	3	22017	4	22906	5	17391	6	10438	7	5206	8	2084	9	784	10	231	11	69	12	15	13	3
873	1	4295	2	13700	3	21604	4	23231	5	17568	6	10731	7	5392	8	2316	9	792	10	279	11	63	12	19	13	9	15	1
874	1	3951	2	12684	3	20825	4	22697	5	18427	6	11500	7	5922	8	2625	9	920	10	315	11	107	12	22	13	5
875	1	3553	2	12128	3	20578	4	22874	5	18695	6	11784	7	6057	8	2816	9	1009	10	356	11	111	12	33	13	5	15	1
876	1	3101	2	10832	3	19344	4	22332	5	19298	6	12844	7	7049	8	3249	9	1310	10	452	11	127	12	39	13	16	14	7
877	1	2687	2	9840	3	18305	4	22480	5	19655	6	13492	7	7768	8	3602	9	1459	10	478	11	161	12	53	13	15	14	3	15	2
878	1	2493	2	9302	3	17673	4	21369	5	19845	6	14162	7	8315	8	4107	9	1731	10	691	11	224	12	67	13	17	14	3	15	1
879	1	2357	2	9107	3	17144	4	21724	5	20096	6	14313	7	8440	8	4043	9	1756	10	684	11	238	12	72	13	23	14	3
880	1	2215	2	8312	3	16509	4	20995	5	19961	6	14968	7	9170	8	4589	9	2050	10	820	11	285	12	87	13	24	14	12	15	3
881	1	1864	2	7815	3	15939	4	20836	5	20127	6	15343	7	9547	8	5030	9	2232	10	829	11	310	12	102	13	18	14	6	15	2
882	1	1976	2	7834	3	15564	4	20578	5	19942	6	15407	7	9653	8	5209	9	2377	10	974	11	330	12	110	13	33	14	10	15	2	16	1
883	1	1619	2	6953	3	14503	4	19978	5	20256	6	16178	7	10457	8	5700	9	2643	10	1107	11	425	12	128	13	41	14	7	15	2	16	2	20	1
884	1	1527	2	6348	3	13706	4	19555	5	20053	6	16459	7	11138	8	6174	9	3026	10	1279	11	511	12	156	13	43	14	19	15	5	16	1
885	1	1267	2	5691	3	12920	4	18954	5	20228	6	17051	7	11634	8	6734	9	3305	10	1411	11	524	12	185	13	61	14	20	15	12	16	2	19	1
886	1	1195	2	5466	3	12420	4	18244	5	19897	6	17321	7	12109	8	7101	9	3607	10	1628	11	665	12	220	13	81	14	35	15	11
887	1	1033	2	4942	3	11325	4	17781	5	19868	6	17647	7	12656	8	7701	9	4004	10	1903	11	741	12	271	13	83	14	37	15	4	16	3	17	1
888	1	920	2	4317	3	10640	4	16763	5	19767	6	17956	7	13338	8	8152	9	4547	10	2178	11	903	12	358	13	107	14	43	15	9	16	2
889	1	1206	2	4882	3	11198	4	17288	5	19447	6	17586	7	12701	8	8065	9	4320	10	1990	11	836	12	330	13	111	14	31	15	5	16	2	17	1	19	1
890	1	1049	2	4515	3	10459	4	16388	5	19301	6	17587	7	13400	8	8719	9	4706	10	2316	11	990	12	385	13	125	14	46	15	12	16	2
891	1	799	2	3868	3	9475	4	15340	5	18612	6	18077	7	14242	8	9507	9	5334	10	2742	11	1242	12	483	13	187	14	70	15	14	16	7	19	1
892	1	877	2	3969	3	9393	4	15551	5	18564	6	17852	7	13960	8	9476	9	5561	10	2682	11	1281	12	528	13	214	14	67	15	20	16	5
893	1	617	2	3012	3	7833	4	13873	5	17942	6	18264	7	15082	8	10782	9	6465	10	3455	11	1573	12	675	13	297	14	82	15	32	16	12	17	4
894	1	664	2	3109	3	7982	4	13727	5	17520	6	17980	7	15230	8	10651	9	6626	10	3536	11	1723	12	773	13	311	14	121	15	31	16	14	17	2
895	1	498	2	2652	3	7263	4	12878	5	17158	6	18275	7	15734	8	11318	9	7063	10	3923	11	1917	12	846	13	301	14	119	15	34	16	17	17	4
896	1	512	2	2342	3	6463	4	11883	5	16431	6	17918	7	16133	8	12027	9	7898	10	4452	11	2253	12	1020	13	450	14	145	15	40	16	21	17	10	18	1	19	1
897	1	361	2	2074	3	6049	4	11291	5	15989	6	17882	7	16526	8	12567	9	8193	10	4759	11	2392	12	1160	13	484	14	180	15	57	16	27	17	5	18	3	19	1
898	1	412	2	2114	3	5789	4	10756	5	15446	6	17764	7	16209	8	12782	9	8728	10	5050	11	2765	12	1272	13	550	14	235	15	86	16	33	17	8	19	1
899	1	269	2	1619	3	4701	4	9715	5	14838	6	17407	7	16779	8	13931	9	9371	10	5770	11	3088	12	1486	13	648	14	253	15	79	16	34	17	9	18	2	22	1
900	1	287	2	1691	3	4811	4	9543	5	14539	6	17065	7	16499	8	13670	9	9841	10	5937	11	3310	12	1560	13	742	14	302	15	129	16	41	17	21	18	9	19	3
901	1	176	2	1221	3	3952	4	8607	5	13383	6	16700	7	16925	8	14328	9	10486	10	6776	11	3916	12	1968	13	920	14	395	15	162	16	59	17	21	18	5
902	1	189	2	1156	3	3578	4	8056	5	12558	6	15889	7	16689	8	14853	9	11187	10	7390	11	4305	12	2351	13	1032	14	466	15	189	16	78	17	18	18	14	19	1	20	1
903	1	133	2	952	3	3305	4	7281	5	12098	6	15582	7	16974	8	15066	9	11745	10	7832	11	4611	12	2459	13	1123	14	516	15	184	16	93	17	33	18	9	19	1	20	2	24	1
904	1	172	2	1056	3	3241	4	7030	5	11736	6	15396	7	16375	8	14969	9	11816	10	8048	11	4912	12	2815	13	1405	14	594	15	255	16	126	17	36	18	12	19	4	20	1	21	1
905	1	98	2	674	3	2530	4	6040	5	10455	6	14705	7	16421	8	15636	9	12636	10	9048	11	5713	12	3176	13	1608	14	716	15	343	16	143	17	39	18	14	19	5
906	1	104	2	741	3	2456	4	5643	5	10004	6	13838	7	16018	8	15535	9	13229	10	9433	11	6121	12	3473	13	1903	14	857	15	380	16	155	17	73	18	28	19	5	20	2	21	2
907	1	85	2	600	3	1976	4	5072	5	9302	6	13429	7	15781	8	15733	9	13490	10	10065	11	6667	12	3879	13	2097	14	1058	15	450	16	197	17	87	18	17	19	9	20	2	21	4
908	1	70	2	461	3	1766	4	4381	5	8090	6	12138	7	14955	8	15730	9	13871	10	11084	11	7588	12	4794	13	2622	14	1361	15	659	16	250	17	108	18	48	19	23	20	1
909	1	40	2	359	3	1463	4	3909	5	7725	6	11797	7	14629	8	15704	9	14374	10	11354	11	8070	12	5112	13	2759	14	1435	15	724	16	324	17	132	18	60	19	17	20	8	21	5
910	1	99	2	502	3	1880	4	4361	5	7971	6	12009	7	14638	8	15456	9	13952	10	10868	11	7821	12	4852	13	2854	14	1525	15	711	16	294	17	133	18	46	19	13	20	10	21	4	22	1
911	1	59	2	389	3	1505	4	3888	5	7534	6	11473	7	14249	8	15515	9	14441	10	11415	11	8175	12	5323	13	3079	14	1595	15	765	16	355	17	141	18	62	19	18	20	11	21	7	22	1
912	1	53	2	370	3	1297	4	3288	5	6464	6	10113	7	13571	8	15235	9	14454	10	12331	11	9069	12	6146	13	3723	14	2044	15	1026	16	481	17	205	18	73	19	39	20	9	21	6	22	3
913	1	33	2	262	3	997	4	2805	5	5766	6	9729	7	13075	8	14960	9	14669	10	12562	11	9863	12	6580	13	4162	14	2328	15	1201	16	584	17	243	18	105	19	48	20	20	21	5	22	2	24	1
914	1	39	2	311	3	1111	4	2782	5	5582	6	9290	7	12544	8	14597	9	14790	10	12770	11	9959	12	6947	13	4264	14	2534	15	1347	16	640	17	284	18	140	19	45	20	17	21	4	22	2	24	1
915	1	15	2	176	3	735	4	2225	5	4783	6	8367	7	12048	8	14312	9	14867	10	13578	11	10568	12	7571	13	4951	14	2837	15	1596	16	749	17	341	18	175	19	70	20	20	21	8	22	6	23	1	24	1
916	1	28	2	233	3	852	4	2208	5	4724	6	7829	7	11311	8	13851	9	14450	10	13193	11	11035	12	8206	13	5270	14	3198	15	1918	16	951	17	451	18	174	19	68	20	29	21	15	22	2	23	3	26	1
917	1	12	2	114	3	533	4	1714	5	3792	6	6982	7	10703	8	13279	9	14674	10	13744	11	11646	12	8896	13	5953	14	3862	15	2067	16	1078	17	533	18	220	19	119	20	47	21	22	22	6	23	3	24	1
918	1	22	2	148	3	536	4	1486	5	3485	6	6328	7	9603	8	12460	9	14323	10	14002	11	12134	12	9544	13	6642	14	4191	15	2497	16	1331	17	698	18	332	19	139	20	54	21	25	22	17	23	3
919	1	7	2	72	3	399	4	1252	5	3127	6	5940	7	9439	8	12353	9	14257	10	13883	11	12360	12	9860	13	7048	14	4536	15	2667	16	1473	17	710	18	342	19	163	20	63	21	31	22	9	23	6	24	3
920	1	18	2	137	3	455	4	1260	5	2945	6	5440	7	8334	8	11582	9	13459	10	13927	11	12808	12	10367	13	7522	14	4994	15	3180	16	1806	17	899	18	478	19	234	20	87	21	45	22	18	23	4	27	1
921	1	3	2	41	3	244	4	814	5	2291	6	4521	7	7653	8	10760	9	13225	10	14048	11	13395	12	11212	13	8436	14	5659	15	3468	16	2117	17	1100	18	575	19	250	20	101	21	58	22	16	23	7	24	2	25	2	26	2
922	1	5	2	71	3	301	4	905	5	2098	6	4096	7	6908	8	10095	9	12401	10	13584	11	13175	12	11679	13	8973	14	6421	15	4073	16	2500	17	1381	18	706	19	325	20	168	21	70	22	40	23	16	24	5	25	4
923	1	2	2	30	3	140	4	603	5	1604	6	3659	7	6297	8	9427	9	12312	10	13651	11	13347	12	12033	13	9544	14	6844	15	4561	16	2790	17	1573	18	811	19	432	20	214	21	72	22	27	23	20	24	3	25	1	26	1	27	1	28	1
924	1	10	2	57	3	290	4	836	5	2033	6	4030	7	6645	8	9625	9	11951	10	13300	11	13210	12	11585	13	9397	14	6748	15	4441	16	2746	17	1511	18	832	19	434	20	174	21	79	22	40	23	17	24	7	25	2
925	1	3	2	21	3	147	4	460	5	1355	6	2986	7	5537	8	8559	9	11383	10	13383	11	13421	12	12380	13	10167	14	7595	15	5219	16	3391	17	1946	18	1065	19	497	20	276	21	118	22	44	23	27	24	12	25	5	26	3
926	1	5	2	30	3	159	4	596	5	1377	6	2594	7	4879	8	7468	9	10234	10	12552	11	13037	12	12774	13	10797	14	8354	15	6103	16	3963	17	2433	18	1317	19	677	20	394	21	141	22	64	23	34	24	8	25	6	26	1	27	2	31	1
927	1	3	2	11	3	92	4	356	5	1035	6	2352	7	4449	8	7066	9	10073	10	12377	11	13329	12	12796	13	11027	14	8846	15	6474	16	4183	17	2518	18	1492	19	715	20	427	21	229	22	83	23	37	24	19	25	6	26	5
928	1	4	2	31	3	143	4	397	5	970	6	2142	7	3984	8	6379	9	9091	10	11406	11	12838	12	12828	13	11539	14	9498	15	6917	16	4924	17	3076	18	1807	19	1009	20	525	21	258	22	138	23	43	24	26	25	18	26	5	27	1	28	1	29	1	30	1
929	2	10	3	57	4	211	5	678	6	1519	7	3350	8	5949	9	8594	10	11314	11	12813	12	13118	13	11861	14	9979	15	7535	16	5242	17	3438	18	2027	19	1138	20	600	21	316	22	137	23	68	24	33	25	9	26	2	27	2
930	1	2	2	23	3	84	4	305	5	705	6	1559	7	3110	8	5193	9	7727	10	10397	11	12130	12	12788	13	11959	14	10539	15	8241	16	5823	17	3957	18	2475	19	1423	20	788	21	424	22	201	23	74	24	35	25	24	26	9	27	3	29	1	31	1
931	1	1	2	2	3	27	4	124	5	430	6	1124	7	2462	8	4441	9	6963	10	9527	11	11876	12	13008	13	12553	14	11015	15	9004	16	6604	17	4521	18	2804	19	1684	20	889	21	474	22	245	23	131	24	54	25	23	26	5	27	5	28	3	29	1
932	1	1	2	10	3	65	4	192	5	510	6	1143	7	2282	8	4077	9	6493	10	8717	11	10991	12	12103	13	12141	14	11323	15	9498	16	7226	17	5195	18	3469	19	2111	20	1226	21	620	22	313	23	157	24	69	25	38	26	18	27	8	28	3	29	1
933	3	20	4	70	5	253	6	752	7	1727	8	3342	9	5634	10	8327	11	10668	12	12117	13	12638	14	11857	15	9824	16	7880	17	5704	18	3849	19	2401	20	1356	21	818	22	406	23	192	24	101	25	36	26	14	27	11	28	1	29	1	33	1
934	1	3	2	11	3	61	4	159	5	488	6	938	7	1995	8	3529	9	5693	10	7972	11	10326	12	11685	13	12376	14	11683	15	10019	16	7833	17	5754	18	3865	19	2535	20	1432	21	787	22	434	23	217	24	120	25	47	26	25	27	7	28	3	29	1	30	2
935	3	10	4	67	5	188	6	541	7	1341	8	2738	9	4697	10	7023	11	9613	12	11444	13	12357	14	12037	15	10887	16	8766	17	6513	18	4667	19	2995	20	1888	21	1028	22	593	23	294	24	178	25	76	26	37	27	9	28	9	29	4
936	1	3	2	10	3	67	4	164	5	325	6	747	7	1537	8	2807	9	4312	10	6736	11	9247	12	11051	13	11986	14	11978	15	10726	16	8894	17	6862	18	4903	19	3039	20	2120	21	1200	22	661	23	319	24	174	25	80	26	21	27	18	28	9	29	2	30	1	31	1
937	2	1	3	6	4	33	5	111	6	338	7	882	8	2020	9	3770	10	5931	11	8365	12	10535	13	11946	14	12156	15	11394	16	9719	17	7645	18	5560	19	3927	20	2461	21	1513	22	811	23	440	24	239	25	101	26	54	27	26	28	10	29	2	30	4
938	2	3	3	20	4	65	5	199	6	458	7	954	8	1790	9	3060	10	5082	11	7348	12	9453	13	11010	14	12138	15	11625	16	10398	17	8483	18	6294	19	4479	20	3005	21	1915	22	1045	23	559	24	315	25	166	26	77	27	34	28	14	29	5	30	4	32	2
939	3	8	4	17	5	82	6	235	7	604	8	1359	9	2737	10	4568	11	6860	12	9203	13	10968	14	11714	15	11570	16	10845	17	9155	18	6992	19	5038	20	3254	21	2091	22	1250	23	704	24	384	25	183	26	97	27	52	28	16	29	8	30	5	31	1
940	1	1	2	5	3	23	4	70	5	153	6	353	7	680	8	1332	9	2340	10	3883	11	5952	12	8190	13	10198	14	11410	15	11671	16	10982	17	9430	18	7619	19	5611	20	3993	21	2580	22	1527	23	896	24	556	25	276	26	140	27	68	28	34	29	14	30	7	31	1	32	2	33	2	34	1
941	3	3	4	7	5	32	6	127	7	328	8	857	9	1751	10	3255	11	5187	12	7394	13	9531	14	11120	15	11687	16	11523	17	10323	18	8382	19	6283	20	4658	21	3109	22	1920	23	1140	24	664	25	357	26	191	27	88	28	50	29	18	30	6	31	7	33	1	34	1
942	2	5	3	18	4	42	5	125	6	258	7	545	8	1040	9	1839	10	3080	11	4818	12	7169	13	9066	14	10775	15	11631	16	11326	17	10299	18	8477	19	6732	20	4777	21	3237	22	2036	23	1222	24	716	25	353	26	203	27	121	28	57	29	16	30	9	31	3	32	2	33	2	34	1
943	4	6	5	28	6	76	7	234	8	585	9	1343	10	2530	11	4120	12	6017	13	8442	14	10388	15	11359	16	11543	17	10686	18	9173	19	7561	20	5631	21	4049	22	2560	23	1622	24	926	25	537	26	297	27	159	28	61	29	46	30	12	31	7	32	2
944	1	1	2	4	3	10	4	46	5	85	6	181	7	363	8	710	9	1325	10	2343	11	3742	12	5497	13	7556	14	9455	15	10865	16	11405	17	10839	18	9712	19	7862	20	6148	21	4387	22	2952	23	1925	24	1199	25	642	26	368	27	203	28	89	29	51	30	15	31	12	32	5	33	2	34	1
945	3	1	4	1	5	19	6	38	7	129	8	390	9	873	10	1726	11	3038	12	4911	13	6951	14	8813	15	10484	16	11142	17	11255	18	10155	19	8692	20	6986	21	5187	22	3587	23	2300	24	1475	25	866	26	480	27	251	28	127	29	73	30	30	31	12	32	5	33	2	34	1
946	3	8	4	16	5	53	6	129	7	264	8	530	9	947	10	1563	11	2636	12	4135	13	6164	14	8069	15	9797	16	10918	17	11153	18	10427	19	9375	20	7435	21	5685	22	3909	23	2718	24	1754	25	1017	26	617	27	357	28	175	29	74	30	40	31	21	32	5	33	5	34	1	36	1	38	2
947	3	1	4	2	5	11	6	21	7	81	8	235	9	579	10	1250	11	2251	12	3731	13	5740	14	7755	15	9426	16	10788	17	11117	18	10915	19	9725	20	7863	21	6189	22	4520	23	3090	24	1981	25	1192	26	684	27	424	28	215	29	110	30	55	31	24	32	14	33	3	34	1	35	1	36	2	37	3	39	1
948	2	2	3	7	4	16	5	45	6	128	7	243	8	427	9	764	10	1337	11	2181	12	3480	13	5243	14	7095	15	8974	16	10282	17	10851	18	10776	19	9808	20	8151	21	6582	22	4774	23	3399	24	2239	25	1441	26	807	27	442	28	262	29	137	30	52	31	26	32	13	33	10	34	2	35	2	37	1	42	1
949	4	4	5	1	6	6	7	57	8	126	9	335	10	726	11	1423	12	2602	13	4180	14	6167	15	8010	16	9924	17	10670	18	11018	19	10635	20	9333	21	7471	22	5811	23	4232	24	2885	25	1881	26	1121	27	617	28	353	29	201	30	115	31	55	32	18	33	9	34	9	35	2	36	1	37	1	38	1
950	3	4	4	3	5	28	6	82	7	144	8	274	9	464	10	776	11	1368	12	2301	13	3656	14	5415	15	7293	16	8998	17	10277	18	10989	19	10445	20	9612	21	8153	22	6326	23	4780	24	3357	25	2177	26	1318	27	800	28	445	29	238	30	147	31	76	32	28	33	12	34	7	35	3	37	3	39	1
951	5	3	6	7	7	21	8	59	9	216	10	458	11	1037	12	1895	13	3224	14	4835	15	6671	16	8549	17	9937	18	10692	19	10905	20	9932	21	8734	22	6999	23	5362	24	3852	25	2650	26	1665	27	997	28	612	29	313	30	179	31	102	32	55	33	16	34	14	35	4	36	4	41	1
952	2	1	3	3	4	13	5	29	6	58	7	134	8	229	9	393	10	635	11	1109	12	1777	13	2661	14	4180	15	6027	16	7666	17	9311	18	10267	19	10657	20	10132	21	9122	22	7461	23	5958	24	4316	25	2968	26	1982	27	1187	28	770	29	454	30	235	31	120	32	72	33	43	34	15	35	10	36	3	38	1	41	1
953	5	1	6	3	7	11	8	41	9	105	10	263	11	623	12	1172	13	2173	14	3407	15	5134	16	7136	17	8607	18	10024	19	10687	20	10661	21	9725	22	8438	23	6700	24	5183	25	3658	26	2461	27	1563	28	979	29	584	30	343	31	163	32	68	33	36	34	27	35	8	36	8	37	6	38	2
954	2	1	4	3	5	15	6	46	7	88	8	151	9	293	10	411	11	652	12	1090	13	1895	14	2900	15	4351	16	6214	17	8001	18	9356	19	10234	20	10594	21	10052	22	8877	23	7342	24	5559	25	4296	26	2852	27	1920	28	1217	29	708	30	422	31	219	32	113	33	59	34	38	35	17	36	12	37	1	40	1
955	6	4	7	2	8	23	9	38	10	159	11	337	12	749	13	1386	14	2442	15	3796	16	5621	17	7313	18	8830	19	10247	20	10421	21	10325	22	9419	23	8013	24	6361	25	4910	26	3587	27	2309	28	1481	29	993	30	549	31	324	32	195	33	79	34	43	35	25	36	8	37	6	38	2	39	3
956	3	2	4	8	5	15	6	41	7	63	8	125	9	236	10	357	11	523	12	796	13	1280	14	2040	15	3166	16	4738	17	6276	18	8011	19	9308	20	10138	21	10226	22	9508	23	8518	24	7096	25	5650	26	4162	27	2819	28	1978	29	1245	30	692	31	464	32	254	33	130	34	65	35	32	36	21	37	9	38	4	39	2	40	1	42	1
957	7	3	8	14	9	33	10	95	11	206	12	500	13	971	14	1763	15	2816	16	4314	17	5920	18	7709	19	9143	20	10080	21	10607	22	10003	23	8766	24	7639	25	6091	26	4488	27	3196	28	2206	29	1421	30	868	31	514	32	314	33	146	34	81	35	36	36	33	37	14	38	5	39	2	40	3
958	4	3	5	5	6	18	7	46	8	95	9	158	10	236	11	413	12	515	13	830	14	1383	15	2170	16	3427	17	4894	18	6576	19	8162	20	9396	21	10126	22	10053	23	9572	24	8299	25	6949	26	5389	27	3948	28	2680	29	1849	30	1198	31	726	32	399	33	228	34	123	35	71	36	35	37	17	38	5	39	4	40	2
959	8	8	9	20	10	52	11	118	12	262	13	532	14	1090	15	1899	16	3077	17	4489	18	6043	19	7744	20	9098	21	9932	22	10266	23	9562	24	8786	25	7495	26	6103	27	4444	28	3170	29	2225	30	1439	31	948	32	551	33	292	34	177	35	93	36	50	37	20	38	13	39	1	42	1
960	2	1	3	1	4	4	5	10	6	17	7	33	8	81	9	150	10	173	11	286	12	424	13	616	14	1000	15	1558	16	2515	17	3568	18	4891	19	6640	20	8269	21	9119	22	9775	23	9930	24	9286	25	8145	26	6781	27	5194	28	4005	29	2718	30	1890	31	1222	32	750	33	443	34	217	35	130	36	77	37	37	38	23	39	10	40	3	41	2	42	5	45	1
961	8	3	9	8	10	23	11	54	12	149	13	281	14	625	15	1074	16	1901	17	3171	18	4561	19	6036	20	7608	21	9005	22	9652	23	10021	24	9726	25	8679	26	7533	27	6006	28	4587	29	3269	30	2273	31	1472	32	950	33	574	34	368	35	196	36	86	37	56	38	25	39	15	40	7	41	4	43	2
962	4	1	5	5	6	15	7	27	8	64	9	100	10	182	11	237	12	317	13	459	14	678	15	1028	16	1702	17	2590	18	3713	19	5277	20	6859	21	8363	22	9559	23	9866	24	9691	25	8985	26	7906	27	6477	28	4919	29	3800	30	2582	31	1769	32	1186	33	676	34	432	35	246	36	133	37	58	38	50	39	24	40	11	41	7	42	4	43	1	46	1
963	7	1	8	2	9	9	10	19	11	40	12	92	13	209	14	395	15	771	16	1457	17	2319	18	3391	19	4837	20	6349	21	7815	22	8977	23	9816	24	9807	25	9386	26	8373	27	7120	28	5793	29	4245	30	3093	31	2106	32	1390	33	901	34	583	35	315	36	191	37	82	38	56	39	28	40	16	41	10	42	4	43	1	45	1
964	4	2	5	6	6	22	7	29	8	44	9	70	10	129	11	193	12	272	13	388	14	545	15	726	16	1064	17	1767	18	2738	19	3889	20	5364	21	6690	22	8235	23	9107	24	9623	25	9397	26	8837	27	7692	28	6459	29	5130	30	3879	31	2763	32	1854	33	1186	34	794	35	438	36	302	37	179	38	89	39	46	40	20	41	19	42	8	43	3	46	2
965	9	3	10	6	11	13	12	49	13	92	14	199	15	391	16	818	17	1363	18	2233	19	3372	20	4681	21	6179	22	7634	23	8903	24	9543	25	9782	26	9239	27	8461	28	7113	29	5832	30	4510	31	3241	32	2261	33	1506	34	1046	35	636	36	395	37	242	38	118	39	69	40	33	41	13	42	13	43	4	44	5	46	1	48	1
966	6	3	7	10	8	39	9	57	10	100	11	171	12	245	13	276	14	380	15	455	16	732	17	1033	18	1726	19	2595	20	3841	21	5307	22	6849	23	8268	24	9149	25	9706	26	9490	27	8719	28	7645	29	6526	30	5084	31	3868	32	2763	33	1876	34	1214	35	759	36	447	37	286	38	167	39	106	40	57	41	32	42	10	43	3	44	4	46	1	49	1
967	8	2	10	5	11	7	12	16	13	45	14	97	15	229	16	442	17	805	18	1298	19	2142	20	3256	21	4508	22	6053	23	7539	24	8669	25	9379	26	9566	27	9209	28	8566	29	7303	30	5859	31	4568	32	3487	33	2542	34	1677	35	1069	36	693	37	413	38	265	39	140	40	73	41	38	42	21	43	10	44	5	46	3	47	1
968	3	1	4	2	5	7	6	12	7	25	8	31	9	47	10	85	11	130	12	189	13	255	14	343	15	418	16	591	17	823	18	1242	19	1996	20	2963	21	4109	22	5520	23	6607	24	8104	25	8831	26	9280	27	9189	28	8470	29	7649	30	6214	31	4977	32	3885	33	2766	34	1908	35	1327	36	820	37	508	38	279	39	181	40	113	41	42	42	23	43	26	44	7	45	3	46	1	47	1
969	10	1	11	2	12	11	13	27	14	57	15	122	16	239	17	501	18	899	19	1482	20	2328	21	3452	22	4797	23	6129	24	7497	25	8707	26	9295	27	9533	28	9066	29	8197	30	6996	31	5772	32	4712	33	3356	34	2356	35	1749	36	1058	37	686	38	414	39	246	40	152	41	85	42	38	43	24	44	7	45	3	46	2	47	1	49	1
970	4	1	7	1	8	11	9	24	10	42	11	70	12	141	13	200	14	241	15	300	16	355	17	415	18	679	19	1009	20	1561	21	2485	22	3681	23	5103	24	6326	25	7767	26	8594	27	9505	28	9457	29	8856	30	8015	31	6620	32	5535	33	4154	34	3009	35	2099	36	1457	37	896	38	605	39	336	40	189	41	125	42	70	43	27	44	22	45	8	46	5	47	1	48	2	53	1
971	10	2	11	1	12	3	13	16	14	38	15	72	16	159	17	297	18	506	19	835	20	1452	21	2200	22	3271	23	4414	24	5900	25	7086	26	8332	27	8930	28	9285	29	9249	30	8394	31	7286	32	6136	33	4842	34	3629	35	2615	36	1875	37	1191	38	825	39	510	40	283	41	159	42	106	43	43	44	27	45	14	46	6	47	7	48	3	49	1
972	5	5	6	6	7	9	8	17	9	33	10	47	11	68	12	114	13	152	14	209	15	270	16	327	17	381	18	528	19	721	20	1146	21	1768	22	2518	23	3644	24	5005	25	6340	26	7565	27	8417	28	8904	29	8979	30	8586	31	7909	32	6750	33	5431	34	4398	35	3271	36	2230	37	1579	38	1062	39	655	40	383	41	239	42	141	43	88	44	45	45	27	46	18	47	8	48	5	49	2
973	12	6	13	6	14	12	15	36	16	62	17	110	18	231	19	467	20	762	21	1293	22	2091	23	2988	24	4169	25	5616	26	6849	27	8034	28	8988	29	9332	30	9061	31	8442	32	7516	33	6487	34	5057	35	3894	36	2898	37	2005	38	1323	39	902	40	549	41	353	42	207	43	126	44	67	45	29	46	12	47	10	48	2	49	3	50	2	51	1	52	2
974	7	2	8	2	9	8	10	27	11	49	12	94	13	127	14	186	15	247	16	259	17	259	18	331	19	397	20	581	21	899	22	1542	23	2256	24	3289	25	4577	26	5821	27	7145	28	8227	29	8928	30	9054	31	8806	32	8180	33	7106	34	5828	35	4718	36	3520	37	2607	38	1746	39	1236	40	774	41	458	42	303	43	175	44	109	45	60	46	29	47	18	48	8	49	5	50	4	51	1	52	1	57	1
975	11	1	12	2	13	4	14	13	15	22	16	47	17	85	18	181	19	292	20	469	21	817	22	1347	23	2086	24	3041	25	4040	26	5278	27	6551	28	7732	29	8552	30	8851	31	9066	32	8644	33	7346	34	6566	35	5331	36	4193	37	3157	38	2130	39	1521	40	1045	41	637	42	400	43	243	44	143	45	68	46	48	47	28	48	13	49	9	51	1
976	5	1	6	4	7	6	8	8	9	19	10	32	11	45	12	80	13	100	14	143	15	189	16	238	17	264	18	316	19	392	20	499	21	730	22	1055	23	1576	24	2226	25	3297	26	4396	27	5675	28	6839	29	7851	30	8440	31	8772	32	8678	33	7976	34	7102	35	5975	36	4763	37	3767	38	2878	39	2019	40	1343	41	908	42	571	43	378	44	208	45	108	46	55	47	42	48	23	49	9	50	3	52	1
977	12	1	13	1	14	5	15	3	16	12	17	39	18	82	19	162	20	297	21	473	22	821	23	1254	24	1911	25	2832	26	3790	27	4982	28	6170	29	7497	30	8266	31	8804	32	8825	33	8545	34	7719	35	6874	36	5611	37	4396	38	3379	39	2500	40	1672	41	1177	42	709	43	506	44	284	45	187	46	99	47	62	48	23	49	20	50	5	51	1	53	2	55	1	58	1
978	8	2	9	1	10	10	11	28	12	42	13	89	14	138	15	155	16	215	17	260	18	268	19	245	20	253	21	350	22	465	23	735	24	1155	25	1899	26	2771	27	4032	28	5248	29	6418	30	7691	31	8465	32	8908	33	8881	34	8329	35	7563	36	6436	37	5153	38	4123	39	3176	40	2330	41	1526	42	968	43	706	44	405	45	236	46	146	47	84	48	42	49	19	50	14	51	9	52	6	53	2	54	2	55	1
979	14	2	15	3	16	7	17	10	18	36	19	71	20	119	21	216	22	428	23	642	24	953	25	1524	26	2317	27	3428	28	4485	29	5632	30	6879	31	7888	32	8730	33	8857	34	8822	35	8093	36	7197	37	5994	38	5037	39	3935	40	2820	41	2056	42	1420	43	914	44	593	45	369	46	225	47	126	48	63	49	46	50	32	51	20	52	5	53	5	54	1
980	6	3	7	4	8	2	9	8	10	13	11	17	12	36	13	60	14	83	15	121	16	151	17	225	18	262	19	295	20	320	21	333	22	435	23	558	24	836	25	1279	26	1853	27	2730	28	3826	29	4757	30	6004	31	7096	32	7988	33	8366	34	8719	35	8205	36	7508	37	6730	38	5660	39	4453	40	3468	41	2541	42	1745	43	1185	44	839	45	528	46	289	47	211	48	120	49	66	50	33	51	17	52	7	53	5	54	5	55	5
981	15	3	16	5	17	13	18	28	19	40	20	86	21	144	22	262	23	426	24	691	25	1069	26	1519	27	2325	28	3237	29	4309	30	5393	31	6686	32	7579	33	8294	34	8484	35	8402	36	8177	37	7256	38	6190	39	5203	40	4131	41	3212	42	2316	43	1574	44	1075	45	735	46	454	47	273	48	181	49	103	50	55	51	33	52	13	53	10	54	8	55	4	56	1	57	1
982	8	3	10	4	11	3	12	22	13	51	14	64	15	91	16	143	17	189	18	237	19	226	20	235	21	214	22	227	23	253	24	355	25	579	26	894	27	1344	28	2126	29	3201	30	4169	31	5398	32	6604	33	7602	34	8391	35	8882	36	8516	37	7914	38	7059	39	6263	40	5155	41	4011	42	3016	43	2246	44	1498	45	1045	46	681	47	449	48	262	49	180	50	79	51	49	52	31	53	20	54	12	55	5	58	1	60	1
983	15	2	16	2	17	8	18	11	19	14	20	53	21	77	22	149	23	224	24	409	25	611	26	906	27	1356	28	1944	29	2758	30	3880	31	4862	32	6123	33	6959	34	7852	35	8357	36	8624	37	8229	38	7644	39	6680	40	5776	41	4508	42	3588	43	2708	44	1992	45	1347	46	848	47	604	48	375	49	217	50	143	51	81	52	35	53	21	54	12	55	4	56	4	57	2	59	1
984	5	1	6	2	7	6	8	6	9	8	10	14	11	18	12	25	13	31	14	53	15	65	16	101	17	154	18	206	19	197	20	250	21	264	22	291	23	309	24	339	25	494	26	737	27	1072	28	1534	29	2177	30	3054	31	4109	32	5033	33	6088	34	7068	35	7828	36	8346	37	8325	38	7977	39	7258	40	6420	41	5211	42	4161	43	3340	44	2429	45	1764	46	1211	47	812	48	480	49	287	50	196	51	116	52	60	53	36	54	17	55	10	56	5	57	1	58	3	61	1
985	17	1	18	5	19	4	20	19	21	28	22	54	23	97	24	164	25	258	26	408	27	646	28	966	29	1416	30	2166	31	3075	32	3976	33	5177	34	6373	35	7234	36	7931	37	8605	38	8560	39	8261	40	7526	41	6451	42	5457	43	4354	44	3381	45	2434	46	1744	47	1184	48	788	49	490	50	316	51	194	52	130	53	57	54	32	55	19	56	11	57	4	58	2	59	1	60	1
986	10	1	11	4	12	6	13	12	14	33	15	54	16	82	17	113	18	155	19	212	20	219	21	238	22	212	23	213	24	200	25	191	26	256	27	414	28	593	29	984	30	1539	31	2346	32	3204	33	4344	34	5478	35	6386	36	7456	37	8184	38	8408	39	8293	40	7968	41	7030	42	6154	43	5109	44	4006	45	3128	46	2288	47	1506	48	1101	49	701	50	463	51	305	52	183	53	98	54	60	55	29	56	19	57	13	58	5	59	3	60	1
987	17	1	18	3	19	11	20	17	21	24	22	44	23	68	24	117	25	176	26	293	27	452	28	706	29	1057	30	1419	31	2035	32	2817	33	3690	34	4790	35	5816	36	6748	37	7556	38	8177	39	8226	40	8017	41	7689	42	6812	43	5722	44	4664	45	3755	46	2857	47	2123	48	1464	49	997	50	667	51	444	52	238	53	130	54	85	55	37	56	21	57	17	58	12	59	1	60	2	61	1	62	1	63	1
988	8	1	9	3	10	8	11	8	12	14	13	19	14	22	15	32	16	53	17	72	18	125	19	154	20	191	21	215	22	216	23	201	24	245	25	259	26	253	27	359	28	478	29	647	30	967	31	1377	32	1952	33	2721	34	3623	35	4710	36	5626	37	6655	38	7473	39	8064	40	8107	41	8096	42	7433	43	6742	44	5704	45	4589	46	3771	47	2795	48	2074	49	1392	50	932	51	629	52	411	53	240	54	134	55	91	56	57	57	31	58	16	59	6	60	3	61	1	62	2	64	1
989	18	3	19	6	20	6	21	9	22	17	23	26	24	58	25	81	26	152	27	221	28	382	29	569	30	832	31	1173	32	1774	33	2357	34	3216	35	4175	36	5109	37	5968	38	7015	39	7584	40	8192	41	8074	42	7833	43	7381	44	6363	45	5360	46	4338	47	3524	48	2579	49	1892	50	1317	51	902	52	610	53	387	54	210	55	136	56	70	57	42	58	20	59	10	60	10	61	9	62	3	63	3	64	1	65	1
990	12	3	13	6	14	19	15	34	16	45	17	60	18	87	19	141	20	170	21	200	22	208	23	206	24	188	25	165	26	159	27	159	28	189	29	257	30	414	31	636	32	961	33	1484	34	2252	35	2977	36	4129	37	5146	38	6279	39	7184	40	7881	41	8174	42	8209	43	7940	44	7075	45	6328	46	5266	47	4261	48	3331	49	2463	50	1726	51	1269	52	878	53	557	54	377	55	203	56	99	57	93	58	45	59	36	60	15	61	6	62	8	64	1	65	1
991	19	1	21	6	22	7	23	19	24	36	25	51	26	75	27	108	28	200	29	267	30	419	31	600	32	851	33	1193	34	1809	35	2425	36	3268	37	4343	38	5409	39	6304	40	7262	41	7879	42	8116	43	7990	44	7745	45	7052	46	6183	47	5251	48	4218	49	3249	50	2447	51	1762	52	1229	53	824	54	550	55	326	56	215	57	135	58	87	59	40	60	23	61	14	62	5	63	2	64	4	66	1
992	6	1	7	1	8	2	9	5	10	3	11	9	12	15	13	16	14	22	15	20	16	31	17	48	18	63	19	91	20	127	21	157	22	211	23	186	24	218	25	228	26	245	27	226	28	255	29	255	30	373	31	506	32	715	33	1019	34	1383	35	1931	36	2623	37	3393	38	4374	39	5226	40	6250	41	7027	42	7691	43	7864	44	7749	45	7396	46	6691	47	5844	48	4923	49	4016	50	3187	51	2395	52	1677	53	1190	54	761	55	541	56	332	57	210	58	131	59	62	60	31	61	27	62	12	63	9	64	6
993	18	1	21	9	22	5	23	10	24	22	25	34	26	36	27	69	28	124	29	194	30	247	31	383	32	515	33	783	34	1153	35	1536	36	2016	37	2760	38	3642	39	4510	40	5506	41	6501	42	7219	43	7792	44	8070	45	7885	46	7441	47	6648	48	5732	49	5003	50	3974	51	3096	52	2237	53	1648	54	1125	55	824	56	491	57	327	58	191	59	102	60	65	61	29	62	17	63	12	64	9	65	2	66	4	67	1
994	12	1	13	2	14	4	15	9	16	16	17	30	18	42	19	78	20	102	21	138	22	167	23	180	24	188	25	206	26	185	27	140	28	140	29	115	30	117	31	147	32	237	33	331	34	570	35	878	36	1379	37	1894	38	2688	39	3517	40	4555	41	5661	42	6530	43	7237	44	7741	45	7942	46	7762	47	7470	48	6696	49	5966	50	4885	51	3891	52	3026	53	2308	54	1647	55	1096	56	757	57	519	58	337	59	175	60	128	61	71	62	36	63	30	64	14	65	7	66	1	67	8	68	1	69	1	71	1
995	18	1	21	4	22	3	23	3	24	14	25	19	26	31	27	46	28	57	29	120	30	161	31	253	32	322	33	441	34	635	35	879	36	1252	37	1681	38	2182	39	2980	40	3754	41	4674	42	5787	43	6554	44	7210	45	7686	46	7797	47	7683	48	7248	49	6616	50	5747	51	4678	52	3683	53	2915	54	2272	55	1533	56	1103	57	758	58	453	59	302	60	204	61	113	62	62	63	35	64	20	65	16	66	4	67	2	68	4	70	2	73	1
996	6	1	9	4	10	4	11	3	12	6	13	8	14	13	15	6	16	21	17	18	18	31	19	52	20	74	21	116	22	144	23	157	24	206	25	201	26	187	27	187	28	184	29	188	30	193	31	206	32	241	33	359	34	447	35	613	36	887	37	1242	38	1640	39	2190	40	2828	41	3759	42	4706	43	5432	44	6408	45	7087	46	7444	47	7701	48	7585	49	7046	50	6417	51	5699	52	4704	53	3668	54	2923	55	2182	56	1486	57	1063	58	765	59	507	60	280	61	196	62	110	63	84	64	45	65	27	66	6	67	8	68	4	73	1
997	21	2	22	3	24	3	25	8	26	7	27	23	28	32	29	44	30	71	31	124	32	180	33	254	34	331	35	500	36	663	37	970	38	1259	39	1698	40	2299	41	3134	42	3913	43	4741	44	5700	45	6560	46	7255	47	7752	48	7713	49	7717	50	7192	51	6501	52	5565	53	4638	54	3705	55	2903	56	2118	57	1562	58	1023	59	695	60	465	61	283	62	176	63	74	64	51	65	48	66	16	67	19	68	4	69	4	72	1	73	1
998	12	1	14	2	15	3	16	7	17	26	18	18	19	42	20	42	21	83	22	100	23	152	24	154	25	185	26	223	27	194	28	176	29	154	30	119	31	115	32	102	33	106	34	128	35	238	36	355	37	479	38	827	39	1186	40	1695	41	2278	42	2989	43	3989	44	4927	45	5735	46	6437	47	7265	48	7633	49	7773	50	7612	51	6963	52	6337	53	5548	54	4619	55	3658	56	2820	57	2045	58	1520	59	1096	60	701	61	477	62	278	63	167	64	89	65	70	66	25	67	13	68	10	69	8	70	5	74	1
999	23	2	24	4	25	11	26	14	27	20	28	28	29	40	30	51	31	74	32	130	33	197	34	244	35	376	36	443	37	635	38	829	39	1112	40	1453	41	1963	42	2465	43	3224	44	3945	45	4922	46	5796	47	6386	48	7156	49	7444	50	7687	51	7484	52	6935	53	6199	54	5507	55	4588	56	3547	57	2750	58	2059	59	1473	60	989	61	672	62	409	63	304	64	187	65	112	66	56	67	38	68	18	69	12	70	4	71	4	72	1	74	1
1000	5	1	7	2	8	2	10	4	11	3	12	2	13	6	14	10	15	17	16	12	17	11	18	22	19	23	20	37	21	61	22	80	23	118	24	147	25	163	26	186	27	201	28	213	29	202	30	175	31	190	32	176	33	174	34	220	35	258	36	335	37	424	38	604	39	811	40	1147	41	1520	42	1971	43	2392	44	3128	45	3847	46	4841	47	5477	48	6423	49	7062	50	7398	51	7517	52	7195	53	6733	54	6113	55	5335	56	4468	57	3505	58	2755	59	2049	60	1441	61	983	62	632	63	458	64	297	65	150	66	109	67	79	68	47	69	13	70	13	71	5	72	3	73	4
