1	1	100000
2	1	100000
3	1	100000
4	1	100000
5	1	100000
6	1	100000
7	1	100000
8	1	100000
9	1	100000
10	1	100000
11	1	100000
12	1	100000
13	1	100000
14	1	100000
15	1	100000
16	1	100000
17	1	100000
18	1	100000
19	1	100000
20	1	100000
21	1	100000
22	1	100000
23	1	100000
24	1	100000
25	1	100000
26	1	100000
27	1	100000
28	1	100000
29	1	100000
30	1	100000
31	1	100000
32	1	100000
33	1	100000
34	1	100000
35	1	100000
36	1	100000
37	1	100000
38	1	100000
39	1	100000
40	1	100000
41	1	100000
42	1	100000
43	1	100000
44	1	100000
45	1	100000
46	1	100000
47	1	100000
48	1	100000
49	1	100000
50	1	100000
51	1	100000
52	1	100000
53	1	100000
54	1	100000
55	1	100000
56	1	100000
57	1	100000
58	1	100000
59	1	100000
60	1	100000
61	1	100000
62	1	100000
63	1	100000
64	1	100000
65	1	100000
66	1	100000
67	1	100000
68	1	100000
69	1	100000
70	1	100000
71	1	100000
72	1	100000
73	1	100000
74	1	100000
75	1	100000
76	1	100000
77	1	100000
78	1	100000
79	1	100000
80	1	100000
81	1	100000
82	1	100000
83	1	100000
84	1	99999	2	1
85	1	100000
86	1	100000
87	1	100000
88	1	100000
89	1	100000
90	1	100000
91	1	100000
92	1	100000
93	1	100000
94	1	100000
95	1	100000
96	1	100000
97	1	100000
98	1	100000
99	1	100000
100	1	100000
101	1	100000
102	1	100000
103	1	100000
104	1	100000
105	1	100000
106	1	100000
107	1	100000
108	1	99999	2	1
109	1	100000
110	1	100000
111	1	100000
112	1	100000
113	1	100000
114	1	100000
115	1	100000
116	1	100000
117	1	100000
118	1	99999	2	1
119	1	100000
120	1	100000
121	1	100000
122	1	100000
123	1	100000
124	1	100000
125	1	100000
126	1	100000
127	1	100000
128	1	100000
129	1	100000
130	1	100000
131	1	100000
132	1	100000
133	1	100000
134	1	100000
135	1	100000
136	1	100000
137	1	100000
138	1	100000
139	1	100000
140	1	100000
141	1	100000
142	1	100000
143	1	100000
144	1	100000
145	1	100000
146	1	100000
147	1	100000
148	1	100000
149	1	100000
150	1	99999	2	1
151	1	100000
152	1	100000
153	1	100000
154	1	100000
155	1	100000
156	1	100000
157	1	100000
158	1	100000
159	1	100000
160	1	100000
161	1	100000
162	1	100000
163	1	100000
164	1	100000
165	1	100000
166	1	99999	2	1
167	1	100000
168	1	100000
169	1	100000
170	1	99999	2	1
171	1	100000
172	1	100000
173	1	100000
174	1	100000
175	1	100000
176	1	100000
177	1	100000
178	1	100000
179	1	100000
180	1	100000
181	1	100000
182	1	100000
183	1	100000
184	1	99999	2	1
185	1	100000
186	1	100000
187	1	100000
188	1	100000
189	1	100000
190	1	100000
191	1	100000
192	1	100000
193	1	100000
194	1	99999	2	1
195	1	100000
196	1	100000
197	1	100000
198	1	100000
199	1	100000
200	1	100000
201	1	100000
202	1	100000
203	1	100000
204	1	99999	2	1
205	1	100000
206	1	100000
207	1	100000
208	1	100000
209	1	100000
210	1	100000
211	1	100000
212	1	99999	2	1
213	1	100000
214	1	100000
215	1	100000
216	1	99999	2	1
217	1	100000
218	1	100000
219	1	100000
220	1	99999	2	1
221	1	100000
222	1	100000
223	1	100000
224	1	100000
225	1	100000
226	1	99999	2	1
227	1	100000
228	1	99999	2	1
229	1	100000
230	1	100000
231	1	100000
232	1	99999	2	1
233	1	100000
234	1	100000
235	1	100000
236	1	100000
237	1	100000
238	1	100000
239	1	100000
240	1	100000
241	1	100000
242	1	100000
243	1	100000
244	1	100000
245	1	100000
246	1	100000
247	1	100000
248	1	100000
249	1	100000
250	1	99999	2	1
251	1	99999	2	1
252	1	100000
253	1	99999	2	1
254	1	100000
255	1	100000
256	1	100000
257	1	100000
258	1	100000
259	1	100000
260	1	100000
261	1	100000
262	1	100000
263	1	100000
264	1	100000
265	1	100000
266	1	99999	2	1
267	1	100000
268	1	100000
269	1	100000
270	1	99998	2	2
271	1	100000
272	1	99999	2	1
273	1	100000
274	1	100000
275	1	100000
276	1	100000
277	1	100000
278	1	100000
279	1	100000
280	1	99999	2	1
281	1	100000
282	1	100000
283	1	100000
284	1	100000
285	1	100000
286	1	100000
287	1	100000
288	1	99999	2	1
289	1	100000
290	1	100000
291	1	100000
292	1	100000
293	1	100000
294	1	100000
295	1	100000
296	1	99999	2	1
297	1	100000
298	1	100000
299	1	100000
300	1	100000
301	1	100000
302	1	100000
303	1	100000
304	1	100000
305	1	100000
306	1	99999	2	1
307	1	100000
308	1	100000
309	1	100000
310	1	100000
311	1	100000
312	1	100000
313	1	100000
314	1	100000
315	1	100000
316	1	99998	2	2
317	1	100000
318	1	100000
319	1	100000
320	1	100000
321	1	100000
322	1	100000
323	1	100000
324	1	99998	2	2
325	1	100000
326	1	99998	2	2
327	1	100000
328	1	100000
329	1	100000
330	1	100000
331	1	100000
332	1	99999	2	1
333	1	100000
334	1	100000
335	1	99999	2	1
336	1	99998	2	2
337	1	100000
338	1	99998	2	2
339	1	100000
340	1	99999	2	1
341	1	100000
342	1	99999	2	1
343	1	100000
344	1	100000
345	1	100000
346	1	99998	2	2
347	1	100000
348	1	100000
349	1	99999	2	1
350	1	99999	2	1
351	1	100000
352	1	99997	2	3
353	1	100000
354	1	99998	2	2
355	1	100000
356	1	99998	2	2
357	1	100000
358	1	100000
359	1	100000
360	1	99999	2	1
361	1	100000
362	1	99998	2	2
363	1	100000
364	1	99999	2	1
365	1	100000
366	1	100000
367	1	100000
368	1	99999	2	1
369	1	100000
370	1	99997	2	3
371	1	100000
372	1	99997	2	3
373	1	100000
374	1	99998	2	2
375	1	100000
376	1	99998	2	2
377	1	100000
378	1	99998	2	2
379	1	100000
380	1	99999	2	1
381	1	100000
382	1	100000
383	1	100000
384	1	100000
385	1	100000
386	1	99999	2	1
387	1	99999	2	1
388	1	99998	2	2
389	1	100000
390	1	99999	2	1
391	1	100000
392	1	100000
393	1	99999	2	1
394	1	99997	2	3
395	1	100000
396	1	99999	2	1
397	1	99999	2	1
398	1	99997	2	3
399	1	100000
400	1	99999	2	1
401	1	100000
402	1	99998	2	2
403	1	100000
404	1	99997	2	3
405	1	100000
406	1	99998	2	2
407	1	99999	2	1
408	1	99998	2	2
409	1	99999	2	1
410	1	99999	2	1
411	1	99999	2	1
412	1	99999	2	1
413	1	100000
414	1	99999	2	1
415	1	100000
416	1	99996	2	4
417	1	100000
418	1	99997	2	3
419	1	100000
420	1	99999	2	1
421	1	100000
422	1	100000
423	1	100000
424	1	99998	2	2
425	1	100000
426	1	99997	2	3
427	1	100000
428	1	99998	2	2
429	1	99999	2	1
430	1	99996	2	4
431	1	100000
432	1	99995	2	5
433	1	100000
434	1	99998	2	2
435	1	100000
436	1	99999	2	1
437	1	99997	2	3
438	1	99997	2	3
439	1	99998	2	2
440	1	99998	2	2
441	1	99999	2	1
442	1	99998	2	2
443	1	99999	2	1
444	1	99997	2	3
445	1	99999	2	1
446	1	99995	2	5
447	1	100000
448	1	99993	2	7
449	1	99998	2	2
450	1	100000
451	1	99997	2	3
452	1	99996	2	4
453	1	99998	2	2
454	1	99994	2	6
455	1	99997	2	3
456	1	99995	2	5
457	1	99991	2	9
458	1	99993	2	7
459	1	99994	2	6
460	1	99995	2	5
461	1	99999	2	1
462	1	99996	2	4
463	1	99999	2	1
464	1	99996	2	4
465	1	99995	2	5
466	1	99994	2	6
467	1	99995	2	5
468	1	99993	2	7
469	1	99992	2	8
470	1	99995	2	5
471	1	99995	2	5
472	1	99993	2	7
473	1	99991	2	9
474	1	99992	2	8
475	1	99994	2	6
476	1	99998	2	2
477	1	99993	2	7
478	1	99995	2	5
479	1	99995	2	5
480	1	99988	2	12
481	1	99993	2	7
482	1	99990	2	10
483	1	99994	2	6
484	1	99987	2	13
485	1	99991	2	9
486	1	99978	2	22
487	1	99991	2	9
488	1	99987	2	13
489	1	99988	2	12
490	1	99985	2	15
491	1	99983	2	17
492	1	99983	2	17
493	1	99987	2	13
494	1	99978	2	21	3	1
495	1	99977	2	23
496	1	99974	2	26
497	1	99974	2	26
498	1	99974	2	26
499	1	99973	2	27
500	1	99987	2	13
501	1	6706	2	93260	3	34
502	1	12810	2	87165	3	25
503	1	18691	2	81287	3	22
504	1	24341	2	75642	3	16	4	1
505	1	29197	2	70773	3	22	4	8
506	1	33997	2	65991	3	11	4	1
507	1	38467	2	61521	3	9	4	3
508	1	42594	2	57391	3	14	4	1
509	1	46532	2	53453	3	13	4	2
510	1	50254	2	49717	3	17	4	12
511	1	53380	2	46606	3	7	4	7
512	1	56448	2	43537	3	11	4	4
513	1	59388	2	40605	3	3	4	4
514	1	62281	2	37705	3	10	4	4
515	1	64434	2	35548	3	13	4	5
516	1	66913	2	33079	3	7	4	1
517	1	69235	2	30760	3	5
518	1	71257	2	28734	3	8	4	1
519	1	73327	2	26658	3	11	4	4
520	1	75082	2	24907	3	10	4	1
521	1	76660	2	23321	3	16	4	3
522	1	78229	2	21756	3	13	4	2
523	1	79762	2	20225	3	10	4	3
524	1	81100	2	18889	3	9	4	2
525	1	82232	2	17752	3	14	4	2
526	1	83211	2	16765	3	22	4	2
527	1	84377	2	15611	3	10	4	2
528	1	85765	2	14226	3	8	4	1
529	1	86559	2	13430	3	11
530	1	87703	2	12285	3	10	4	2
531	1	88315	2	11673	3	11	4	1
532	1	88991	2	10993	3	15	4	1
533	1	90032	2	9959	3	8	4	1
534	1	90534	2	9451	3	14	4	1
535	1	91255	2	8726	3	17	4	2
536	1	91743	2	8240	3	16	4	1
537	1	92361	2	7627	3	11	4	1
538	1	92625	2	7359	3	14	4	2
539	1	93358	2	6632	3	8	4	2
540	1	93553	2	6418	3	27	4	2
541	1	94103	2	5880	3	15	4	2
542	1	94482	2	5508	3	10
543	1	94813	2	5167	3	20
544	1	95190	2	4799	3	11
545	1	95570	2	4414	3	16
546	1	95976	2	4011	3	13
547	1	96066	2	3917	3	17
548	1	96428	2	3558	3	13	4	1
549	1	96501	2	3483	3	16
550	1	96864	2	3113	3	22	4	1
551	1	97043	2	2946	3	11
552	1	97189	2	2799	3	12
553	1	97415	2	2568	3	17
554	1	97600	2	2387	3	13
555	1	97766	2	2222	3	11	4	1
556	1	97879	2	2102	3	19
557	1	97992	2	1991	3	17
558	1	98094	2	1881	3	25
559	1	98209	2	1774	3	17
560	1	98352	2	1630	3	18
561	1	98447	2	1536	3	17
562	1	98546	2	1441	3	13
563	1	98610	2	1369	3	21
564	1	98633	2	1346	3	20	4	1
565	1	98747	2	1231	3	22
566	1	98845	2	1141	3	14
567	1	98877	2	1105	3	18
568	1	98970	2	1013	3	16	4	1
569	1	98952	2	1026	3	22
570	1	99056	2	922	3	22
571	1	99073	2	907	3	20
572	1	99235	2	748	3	17
573	1	99232	2	759	3	9
574	1	99255	2	732	3	13
575	1	99291	2	692	3	17
576	1	99262	2	718	3	20
577	1	99338	2	642	3	20
578	1	99353	2	630	3	17
579	1	99326	2	650	3	24
580	1	99378	2	604	3	18
581	1	99391	2	592	3	16	4	1
582	1	99460	2	521	3	19
583	1	99397	2	585	3	18
584	1	99398	2	591	3	11
585	1	99399	2	577	3	23	4	1
586	1	99446	2	537	3	17
587	1	99463	2	521	3	16
588	1	99475	2	507	3	18
589	1	99487	2	498	3	15
590	1	99509	2	468	3	22	4	1
591	1	99503	2	488	3	9
592	1	99461	2	512	3	27
593	1	99533	2	448	3	19
594	1	99497	2	486	3	16	4	1
595	1	99506	2	477	3	17
596	1	99488	2	493	3	19
597	1	99491	2	499	3	10
598	1	99447	2	540	3	13
599	1	99468	2	515	3	17
600	1	99403	2	583	3	14
601	1	99394	2	595	3	11
602	1	99375	2	603	3	21	4	1
603	1	99401	2	580	3	19
604	1	99344	2	637	3	18	4	1
605	1	99373	2	602	3	25
606	1	99380	2	601	3	19
607	1	99395	2	589	3	16
608	1	99281	2	693	3	26
609	1	99340	2	643	3	17
610	1	99301	2	672	3	27
611	1	99255	2	719	3	25	4	1
612	1	99206	2	774	3	20
613	1	99251	2	734	3	15
614	1	99197	2	777	3	26
615	1	99216	2	759	3	25
616	1	99208	2	759	3	33
617	1	99221	2	751	3	28
618	1	99232	2	738	3	30
619	1	99135	2	841	3	24
620	1	99112	2	865	3	23
621	1	99079	2	882	3	39
622	1	99058	2	912	3	30
623	1	99148	2	823	3	29
624	1	98966	2	999	3	35
625	1	99031	2	947	3	22
626	1	98925	2	1035	3	40
627	1	98870	2	1094	3	35	4	1
628	1	98720	2	1244	3	33	4	3
629	1	98834	2	1141	3	24	4	1
630	1	98748	2	1214	3	38
631	1	98786	2	1190	3	24
632	1	98700	2	1271	3	29
633	1	98801	2	1177	3	22
634	1	98694	2	1282	3	24
635	1	98650	2	1326	3	24
636	1	98563	2	1414	3	22	4	1
637	1	98526	2	1453	3	21
638	1	98459	2	1511	3	30
639	1	98409	2	1567	3	24
640	1	98303	2	1670	3	27
641	1	98352	2	1625	3	23
642	1	98311	2	1657	3	31	4	1
643	1	98243	2	1726	3	30	4	1
644	1	97989	2	1978	3	32	4	1
645	1	98144	2	1813	3	43
646	1	98010	2	1945	3	44	4	1
647	1	97986	2	1967	3	47
648	1	97663	2	2281	3	56
649	1	97946	2	2019	3	35
650	1	97755	2	2204	3	41
651	1	97721	2	2237	3	41	4	1
652	1	97657	2	2311	3	31	4	1
653	1	97542	2	2399	3	59
654	1	97408	2	2535	3	55	4	2
655	1	97375	2	2571	3	53	4	1
656	1	97173	2	2770	3	57
657	1	97192	2	2758	3	49	4	1
658	1	97050	2	2880	3	70
659	1	96933	2	3002	3	65
660	1	96581	2	3329	3	89	4	1
661	1	96763	2	3179	3	55	4	3
662	1	96451	2	3461	3	86	4	2
663	1	96554	2	3372	3	73	4	1
664	1	95806	2	4083	3	110	4	1
665	1	96099	2	3803	3	95	4	3
666	1	95350	2	4522	3	126	4	2
667	1	97504	2	2442	3	52	4	2
668	1	96763	2	3162	3	73	4	2
669	1	96737	2	3203	3	60
670	1	96685	2	3242	3	71	4	2
671	1	96599	2	3325	3	75	4	1
672	1	96010	2	3871	3	118	4	1
673	1	96391	2	3519	3	90
674	1	96235	2	3663	3	100	4	2
675	1	96097	2	3804	3	97	4	2
676	1	95406	2	4452	3	141	4	1
677	1	95794	2	4126	3	80
678	1	95900	2	3993	3	103	4	3	5	1
679	1	95513	2	4373	3	111	4	3
680	1	94810	2	5054	3	133	4	3
681	1	95416	2	4458	3	121	4	5
682	1	95225	2	4647	3	125	4	3
683	1	94965	2	4882	3	149	4	3	5	1
684	1	94574	2	5253	3	168	4	5
685	1	94763	2	5084	3	150	4	3
686	1	94902	2	4934	3	159	4	5
687	1	94658	2	5190	3	146	4	6
688	1	93801	2	5987	3	206	4	6
689	1	94269	2	5525	3	200	4	6
690	1	93801	2	5976	3	221	4	2
691	1	93965	2	5815	3	212	4	8
692	1	93380	2	6399	3	213	4	8
693	1	93593	2	6173	3	226	4	8
694	1	93315	2	6428	3	252	4	5
695	1	93153	2	6573	3	261	4	13
696	1	92657	2	7048	3	291	4	4
697	1	92821	2	6897	3	274	4	7	5	1
698	1	92736	2	7012	3	241	4	10	5	1
699	1	92487	2	7181	3	323	4	9
700	1	91718	2	7898	3	373	4	11
701	1	91969	2	7710	3	312	4	9
702	1	91907	2	7742	3	340	4	11
703	1	91752	2	7867	3	372	4	8	5	1
704	1	90379	2	9131	3	470	4	19	5	1
705	1	90953	2	8584	3	447	4	16
706	1	91389	2	8219	3	380	4	12
707	1	90745	2	8799	3	448	4	8
708	1	90113	2	9387	3	476	4	24
709	1	89932	2	9572	3	474	4	22
710	1	90071	2	9396	3	509	4	24
711	1	89597	2	9823	3	559	4	21
712	1	89080	2	10326	3	572	4	19	5	3
713	1	89341	2	10073	3	560	4	25	5	1
714	1	89348	2	10082	3	545	4	23	5	2
715	1	88415	2	10865	3	691	4	26	5	3
716	1	87349	2	11875	3	736	4	36	5	4
717	1	88267	2	11025	3	682	4	25	5	1
718	1	87699	2	11527	3	752	4	21	5	1
719	1	87474	2	11681	3	811	4	32	5	2
720	1	85748	2	13204	3	1001	4	46	5	1
721	1	86953	2	12204	3	802	4	39	5	2
722	1	86675	2	12414	3	861	4	44	5	5	6	1
723	1	86385	2	12649	3	915	4	50	5	1
724	1	85499	2	13426	3	1022	4	48	5	5
725	1	84929	2	13924	3	1094	4	50	5	3
726	1	84600	2	14108	3	1223	4	65	5	4
727	1	84251	2	14463	3	1226	4	58	5	2
728	1	84681	2	14058	3	1195	4	65	5	1
729	1	84919	2	13816	3	1196	4	67	5	2
730	1	84501	2	14239	3	1187	4	70	5	2	6	1
731	1	83712	2	14891	3	1298	4	97	5	1	6	1
732	1	82537	2	15878	3	1470	4	104	5	11
733	1	83232	2	15346	3	1324	4	95	5	3
734	1	82436	2	15940	3	1507	4	115	5	2
735	1	82011	2	16227	3	1640	4	120	5	2
736	1	80796	2	17241	3	1839	4	115	5	9
737	1	81771	2	16418	3	1707	4	98	5	6
738	1	80890	2	17161	3	1828	4	113	5	8
739	1	80536	2	17470	3	1872	4	115	5	7
740	1	78796	2	18749	3	2275	4	172	5	8
741	1	79896	2	17961	3	1991	4	134	5	17	6	1
742	1	79212	2	18398	3	2232	4	151	5	7
743	1	78802	2	18775	3	2233	4	180	5	9	6	1
744	1	78060	2	19424	3	2288	4	215	5	11	6	2
745	1	77316	2	19994	3	2471	4	204	5	14	6	1
746	1	77059	2	20072	3	2624	4	232	5	13
747	1	77067	2	20162	3	2541	4	216	5	14
748	1	75704	2	21107	3	2885	4	271	5	31	6	2
749	1	75644	2	21109	3	2984	4	248	5	14	6	1
750	1	75257	2	21451	3	3015	4	255	5	20	6	2
751	1	71633	2	24031	3	3905	4	396	5	34	6	1
752	1	70277	2	24966	3	4233	4	478	5	45	6	1
753	1	70521	2	24754	3	4238	4	451	5	33	6	3
754	1	70192	2	24870	3	4392	4	503	5	40	6	3
755	1	69351	2	25550	3	4540	4	513	5	43	6	3
756	1	68798	2	25768	3	4795	4	570	5	60	6	9
757	1	69750	2	25142	3	4515	4	560	5	32	6	1
758	1	67948	2	26386	3	4991	4	618	5	52	6	5
759	1	67614	2	26460	3	5222	4	640	5	63	6	1
760	1	66787	2	27146	3	5321	4	663	5	76	6	7
761	1	66742	2	27204	3	5312	4	670	5	65	6	7
762	1	66897	2	26890	3	5399	4	727	5	82	6	5
763	1	65737	2	27685	3	5667	4	810	5	92	6	8	8	1
764	1	65229	2	27992	3	5873	4	815	5	77	6	12	7	2
765	1	65161	2	27937	3	5910	4	881	5	101	6	8	7	1	8	1
766	1	63747	2	28789	3	6346	4	1012	5	102	6	4
767	1	63200	2	28932	3	6722	4	1020	5	114	6	11	7	1
768	1	61460	2	29948	3	7196	4	1218	5	167	6	10	7	1
769	1	61143	2	30047	3	7453	4	1180	5	157	6	17	7	3
770	1	62197	2	29389	3	7119	4	1173	5	108	6	14
771	1	61512	2	29731	3	7370	4	1214	5	153	6	16	7	4
772	1	60940	2	30029	3	7563	4	1276	5	171	6	18	7	2	8	1
773	1	59492	2	30957	3	7950	4	1413	5	170	6	16	7	2
774	1	58538	2	31343	3	8332	4	1543	5	211	6	30	7	1	8	2
775	1	57765	2	31801	3	8604	4	1571	5	240	6	16	7	3
776	1	57729	2	31662	3	8698	4	1639	5	230	6	34	7	8
777	1	56498	2	32202	3	9285	4	1721	5	257	6	33	7	4
778	1	56413	2	32305	3	9259	4	1746	5	247	6	27	7	3
779	1	55756	2	32504	3	9624	4	1799	5	280	6	33	7	3	8	1
780	1	54018	2	33178	3	10349	4	2078	5	325	6	48	7	4
781	1	53890	2	33470	3	10179	4	2085	5	339	6	33	7	4
782	1	52056	2	33762	3	11317	4	2405	5	401	6	50	7	7	8	2
783	1	52890	2	33539	3	10866	4	2277	5	380	6	44	7	4
784	1	50401	2	34616	3	11776	4	2698	5	443	6	62	7	3	8	1
785	1	51020	2	34218	3	11655	4	2615	5	427	6	58	7	6	8	1
786	1	48807	2	35172	3	12395	4	2974	5	551	6	88	7	10	8	3
787	1	49257	2	34983	3	12292	4	2854	5	537	6	71	7	5	8	1
788	1	47443	2	35541	3	13075	4	3201	5	639	6	87	7	10	8	4
789	1	47930	2	35292	3	12837	4	3247	5	589	6	90	7	13	8	2
790	1	46224	2	35819	3	13633	4	3503	5	694	6	110	7	16	8	1
791	1	45132	2	36180	3	14174	4	3687	5	701	6	105	7	18	8	2	9	1
792	1	43851	2	36282	3	14884	4	4056	5	779	6	130	7	16	8	2
793	1	43506	2	36603	3	14769	4	4077	5	878	6	147	7	18	8	2
794	1	41601	2	36797	3	15855	4	4553	5	995	6	167	7	29	8	2	9	1
795	1	41881	2	36527	3	16005	4	4420	5	976	6	162	7	23	8	6
796	1	40332	2	37071	3	16378	4	4909	5	1066	6	207	7	29	8	7	9	1
797	1	39531	2	36702	3	17126	4	5132	5	1238	6	237	7	25	8	7	9	2
798	1	38237	2	36928	3	17666	4	5592	5	1289	6	234	7	44	8	7	9	2	10	1
799	1	37890	2	37170	3	17834	4	5490	5	1298	6	269	7	41	8	7	9	1
800	1	39254	2	36071	3	17462	4	5603	5	1313	6	258	7	35	8	4
801	1	41031	2	35491	3	16682	4	5290	5	1233	6	234	7	36	8	3
802	1	40542	2	35456	3	16938	4	5463	5	1311	6	252	7	34	8	4
803	1	39421	2	35985	3	17304	4	5606	5	1397	6	246	7	37	8	4
804	1	38414	2	35857	3	17926	4	5926	5	1515	6	308	7	48	8	5	9	1
805	1	36205	2	36060	3	18921	4	6661	5	1708	6	357	7	73	8	14	9	1
806	1	36047	2	36315	3	19033	4	6485	5	1717	6	331	7	63	8	6	9	2	11	1
807	1	34578	2	36010	3	19729	4	7291	5	1940	6	370	7	66	8	14	9	2
808	1	33580	2	36183	3	20123	4	7476	5	2054	6	473	7	98	8	10	9	2	10	1
809	1	33064	2	36410	3	20355	4	7529	5	2093	6	445	7	88	8	13	9	2	10	1
810	1	31999	2	35752	3	21105	4	8080	5	2385	6	547	7	112	8	17	9	1	10	1	11	1
811	1	30854	2	35844	3	21589	4	8511	5	2465	6	596	7	119	8	16	9	5	10	1
812	1	30232	2	35742	3	21893	4	8820	5	2544	6	615	7	127	8	25	9	2
813	1	28487	2	35837	3	22540	4	9249	5	2965	6	740	7	152	8	23	9	6	10	1
814	1	28270	2	35460	3	22483	4	9714	5	3141	6	757	7	143	8	26	9	5	10	1
815	1	27810	2	35152	3	23023	4	9838	5	3179	6	788	7	162	8	39	9	8	10	1
816	1	26168	2	35243	3	23502	4	10391	5	3495	6	959	7	193	8	41	9	7	10	1
817	1	25449	2	34752	3	24117	4	10825	5	3623	6	958	7	217	8	44	9	14	10	1
818	1	25070	2	34425	3	24288	4	11159	5	3719	6	1063	7	235	8	34	9	6	10	1
819	1	23450	2	34189	3	24890	4	11793	5	4164	6	1158	7	277	8	65	9	10	10	2	12	2
820	1	23040	2	33848	3	24969	4	12022	5	4391	6	1316	7	325	8	65	9	22	10	1	11	1
821	1	22348	2	33710	3	25220	4	12434	5	4588	6	1302	7	310	8	66	9	15	10	6	11	1
822	1	21341	2	33260	3	25582	4	13031	5	4802	6	1487	7	373	8	98	9	24	10	1	11	1
823	1	19727	2	32626	3	26138	4	13910	5	5357	6	1710	7	422	8	88	9	20	10	2
824	1	20400	2	32358	3	26053	4	13675	5	5311	6	1677	7	423	8	77	9	20	10	5	11	1
825	1	19131	2	32096	3	26413	4	14274	5	5669	6	1835	7	463	8	100	9	13	10	4	11	2
826	1	18914	2	31844	3	26396	4	14415	5	5838	6	1924	7	521	8	121	9	17	10	9	12	1
827	1	17894	2	31328	3	26733	4	15023	5	6231	6	2056	7	563	8	136	9	30	10	4	11	2
828	1	17326	2	30559	3	26928	4	15585	5	6522	6	2284	7	605	8	155	9	31	10	1	11	4
829	1	16460	2	30121	3	27049	4	16140	5	7049	6	2336	7	649	8	154	9	35	10	6	11	1
830	1	15628	2	29343	3	27117	4	16629	5	7479	6	2703	7	842	8	207	9	39	10	9	11	2	12	1	15	1
831	1	15144	2	28958	3	27367	4	16908	5	7761	6	2743	7	851	8	214	9	41	10	10	11	3
832	1	14263	2	28380	3	27244	4	17623	5	8178	6	3026	7	966	8	246	9	59	10	11	11	4
833	1	13719	2	27707	3	27764	4	17836	5	8439	6	3214	7	981	8	262	9	63	10	14	11	1
834	1	12721	2	26555	3	27618	4	18673	5	9198	6	3590	7	1187	8	360	9	72	10	22	11	4
835	1	11853	2	26355	3	27586	4	19032	5	9695	6	3760	7	1251	8	358	9	87	10	18	11	4	12	1
836	1	11227	2	25283	3	27388	4	19691	5	10179	6	4234	7	1397	8	437	9	124	10	31	11	6	12	3
837	1	10842	2	24783	3	27499	4	19926	5	10531	6	4327	7	1536	8	423	9	98	10	29	11	5	13	1
838	1	10590	2	24345	3	27125	4	19961	5	10998	6	4614	7	1662	8	515	9	139	10	38	11	9	12	4
839	1	10136	2	23944	3	27299	4	20404	5	11040	6	4808	7	1681	8	515	9	134	10	31	11	5	12	3
840	1	9371	2	22842	3	27091	4	20737	5	11828	6	5259	7	1992	8	642	9	189	10	42	11	5	12	2
841	1	9184	2	22309	3	27369	4	21002	5	12015	6	5299	7	1971	8	623	9	167	10	47	11	12	12	2
842	1	8040	2	20455	3	26369	4	22014	5	13214	6	6290	7	2520	8	792	9	221	10	73	11	8	12	3	13	1
843	1	8286	2	21321	3	26594	4	21464	5	12936	6	6007	7	2324	8	778	9	215	10	58	11	11	12	5	13	1
844	1	7882	2	20629	3	26125	4	22007	5	13262	6	6392	7	2546	8	825	9	240	10	67	11	16	12	9
845	1	7244	2	19618	3	25852	4	22374	5	13830	6	6956	7	2803	8	939	9	286	10	78	11	16	12	3	13	1
846	1	6807	2	18900	3	25358	4	22588	5	14513	6	7245	7	3039	8	1096	9	329	10	102	11	17	12	3	13	2	14	1
847	1	6192	2	18093	3	25106	4	22839	5	15095	6	7686	7	3307	8	1181	9	375	10	101	11	16	12	7	13	2
848	1	5795	2	17152	3	24459	4	22921	5	15589	6	8444	7	3658	8	1373	9	440	10	130	11	35	12	4
849	1	5548	2	16738	3	24202	4	22985	5	16002	6	8543	7	3942	8	1423	9	455	10	118	11	33	12	8	13	3
850	1	5360	2	15808	3	23798	4	22871	5	16549	6	9138	7	4076	8	1594	9	581	10	168	11	41	12	13	13	3
851	1	4823	2	15135	3	23292	4	23239	5	16724	6	9587	7	4516	8	1787	9	649	10	183	11	42	12	16	13	4	14	3
852	1	4291	2	14195	3	22432	4	23104	5	17675	6	10353	7	4896	8	2015	9	704	10	243	11	72	12	14	13	3	14	1	15	2
853	1	4198	2	13944	3	22331	4	23171	5	17739	6	10333	7	5180	8	2057	9	727	10	227	11	74	12	14	13	3	14	2
854	1	3847	2	13049	3	21400	4	22840	5	18329	6	11132	7	5671	8	2340	9	961	10	303	11	93	12	26	13	7	14	2
855	1	3383	2	12083	3	20703	4	22758	5	18790	6	11773	7	6253	8	2714	9	1051	10	349	11	101	12	27	13	10	14	5
856	1	3184	2	11328	3	19707	4	22760	5	19050	6	12346	7	6786	8	3032	9	1211	10	402	11	133	12	38	13	13	14	9	15	1
857	1	2842	2	10850	3	19116	4	22587	5	19293	6	13007	7	6985	8	3263	9	1357	10	486	11	150	12	41	13	14	14	7	15	2
858	1	4479	2	12899	3	20876	4	22315	5	18050	6	11401	7	5957	8	2611	9	999	10	304	11	83	12	24	14	2
859	1	3731	2	11657	3	19232	4	22178	5	18717	6	12579	7	6829	8	3176	9	1265	10	425	11	158	12	35	13	13	14	5
860	1	3680	2	11108	3	18935	4	21926	5	18919	6	12843	7	7092	8	3437	9	1349	10	500	11	155	12	39	13	12	14	4	16	1
861	1	3106	2	10184	3	18037	4	21811	5	19427	6	13676	7	7728	8	3697	9	1512	10	573	11	174	12	55	13	18	14	2
862	1	2887	2	9654	3	17185	4	21574	5	19478	6	14013	7	8265	8	4182	9	1761	10	683	11	219	12	66	13	21	14	12
863	1	2325	2	8526	3	16347	4	20980	5	19763	6	14898	7	9133	8	4707	9	2102	10	803	11	287	12	88	13	27	14	11	15	3
864	1	2425	2	8665	3	16192	4	20710	5	19876	6	14805	7	9208	8	4789	9	2103	10	809	11	290	12	97	13	20	14	7	15	3	16	1
865	1	2124	2	7893	3	15440	4	20218	5	20185	6	15556	7	9698	8	5162	9	2321	10	932	11	314	12	113	13	31	14	13
866	1	2027	2	7293	3	14461	4	19576	5	20005	6	16018	7	10487	8	5794	9	2667	10	1106	11	374	12	144	13	27	14	18	15	3
867	1	1753	2	6903	3	13825	4	19654	5	20280	6	16070	7	10788	8	5962	9	2825	10	1226	11	489	12	155	13	56	14	11	15	2	17	1
868	1	1581	2	6497	3	13367	4	18972	5	19715	6	16652	7	11157	8	6533	9	3325	10	1389	11	501	12	204	13	79	14	21	15	6	16	1
869	1	1417	2	5901	3	12673	4	18440	5	19926	6	17039	7	11781	8	6946	9	3512	10	1511	11	563	12	193	13	62	14	29	15	6	20	1
870	1	1315	2	5762	3	12409	4	18131	5	19894	6	17244	7	12084	8	6965	9	3501	10	1663	11	692	12	228	13	76	14	25	15	7	16	3	17	1
871	1	1157	2	5096	3	11419	4	17660	5	19887	6	17584	7	12641	8	7774	9	3855	10	1785	11	761	12	255	13	93	14	22	15	8	16	2	21	1
872	1	1121	2	4711	3	10821	4	16987	5	19159	6	17746	7	13389	8	8344	9	4315	10	2029	11	886	12	316	13	116	14	44	15	13	16	2	18	1
873	1	941	2	4456	3	10394	4	16229	5	19394	6	18087	7	13565	8	8566	9	4691	10	2196	11	915	12	371	13	144	14	29	15	16	16	6
874	1	834	2	3958	3	9728	4	15875	5	18816	6	17840	7	14002	8	9268	9	5295	10	2594	11	1143	12	420	13	155	14	52	15	16	16	3	17	1
875	1	753	2	3595	3	9016	4	15286	5	18697	6	18413	7	14520	8	9593	9	5434	10	2715	11	1239	12	456	13	176	14	78	15	16	16	10	17	1	18	2
876	1	691	2	3318	3	8181	4	14364	5	18199	6	18313	7	14896	8	10414	9	6150	10	3056	11	1488	12	574	13	228	14	85	15	28	16	10	17	3	19	2
877	1	528	2	2660	3	7403	4	13260	5	17657	6	18503	7	15873	8	11081	9	6628	10	3550	11	1708	12	725	13	273	14	111	15	23	16	14	17	2	19	1
878	1	515	2	2526	3	6978	4	12608	5	16895	6	17917	7	15973	8	11662	9	7422	10	4079	11	2049	12	855	13	329	14	135	15	38	16	13	17	5	18	1
879	1	404	2	2429	3	6630	4	12350	5	16766	6	18449	7	16039	8	11792	9	7476	10	4124	11	2006	12	956	13	363	14	127	15	60	16	17	17	11	21	1
880	1	413	2	2232	3	6296	4	11542	5	16251	6	17704	7	16057	8	12484	9	8214	10	4627	11	2429	12	1044	13	429	14	174	15	72	16	21	17	6	18	2	19	3
881	1	331	2	1926	3	5566	4	10972	5	15805	6	17753	7	16359	8	13075	9	8707	10	4910	11	2632	12	1180	13	487	14	183	15	73	16	29	17	11	18	1
882	1	369	2	2013	3	5472	4	10871	5	15490	6	17630	7	16419	8	12836	9	8758	10	5217	11	2747	12	1279	13	561	14	221	15	75	16	28	17	11	18	3
883	1	272	2	1539	3	4911	4	9929	5	14865	6	17483	7	16700	8	13558	9	9459	10	5638	11	3093	12	1472	13	636	14	255	15	117	16	48	17	18	18	5	19	1	20	1
884	1	246	2	1481	3	4558	4	9179	5	14137	6	16839	7	16797	8	14027	9	9909	10	6334	11	3527	12	1682	13	770	14	319	15	128	16	43	17	17	18	5	19	2
885	1	222	2	1187	3	4091	4	8641	5	13424	6	16658	7	16987	8	14519	9	10396	10	6593	11	3869	12	1898	13	882	14	384	15	158	16	59	17	21	18	10	19	1
886	1	186	2	1259	3	3815	4	8278	5	13014	6	16088	7	16704	8	14638	9	10795	10	7097	11	4187	12	2180	13	1023	14	446	15	189	16	63	17	24	18	12	19	2
887	1	148	2	937	3	3295	4	7418	5	12290	6	15861	7	16895	8	15003	9	11556	10	7655	11	4553	12	2363	13	1196	14	514	15	207	16	69	17	30	18	5	19	4	20	1
888	1	142	2	879	3	3102	4	6685	5	11284	6	15154	7	16668	8	15403	9	11907	10	8258	11	5152	12	2783	13	1437	14	661	15	274	16	136	17	51	18	19	19	4	20	1
889	1	215	2	1018	3	3294	4	7101	5	11697	6	15642	7	16524	8	14960	9	11702	10	8002	11	4904	12	2654	13	1297	14	561	15	271	16	98	17	39	18	18	19	1	20	2
890	1	195	2	1053	3	2972	4	6574	5	11085	6	14562	7	16436	8	15235	9	12157	10	8692	11	5403	12	2952	13	1488	14	710	15	313	16	109	17	41	18	15	19	7	20	1
891	1	104	2	744	3	2470	4	5792	5	10045	6	14057	7	15859	8	15595	9	12995	10	9279	11	6097	12	3545	13	1873	14	885	15	394	16	163	17	64	18	20	19	14	20	4	24	1
892	1	140	2	838	3	2747	4	5806	5	9869	6	13880	7	16172	8	15259	9	12929	10	9277	11	6178	12	3552	13	1754	14	918	15	406	16	163	17	73	18	30	19	6	20	2	22	1
893	1	91	2	558	3	1851	4	4619	5	8541	6	12802	7	15465	8	15641	9	13967	10	10507	11	7061	12	4429	13	2373	14	1164	15	538	16	253	17	87	18	45	19	5	20	2	22	1
894	1	89	2	599	3	1909	4	4716	5	8555	6	12393	7	15066	8	15760	9	13609	10	10712	11	7394	12	4496	13	2416	14	1209	15	617	16	281	17	105	18	41	19	20	20	11	21	2
895	1	57	2	422	3	1635	4	4157	5	8096	6	11824	7	14694	8	15690	9	14236	10	11089	11	7885	12	4756	13	2826	14	1417	15	722	16	282	17	121	18	48	19	24	20	12	21	4	22	2	23	1
896	1	68	2	403	3	1442	4	3742	5	7191	6	10966	7	14002	8	15324	9	14551	10	11686	11	8641	12	5534	13	3258	14	1692	15	837	16	389	17	171	18	57	19	23	20	15	21	3	22	2	23	3
897	1	53	2	327	3	1261	4	3283	5	6619	6	10594	7	13847	8	15189	9	14790	10	12203	11	8954	12	5864	13	3470	14	1892	15	953	16	374	17	178	18	78	19	47	20	17	21	5	22	2
898	1	48	2	374	3	1252	4	3241	5	6440	6	10096	7	13354	8	15087	9	14581	10	12233	11	9226	12	6201	13	3773	14	2070	15	1064	16	540	17	243	18	114	19	43	20	11	21	8	22	1
899	1	28	2	212	3	909	4	2512	5	5555	6	9189	7	12854	8	14895	9	14887	10	12957	11	9936	12	6836	13	4387	14	2434	15	1339	16	575	17	289	18	122	19	53	20	17	21	7	22	2	23	2	24	3
900	1	34	2	260	3	1001	4	2605	5	5248	6	8852	7	12492	8	14378	9	14886	10	12959	11	10214	12	7010	13	4679	14	2657	15	1408	16	738	17	333	18	165	19	53	20	17	21	5	22	4	23	1	26	1
901	1	20	2	172	3	665	4	1996	5	4434	6	7793	7	11424	8	14175	9	14897	10	13637	11	11043	12	8079	13	5198	14	3149	15	1718	16	879	17	418	18	158	19	91	20	38	21	12	22	4
902	1	22	2	184	3	662	4	1890	5	4007	6	7245	7	10790	8	13380	9	14727	10	13739	11	11525	12	8594	13	5711	14	3632	15	1951	16	1031	17	511	18	231	19	106	20	33	21	20	22	4	23	4	24	1
903	1	12	2	96	3	546	4	1590	5	3703	6	6938	7	10214	8	13309	9	14844	10	13764	11	11744	12	8887	13	6110	14	3953	15	2142	16	1122	17	570	18	254	19	114	20	57	21	19	22	8	23	2	24	2
904	1	13	2	151	3	584	4	1638	5	3581	6	6481	7	9867	8	12761	9	13914	10	13807	11	12115	12	9312	13	6538	14	4158	15	2390	16	1376	17	718	18	350	19	151	20	55	21	27	22	8	23	2	24	2	25	1
905	1	8	2	56	3	333	4	1110	5	2891	6	5585	7	8928	8	12184	9	13958	10	14135	11	12683	12	10110	13	7258	14	4725	15	2835	16	1612	17	836	18	403	19	208	20	82	21	29	22	18	23	9	24	2	25	1	29	1
906	1	17	2	82	3	423	4	1150	5	2748	6	5228	7	8446	8	11504	9	13537	10	14118	11	12743	12	10481	13	7623	14	5093	15	3193	16	1776	17	989	18	474	19	224	20	86	21	32	22	16	23	10	24	4	25	2	26	1
907	1	6	2	56	3	272	4	880	5	2278	6	4670	7	7696	8	11056	9	13260	10	13999	11	13032	12	11032	13	8299	14	5755	15	3490	16	2066	17	1090	18	563	19	273	20	136	21	58	22	17	23	9	24	5	26	1	27	1
908	1	9	2	57	3	245	4	761	5	1936	6	3990	7	6812	8	10022	9	12510	10	13608	11	13237	12	11592	13	9150	14	6473	15	4185	16	2551	17	1393	18	745	19	409	20	176	21	77	22	38	23	12	24	5	25	6	27	1
909	1	3	2	31	3	151	4	616	5	1638	6	3608	7	6363	8	9439	9	12148	10	13463	11	13557	12	11904	13	9692	14	6758	15	4617	16	2791	17	1573	18	871	19	429	20	187	21	96	22	36	23	17	24	4	25	4	26	1	27	1	28	2
910	1	14	2	63	3	278	4	861	5	2045	6	3947	7	6583	8	9528	9	11966	10	13128	11	13263	12	11708	13	9229	14	6856	15	4422	16	2785	17	1627	18	907	19	427	20	198	21	91	22	51	23	13	24	4	25	4	26	2
911	1	1	2	34	3	166	4	603	5	1685	6	3554	7	6174	8	9335	9	11836	10	13239	11	13244	12	12083	13	9690	14	7071	15	4779	16	2930	17	1744	18	979	19	442	20	230	21	107	22	42	23	16	24	9	25	6	26	1
912	1	6	2	67	3	177	4	604	5	1470	6	2920	7	5468	8	7918	9	10670	10	12638	11	13191	12	12349	13	10389	14	8086	15	5708	16	3627	17	2179	18	1267	19	675	20	308	21	152	22	78	23	30	24	13	25	5	26	2	27	2	28	1
913	1	2	2	19	3	101	4	399	5	1077	6	2477	7	4758	8	7490	9	10397	10	12325	11	13187	12	12692	13	10802	14	8518	15	6094	16	4086	17	2599	18	1449	19	806	20	403	21	174	22	77	23	40	24	15	25	9	26	2	28	1	29	1
914	1	6	2	34	3	163	4	456	5	1232	6	2502	7	4594	8	7233	9	9878	10	12000	11	12776	12	12619	13	11102	14	8653	15	6526	16	4289	17	2676	18	1587	19	839	20	432	21	223	22	107	23	40	24	21	25	9	26	1	27	1	28	1
915	1	2	2	10	3	68	4	276	5	826	6	1973	7	3814	8	6486	9	9177	10	11702	11	12941	12	12869	13	11474	14	9391	15	7305	16	4800	17	3037	18	1847	19	1012	20	518	21	260	22	126	23	48	24	25	25	9	26	3	27	1
916	1	5	2	20	3	101	4	373	5	877	6	2024	7	3730	8	6032	9	8706	10	10898	11	12376	12	12642	13	11602	14	9624	15	7470	16	5340	17	3581	18	2105	19	1201	20	666	21	340	22	159	23	75	24	30	25	19	26	3	27	1
917	2	13	3	62	4	211	5	565	6	1428	7	3074	8	5313	9	7944	10	10538	11	12485	12	12941	13	12077	14	10309	15	7976	16	5805	17	3886	18	2368	19	1397	20	828	21	422	22	178	23	103	24	43	25	24	26	3	27	3	28	3	29	1
918	2	8	3	64	4	220	5	639	6	1326	7	2681	8	4695	9	6983	10	9390	11	11739	12	12548	13	12398	14	10948	15	8711	16	6631	17	4521	18	2847	19	1631	20	996	21	537	22	249	23	129	24	54	25	34	26	15	27	1	28	5
919	1	1	2	4	3	32	4	121	5	408	6	1122	7	2371	8	4223	9	6832	10	9229	11	11580	12	12504	13	12371	14	11061	15	9155	16	6803	17	4898	18	3114	19	1914	20	1101	21	543	22	324	23	151	24	73	25	35	26	21	27	4	28	1	29	1	30	2	31	1
920	2	14	3	59	4	160	5	528	6	1138	7	2247	8	3962	9	6065	10	8851	11	10587	12	12011	13	12326	14	11216	15	9560	16	7458	17	5281	18	3576	19	2194	20	1368	21	658	22	380	23	189	24	89	25	46	26	20	27	11	28	4	29	2
921	2	1	3	16	4	66	5	233	6	708	7	1600	8	3289	9	5430	10	7921	11	10170	12	11913	13	12306	14	11652	15	10244	16	8251	17	6133	18	4129	19	2609	20	1529	21	862	22	474	23	240	24	120	25	64	26	22	27	9	28	5	29	4
922	1	1	2	7	3	40	4	126	5	330	6	774	7	1549	8	3022	9	4766	10	7137	11	9486	12	11186	13	12090	14	11639	15	10550	16	8673	17	6623	18	4679	19	3081	20	1946	21	1080	22	582	23	331	24	148	25	88	26	35	27	19	28	10	30	2
923	2	1	3	12	4	62	5	172	6	471	7	1214	8	2413	9	4346	10	6646	11	8939	12	10999	13	11994	14	12150	15	10952	16	9158	17	7127	18	5113	19	3388	20	2118	21	1275	22	698	23	369	24	217	25	90	26	45	27	16	28	10	29	2	31	1	33	1	36	1
924	1	1	2	10	3	36	4	123	5	320	6	764	7	1410	8	2685	9	4543	10	6666	11	9108	12	10917	13	11756	14	11776	15	10793	16	9023	17	6947	18	5032	19	3357	20	2061	21	1287	22	651	23	381	24	178	25	107	26	40	27	13	28	11	29	2	30	2
925	2	1	3	1	4	42	5	133	6	379	7	1018	8	1971	9	3712	10	5901	11	8432	12	10181	13	11696	14	12016	15	11266	16	9769	17	7756	18	5771	19	3952	20	2542	21	1562	22	855	23	529	24	276	25	135	26	51	27	33	28	11	29	3	30	4	31	1	32	1
926	2	6	3	23	4	66	5	193	6	433	7	897	8	1733	9	3080	10	5102	11	7237	12	9279	13	11155	14	11896	15	11657	16	10183	17	8435	18	6634	19	4636	20	2987	21	1905	22	1133	23	650	24	339	25	177	26	82	27	43	28	23	29	10	30	4	32	1	33	1
927	3	3	4	20	5	97	6	269	7	669	8	1471	9	2781	10	4716	11	7011	12	9085	13	10976	14	11874	15	11719	16	10735	17	8622	18	6998	19	4823	20	3324	21	2074	22	1263	23	686	24	393	25	194	26	100	27	52	28	24	29	10	30	6	31	2	33	2	34	1
928	2	5	3	27	4	74	5	139	6	370	7	709	8	1389	9	2538	10	4120	11	6167	12	8121	13	10096	14	11318	15	11591	16	10736	17	9527	18	7464	19	5570	20	4005	21	2464	22	1580	23	922	24	533	25	263	26	142	27	71	28	36	29	11	30	7	31	3	33	1	35	1
929	3	1	4	9	5	42	6	143	7	427	8	1044	9	2101	10	3512	11	5630	12	7938	13	9898	14	11159	15	11841	16	11213	17	9746	18	8064	19	5935	20	4329	21	2848	22	1819	23	984	24	608	25	355	26	175	27	79	28	47	29	28	30	10	31	9	32	5	33	1
930	2	4	3	9	4	31	5	105	6	272	7	575	8	996	9	1837	10	3218	11	5030	12	7087	13	8920	14	10577	15	11280	16	11308	17	10134	18	8575	19	6722	20	4897	21	3302	22	2171	23	1271	24	774	25	414	26	250	27	107	28	74	29	32	30	17	31	5	32	2	33	1	34	2	35	1
931	3	1	4	4	5	21	6	86	7	274	8	679	9	1347	10	2622	11	4256	12	6483	13	8535	14	10372	15	11487	16	11448	17	10714	18	9223	19	7348	20	5367	21	3726	22	2456	23	1529	24	941	25	529	26	277	27	141	28	71	29	37	30	14	31	8	32	4
932	2	8	3	16	4	35	5	84	6	172	7	367	8	745	9	1345	10	2267	11	3835	12	5713	13	7783	14	9529	15	10677	16	10987	17	10755	18	9508	19	7858	20	6179	21	4452	22	2985	23	1930	24	1214	25	685	26	435	27	207	28	122	29	60	30	23	31	13	32	6	33	2	34	2	37	1
933	3	1	4	3	5	17	6	52	7	167	8	418	9	961	10	1989	11	3314	12	5012	13	7240	14	8991	15	10710	16	11299	17	11103	18	10077	19	8517	20	6647	21	4819	22	3299	23	2195	24	1318	25	856	26	492	27	240	28	127	29	69	30	28	31	19	32	10	33	4	34	4	35	1	38	1
934	2	1	3	5	4	30	5	73	6	147	7	313	8	605	9	1027	10	1939	11	3267	12	5015	13	6855	14	8903	15	10254	16	11051	17	10913	18	10046	19	8536	20	6664	21	5014	22	3628	23	2396	24	1436	25	868	26	490	27	263	28	139	29	57	30	43	31	11	32	8	33	2	34	1
935	4	2	5	12	6	29	7	117	8	299	9	725	10	1471	11	2645	12	4201	13	6104	14	8017	15	9770	16	11043	17	11021	18	10495	19	9214	20	7600	21	5794	22	4109	23	2870	24	1868	25	1144	26	678	27	357	28	207	29	106	30	60	31	22	32	14	33	4	34	1	36	1
936	2	1	3	10	4	21	5	63	6	115	7	236	8	463	9	897	10	1520	11	2516	12	4110	13	5740	14	7592	15	9359	16	10350	17	11204	18	10470	19	9136	20	7651	21	6084	22	4465	23	3038	24	2018	25	1328	26	733	27	396	28	216	29	129	30	73	31	33	32	19	33	8	34	2	35	1	36	2	37	1
937	5	3	6	16	7	69	8	201	9	499	10	987	11	1878	12	3276	13	5047	14	6881	15	8843	16	10416	17	10974	18	10969	19	9996	20	8409	21	6931	22	5058	23	3577	24	2399	25	1532	26	899	27	520	28	294	29	166	30	83	31	32	32	25	33	10	34	7	35	2	37	1
938	3	1	4	9	5	34	6	92	7	151	8	291	9	538	10	986	11	1667	12	2754	13	4115	14	5948	15	7717	16	9518	17	10514	18	11022	19	10137	20	9265	21	7495	22	5800	23	4265	24	2992	25	1931	26	1185	27	719	28	396	29	213	30	113	31	69	32	33	33	16	34	7	35	3	36	1	38	2	39	1
939	3	1	4	1	5	6	6	11	7	43	8	117	9	336	10	677	11	1405	12	2377	13	3832	14	5633	15	7466	16	9242	17	10349	18	10714	19	10510	20	9425	21	8009	22	6449	23	4659	24	3292	25	2230	26	1405	27	807	28	456	29	260	30	128	31	73	32	46	33	22	34	4	35	10	36	3	37	2
940	2	1	3	3	4	7	5	23	6	76	7	115	8	220	9	443	10	745	11	1213	12	2052	13	3366	14	4801	15	6609	16	8285	17	9706	18	10436	19	10478	20	9832	21	8424	22	6949	23	5465	24	3886	25	2625	26	1719	27	1118	28	651	29	342	30	211	31	98	32	41	33	33	34	16	35	5	36	5	40	1
941	5	3	6	3	7	13	8	54	9	154	10	396	11	825	12	1518	13	2675	14	4112	15	6034	16	7699	17	9424	18	10229	19	10607	20	10348	21	9095	22	7769	23	6172	24	4455	25	3124	26	2107	27	1323	28	778	29	494	30	265	31	169	32	79	33	38	34	23	35	10	36	2	37	1	38	1	39	1
942	3	1	4	9	5	9	6	45	7	109	8	188	9	299	10	546	11	933	12	1559	13	2539	14	3838	15	5594	16	7385	17	8919	18	10111	19	10326	20	10154	21	9396	22	7898	23	6240	24	4747	25	3329	26	2298	27	1439	28	886	29	562	30	303	31	162	32	98	33	42	34	20	35	12	36	1	37	3
943	6	5	7	11	8	29	9	120	10	293	11	592	12	1143	13	2049	14	3321	15	4872	16	6769	17	8298	18	9657	19	10483	20	10399	21	9521	22	8572	23	6952	24	5434	25	3942	26	2839	27	1902	28	1155	29	721	30	425	31	240	32	118	33	70	34	37	35	17	36	8	37	5	39	1
944	1	1	2	2	3	6	4	4	5	14	6	38	7	93	8	146	9	235	10	376	11	660	12	1094	13	1888	14	2848	15	4205	16	5846	17	7537	18	8854	19	10019	20	10346	21	9805	22	9050	23	7427	24	5962	25	4557	26	3244	27	2191	28	1443	29	893	30	526	31	340	32	162	33	91	34	47	35	27	36	7	37	9	38	5	39	1	40	1
945	7	5	8	16	9	60	10	132	11	351	12	693	13	1405	14	2369	15	3699	16	5175	17	6976	18	8729	19	9777	20	10441	21	10242	22	9405	23	8150	24	6598	25	5098	26	3817	27	2584	28	1664	29	1079	30	651	31	392	32	247	33	132	34	46	35	30	36	15	37	15	38	5	39	2
946	4	2	5	7	6	30	7	50	8	107	9	183	10	292	11	442	12	774	13	1322	14	2037	15	3050	16	4559	17	6231	18	7777	19	9204	20	9892	21	10326	22	9729	23	8543	24	7084	25	5646	26	4289	27	3087	28	2034	29	1290	30	868	31	496	32	283	33	170	34	91	35	52	36	30	37	12	38	4	39	4	40	2	43	1
947	7	1	8	10	9	35	10	101	11	192	12	516	13	982	14	1632	15	2842	16	4177	17	5870	18	7489	19	8994	20	9888	21	10197	22	9991	23	8909	24	7582	25	6219	26	4600	27	3484	28	2441	29	1582	30	953	31	539	32	349	33	208	34	103	35	61	36	22	37	20	38	6	39	2	40	2	43	1
948	2	1	4	8	5	7	6	26	7	45	8	85	9	149	10	252	11	394	12	594	13	998	14	1663	15	2551	16	3796	17	5097	18	7104	19	8388	20	9527	21	10035	22	9916	23	8981	24	8000	25	6558	26	5226	27	3682	28	2600	29	1649	30	1115	31	672	32	391	33	239	34	107	35	61	36	43	37	22	38	11	39	6	40	1
949	8	5	9	12	10	52	11	122	12	258	13	521	14	1077	15	1780	16	2963	17	4417	18	6124	19	7518	20	8990	21	9960	22	10153	23	9759	24	8844	25	7434	26	5905	27	4480	28	3394	29	2245	30	1553	31	1008	32	602	33	375	34	194	35	117	36	71	37	28	38	19	39	7	40	4	41	3	42	1	43	5
950	5	5	6	14	7	30	8	65	9	122	10	171	11	276	12	414	13	626	14	1024	15	1562	16	2582	17	3762	18	5354	19	6923	20	8495	21	9489	22	9896	23	9761	24	9148	25	7880	26	6443	27	5044	28	3725	29	2650	30	1768	31	1121	32	695	33	414	34	238	35	148	36	66	37	38	38	26	39	12	40	7	41	3	42	3
951	6	1	8	1	9	7	10	33	11	86	12	156	13	345	14	674	15	1341	16	2152	17	3342	18	4911	19	6274	20	8045	21	9212	22	9846	23	9898	24	9429	25	8371	26	6988	27	5734	28	4294	29	3031	30	2193	31	1406	32	878	33	579	34	363	35	190	36	114	37	57	38	20	39	12	40	4	41	2	42	2	43	4	44	2	45	3
952	3	1	4	3	5	9	6	13	7	27	8	65	9	99	10	152	11	208	12	323	13	482	14	755	15	1214	16	1887	17	2887	18	4181	19	5674	20	7264	21	8571	22	9439	23	9879	24	9357	25	8479	26	7564	27	6108	28	4756	29	3612	30	2580	31	1704	32	1081	33	695	34	413	35	231	36	128	37	84	38	25	39	23	40	14	41	8	42	1	44	1	46	2	47	1
953	9	1	10	12	11	36	12	90	13	190	14	380	15	764	16	1393	17	2373	18	3628	19	4944	20	6559	21	8109	22	9020	23	9762	24	9825	25	9173	26	8233	27	7056	28	5505	29	4186	30	3116	31	2156	32	1358	33	805	34	528	35	349	36	212	37	100	38	70	39	34	40	16	41	9	42	6	45	2
954	4	1	5	2	6	7	7	14	8	37	9	68	10	102	11	164	12	233	13	359	14	457	15	746	16	1185	17	1834	18	2866	19	4230	20	5687	21	7252	22	8754	23	9544	24	9653	25	9400	26	8602	27	7463	28	6172	29	4727	30	3488	31	2472	32	1714	33	1127	34	664	35	422	36	259	37	132	38	76	39	38	40	25	41	13	42	5	43	3	45	2	46	1
955	8	1	9	1	10	8	11	12	12	43	13	97	14	206	15	440	16	880	17	1476	18	2511	19	3634	20	5240	21	6655	22	8109	23	8988	24	9679	25	9779	26	9118	27	8015	28	6816	29	5474	30	4149	31	3022	32	2107	33	1388	34	822	35	559	36	317	37	186	38	109	39	72	40	49	41	20	42	11	43	3	44	3	45	1
956	3	2	4	1	5	4	6	13	7	22	8	20	9	63	10	79	11	118	12	205	13	247	14	355	15	562	16	870	17	1313	18	2113	19	3022	20	4254	21	5706	22	7073	23	8404	24	9228	25	9478	26	9287	27	8350	28	7350	29	6063	30	4786	31	3630	32	2556	33	1757	34	1202	35	764	36	476	37	276	38	174	39	83	40	42	41	26	42	13	43	7	44	4	45	1	47	1
957	9	2	10	5	11	8	12	32	13	59	14	121	15	332	16	621	17	1102	18	1825	19	2799	20	4083	21	5614	22	6836	23	8251	24	9073	25	9581	26	9474	27	8710	28	7745	29	6420	30	5037	31	3879	32	2843	33	2017	34	1394	35	878	36	525	37	314	38	199	39	96	40	55	41	31	42	20	43	9	44	6	45	2	46	1	47	1
958	7	3	8	20	9	42	10	57	11	103	12	170	13	218	14	315	15	373	16	528	17	826	18	1289	19	2079	20	3110	21	4404	22	5853	23	7285	24	8419	25	8914	26	9441	27	9076	28	8512	29	7318	30	6068	31	4692	32	3551	33	2537	34	1774	35	1173	36	759	37	457	38	269	39	171	40	80	41	52	42	32	43	14	44	6	45	6	46	3	48	1
959	9	1	10	3	11	10	12	15	13	32	14	87	15	177	16	370	17	670	18	1083	19	1841	20	2815	21	3925	22	5408	23	6899	24	7982	25	9045	26	9387	27	9196	28	8683	29	7787	30	6551	31	5308	32	4040	33	2912	34	2020	35	1363	36	946	37	568	38	368	39	214	40	118	41	86	42	44	43	25	44	10	45	6	46	3	47	1	48	1
960	3	3	4	4	5	1	6	8	7	14	8	16	9	30	10	72	11	80	12	131	13	180	14	231	15	349	16	445	17	593	18	928	19	1496	20	2325	21	3146	22	4378	23	5682	24	7138	25	8272	26	8971	27	9289	28	8795	29	8139	30	7302	31	5918	32	4852	33	3535	34	2587	35	1833	36	1229	37	811	38	517	39	321	40	151	41	107	42	50	43	27	44	20	45	11	46	6	47	3	49	1	50	1	51	1	57	1
961	10	1	13	16	14	21	15	85	16	165	17	364	18	673	19	1163	20	1856	21	2656	22	3958	23	5343	24	6707	25	7862	26	8680	27	9352	28	9349	29	8637	30	7680	31	6621	32	5419	33	4139	34	3003	35	2159	36	1505	37	1008	38	623	39	380	40	213	41	178	42	80	43	47	44	30	45	11	46	7	47	4	48	2	50	1	51	1	53	1
962	5	1	7	5	8	7	9	25	10	31	11	83	12	116	13	145	14	243	15	253	16	275	17	393	18	606	19	932	20	1452	21	2267	22	3354	23	4502	24	5935	25	7230	26	8458	27	8916	28	9396	29	8720	30	8222	31	6913	32	5854	33	4682	34	3539	35	2497	36	1736	37	1254	38	710	39	502	40	327	41	190	42	93	43	65	44	32	45	18	46	12	47	5	48	2	50	1	51	1
963	11	1	12	4	13	13	14	23	15	51	16	119	17	228	18	458	19	754	20	1340	21	1928	22	2956	23	4147	24	5410	25	6923	26	7960	27	8639	28	9161	29	8946	30	8389	31	7562	32	6426	33	5219	34	4090	35	3018	36	2172	37	1486	38	1025	39	644	40	350	41	236	42	147	43	84	44	32	45	24	46	18	47	8	48	6	49	1	51	1	52	1
964	3	1	4	1	5	1	6	4	7	4	8	11	9	20	10	30	11	58	12	71	13	140	14	160	15	240	16	317	17	332	18	460	19	619	20	995	21	1477	22	2251	23	3312	24	4493	25	5809	26	6948	27	8124	28	8757	29	9038	30	8686	31	8095	32	7099	33	5976	34	4723	35	3616	36	2599	37	1895	38	1365	39	892	40	548	41	354	42	214	43	119	44	66	45	33	46	26	47	6	48	13	49	1	50	1
965	11	2	13	3	14	7	15	19	16	41	17	99	18	217	19	423	20	735	21	1210	22	1921	23	2782	24	4003	25	5272	26	6587	27	7627	28	8572	29	9039	30	8974	31	8452	32	7710	33	6605	34	5373	35	4322	36	3172	37	2353	38	1604	39	1057	40	694	41	458	42	273	43	158	44	92	45	69	46	27	47	20	48	13	49	8	50	1	51	4	52	1	54	1
966	7	2	8	4	9	15	10	24	11	42	12	83	13	103	14	155	15	203	16	220	17	264	18	315	19	435	20	583	21	908	22	1509	23	2300	24	3285	25	4419	26	5701	27	6904	28	8065	29	8533	30	9088	31	8820	32	8070	33	6965	34	5887	35	4870	36	3789	37	2765	38	1992	39	1314	40	916	41	559	42	367	43	204	44	141	45	70	46	50	47	29	48	9	49	11	50	5	51	7
967	12	1	13	2	14	3	15	7	16	20	17	58	18	107	19	209	20	389	21	761	22	1109	23	1841	24	2607	25	3777	26	4930	27	6254	28	7626	29	8397	30	8641	31	8860	32	8622	33	7852	34	6813	35	5644	36	4405	37	3408	38	2554	39	1794	40	1219	41	790	42	515	43	338	44	189	45	107	46	58	47	40	48	26	49	11	50	7	51	5	52	4
968	4	1	6	4	7	9	8	7	9	15	10	33	11	38	12	51	13	89	14	113	15	154	16	188	17	249	18	286	19	332	20	452	21	655	22	1042	23	1660	24	2360	25	3238	26	4452	27	5698	28	6765	29	7740	30	8520	31	8833	32	8530	33	7910	34	7119	35	6002	36	4781	37	3734	38	2931	39	2056	40	1390	41	960	42	620	43	391	44	264	45	148	46	76	47	32	48	29	49	20	50	12	51	5	52	4	54	1	55	1
969	13	1	14	5	15	2	16	17	17	38	18	69	19	144	20	243	21	440	22	741	23	1266	24	1867	25	2858	26	3802	27	4910	28	6219	29	7345	30	8266	31	8664	32	8932	33	8396	34	7779	35	6637	36	5742	37	4453	38	3370	39	2529	40	1806	41	1282	42	824	43	526	44	307	45	250	46	115	47	68	48	36	49	23	50	16	51	3	52	3	53	2	54	1	55	3
970	8	1	9	8	10	8	11	22	12	33	13	67	14	95	15	130	16	180	17	186	18	250	19	250	20	243	21	337	22	522	23	712	24	1265	25	1919	26	2950	27	4029	28	5149	29	6518	30	7603	31	8200	32	8822	33	8839	34	8047	35	7388	36	6438	37	5331	38	4175	39	3174	40	2309	41	1680	42	1110	43	767	44	513	45	293	46	173	47	128	48	65	49	38	50	14	51	7	52	3	53	4	54	4	55	1
971	15	8	16	13	17	11	18	26	19	88	20	163	21	243	22	397	23	703	24	1111	25	1753	26	2522	27	3713	28	4750	29	5888	30	7170	31	7988	32	8382	33	8694	34	8337	35	7859	36	6935	37	5865	38	4725	39	3798	40	2819	41	2051	42	1411	43	972	44	586	45	392	46	250	47	167	48	73	49	65	50	31	51	20	52	8	53	4	54	3	55	1	57	3	58	2
972	6	2	7	1	8	10	9	5	10	17	11	13	12	22	13	49	14	83	15	103	16	146	17	179	18	228	19	248	20	238	21	337	22	421	23	537	24	890	25	1289	26	1954	27	2878	28	3825	29	5148	30	6270	31	7176	32	8145	33	8568	34	8445	35	8246	36	7601	37	6396	38	5319	39	4354	40	3304	41	2442	42	1741	43	1184	44	781	45	539	46	352	47	212	48	133	49	70	50	49	51	23	52	10	53	7	54	4	55	4	56	1	60	1
973	16	3	17	6	18	8	19	32	20	50	21	109	22	232	23	379	24	614	25	974	26	1527	27	2228	28	3316	29	4403	30	5492	31	6655	32	7714	33	8273	34	8618	35	8514	36	8107	37	7284	38	6154	39	5078	40	4125	41	3121	42	2339	43	1572	44	1128	45	735	46	473	47	314	48	203	49	81	50	60	51	33	52	16	53	12	54	9	55	2	56	4	57	2	59	1
974	9	1	10	4	11	10	12	20	13	44	14	55	15	102	16	132	17	144	18	218	19	205	20	232	21	237	22	251	23	302	24	458	25	629	26	1034	27	1695	28	2450	29	3504	30	4673	31	5862	32	6986	33	7695	34	8358	35	8685	36	8312	37	7705	38	6876	39	5755	40	4784	41	3760	42	2730	43	2062	44	1390	45	914	46	642	47	445	48	238	49	147	50	115	51	58	52	36	53	17	54	10	55	6	56	6	57	3	58	2	59	1
975	16	3	17	4	18	8	19	17	20	44	21	74	22	127	23	220	24	399	25	620	26	1045	27	1489	28	2177	29	3112	30	4083	31	5163	32	6448	33	7355	34	8048	35	8550	36	8367	37	8067	38	7371	39	6428	40	5219	41	4337	42	3295	43	2584	44	1756	45	1282	46	840	47	570	48	342	49	215	50	134	51	96	52	48	53	22	54	19	55	9	56	8	57	4	58	1
976	5	1	7	1	8	5	9	5	10	8	11	13	12	22	13	31	14	48	15	63	16	95	17	161	18	168	19	189	20	227	21	238	22	231	23	274	24	409	25	517	26	775	27	1122	28	1746	29	2453	30	3268	31	4389	32	5388	33	6536	34	7306	35	8072	36	8243	37	8163	38	7691	39	6990	40	5983	41	5038	42	4040	43	3013	44	2274	45	1600	46	1150	47	716	48	503	49	341	50	207	51	127	52	66	53	47	54	17	55	15	56	3	57	7	58	2	59	1	60	1	61	1
977	15	1	17	1	18	2	19	9	20	25	21	40	22	59	23	116	24	214	25	384	26	538	27	877	28	1375	29	2047	30	2871	31	3973	32	4956	33	5966	34	7105	35	7860	36	8360	37	8605	38	8124	39	7396	40	6491	41	5691	42	4474	43	3654	44	2742	45	1955	46	1431	47	958	48	643	49	425	50	243	51	155	52	96	53	63	54	29	55	19	56	14	57	5	58	3	59	1	60	2	63	1	64	1
978	11	2	12	14	13	17	14	20	15	48	16	77	17	113	18	141	19	166	20	185	21	171	22	176	23	149	24	193	25	249	26	325	27	523	28	839	29	1337	30	2058	31	2868	32	3944	33	5072	34	6398	35	7225	36	8012	37	8327	38	8310	39	7867	40	7388	41	6512	42	5346	43	4385	44	3358	45	2586	46	1876	47	1334	48	845	49	589	50	346	51	243	52	160	53	86	54	54	55	30	56	17	57	10	58	4	59	2	60	3
979	18	1	19	3	20	4	21	20	22	34	23	56	24	107	25	180	26	260	27	467	28	734	29	1072	30	1693	31	2317	32	3395	33	4292	34	5356	35	6587	36	7264	37	8092	38	8448	39	8310	40	7837	41	7184	42	6350	43	5125	44	4095	45	3175	46	2437	47	1710	48	1136	49	795	50	578	51	335	52	235	53	132	54	83	55	41	56	20	57	22	58	9	59	4	60	4	61	1
980	6	1	8	3	9	2	10	6	11	7	12	9	13	14	14	25	15	28	16	58	17	76	18	97	19	160	20	177	21	209	22	210	23	211	24	246	25	249	26	331	27	403	28	585	29	859	30	1405	31	1955	32	2759	33	3668	34	4682	35	5709	36	6638	37	7514	38	8188	39	8043	40	7806	41	7345	42	6584	43	5621	44	4703	45	3783	46	2922	47	2165	48	1534	49	1010	50	736	51	464	52	312	53	207	54	117	55	76	56	45	57	21	58	9	59	4	60	6	61	1	62	1	64	1
981	13	1	17	1	18	1	19	1	20	6	21	12	22	16	23	30	24	67	25	127	26	201	27	322	28	458	29	696	30	1080	31	1636	32	2305	33	3052	34	4111	35	5167	36	6142	37	7121	38	7716	39	8185	40	8178	41	7756	42	7314	43	6266	44	5389	45	4438	46	3436	47	2681	48	1966	49	1403	50	955	51	639	52	449	53	272	54	154	55	117	56	57	57	35	58	17	59	9	60	6	61	5	62	1	63	1	64	2
982	11	2	12	2	13	4	14	7	15	21	16	41	17	65	18	93	19	123	20	165	21	200	22	210	23	173	24	174	25	174	26	162	27	166	28	236	29	333	30	582	31	919	32	1499	33	2162	34	3028	35	4049	36	5117	37	6146	38	6985	39	7748	40	8301	41	8091	42	7854	43	7242	44	6412	45	5395	46	4349	47	3325	48	2638	49	1836	50	1335	51	931	52	651	53	415	54	261	55	161	56	91	57	62	58	24	59	22	60	7	61	3	62	5	63	2	64	1
983	19	2	20	4	21	5	22	12	23	24	24	37	25	66	26	113	27	179	28	274	29	444	30	614	31	963	32	1416	33	2039	34	2684	35	3594	36	4578	37	5463	38	6541	39	7408	40	7849	41	8156	42	7956	43	7478	44	6882	45	5945	46	4819	47	4014	48	3039	49	2271	50	1738	51	1111	52	805	53	551	54	338	55	239	56	140	57	85	58	49	59	34	60	22	61	8	62	4	63	1	64	4	66	1	67	1
984	7	3	9	4	10	4	11	3	12	8	13	15	14	13	15	26	16	23	17	47	18	68	19	96	20	127	21	168	22	165	23	192	24	190	25	227	26	204	27	235	28	230	29	346	30	505	31	680	32	1057	33	1444	34	2063	35	2856	36	3807	37	4690	38	5633	39	6731	40	7441	41	7879	42	8098	43	7649	44	7253	45	6394	46	5466	47	4590	48	3735	49	2796	50	2137	51	1587	52	1087	53	738	54	485	55	287	56	229	57	117	58	69	59	43	60	25	61	17	62	8	63	2	64	7	67	1
985	21	3	22	4	23	8	24	12	25	16	26	41	27	77	28	113	29	171	30	292	31	446	32	646	33	1003	34	1394	35	2112	36	2785	37	3694	38	4883	39	5790	40	6723	41	7537	42	8068	43	7978	44	7864	45	7378	46	6595	47	5879	48	4800	49	3766	50	2907	51	2180	52	1555	53	1168	54	786	55	495	56	319	57	228	58	122	59	55	60	49	61	22	62	18	63	9	64	5	65	3	66	1
986	9	1	10	1	12	5	14	4	15	11	16	19	17	34	18	58	19	82	20	100	21	134	22	166	23	158	24	149	25	170	26	179	27	156	28	134	29	135	30	170	31	263	32	441	33	676	34	1079	35	1509	36	2208	37	3092	38	3887	39	5093	40	6117	41	7012	42	7686	43	7933	44	7944	45	7684	46	7106	47	6306	48	5311	49	4439	50	3472	51	2671	52	1957	53	1441	54	976	55	675	56	452	57	269	58	172	59	103	60	73	61	41	62	26	63	10	64	5	65	1	66	3	69	1
987	21	2	22	2	23	14	24	7	25	19	26	35	27	71	28	103	29	160	30	212	31	306	32	475	33	656	34	1046	35	1373	36	1981	37	2657	38	3464	39	4275	40	5395	41	6268	42	6986	43	7477	44	7931	45	7803	46	7579	47	6709	48	5964	49	5199	50	4191	51	3206	52	2527	53	1904	54	1312	55	957	56	631	57	416	58	252	59	184	60	114	61	54	62	30	63	25	64	17	65	6	66	2	67	3
988	4	1	7	1	9	4	10	3	11	4	12	6	13	7	14	8	15	10	16	9	17	19	18	25	19	55	20	70	21	110	22	136	23	138	24	172	25	197	26	181	27	185	28	175	29	183	30	195	31	255	32	330	33	467	34	652	35	938	36	1312	37	1901	38	2619	39	3434	40	4361	41	5168	42	6121	43	7003	44	7520	45	7767	46	7829	47	7368	48	6736	49	6005	50	4883	51	4129	52	3191	53	2496	54	1793	55	1318	56	870	57	566	58	391	59	275	60	175	61	94	62	47	63	41	64	25	65	10	66	5	67	5	68	3	70	1	71	2
989	19	1	23	2	24	2	25	7	26	9	27	28	28	40	29	57	30	119	31	175	32	249	33	373	34	513	35	769	36	1192	37	1704	38	2182	39	2905	40	3792	41	4746	42	5684	43	6462	44	7144	45	7567	46	7849	47	7679	48	7246	49	6519	50	5817	51	4680	52	3867	53	3080	54	2335	55	1716	56	1208	57	767	58	533	59	390	60	220	61	155	62	97	63	61	64	26	65	10	66	9	67	11	68	2	70	1
990	13	3	14	6	15	4	16	7	17	15	18	28	19	42	20	61	21	84	22	110	23	136	24	152	25	179	26	160	27	167	28	135	29	128	30	134	31	94	32	109	33	169	34	266	35	393	36	607	37	1008	38	1511	39	2073	40	2939	41	3684	42	4823	43	5723	44	6445	45	7437	46	7758	47	7924	48	7636	49	7209	50	6445	51	5425	52	4733	53	3728	54	2980	55	2244	56	1604	57	1219	58	745	59	591	60	394	61	229	62	120	63	68	64	44	65	28	66	16	67	12	68	5	69	4	70	5	71	1	72	1
991	22	1	23	2	24	1	25	2	26	11	27	10	28	18	29	48	30	57	31	96	32	143	33	187	34	308	35	418	36	571	37	845	38	1170	39	1606	40	2343	41	3015	42	3888	43	4973	44	5770	45	6411	46	7416	47	7862	48	7785	49	7487	50	7108	51	6405	52	5590	53	4687	54	3842	55	2931	56	2184	57	1584	58	1091	59	723	60	542	61	335	62	202	63	127	64	84	65	52	66	26	67	14	68	14	69	7	70	2	71	3	73	1	74	1	80	1
992	7	1	8	1	9	3	10	3	11	2	12	7	13	8	14	5	15	11	16	11	17	11	18	18	19	26	20	32	21	58	22	98	23	108	24	138	25	150	26	171	27	183	28	156	29	159	30	185	31	154	32	168	33	210	34	261	35	351	36	476	37	653	38	915	39	1288	40	1824	41	2350	42	3028	43	3856	44	4616	45	5701	46	6367	47	7103	48	7391	49	7763	50	7382	51	6913	52	6327	53	5346	54	4472	55	3599	56	2902	57	2129	58	1537	59	1118	60	796	61	516	62	353	63	219	64	157	65	98	66	51	67	30	68	12	69	12	70	9	71	2
993	22	1	23	3	24	3	25	3	26	4	27	3	28	11	29	22	30	35	31	52	32	77	33	140	34	182	35	245	36	365	37	561	38	746	39	1016	40	1419	41	1862	42	2522	43	3207	44	4127	45	5119	46	5947	47	6703	48	7117	49	7587	50	7683	51	7281	52	6927	53	6034	54	5486	55	4501	56	3532	57	2707	58	2078	59	1483	60	1062	61	739	62	505	63	353	64	213	65	140	66	80	67	51	68	35	69	19	70	5	71	3	72	1	75	1	76	1	79	1
994	13	1	14	1	15	2	16	3	17	3	18	12	19	15	20	30	21	56	22	78	23	67	24	109	25	131	26	166	27	184	28	174	29	165	30	139	31	118	32	91	33	75	34	79	35	81	36	118	37	202	38	323	39	538	40	804	41	1181	42	1792	43	2450	44	3204	45	4131	46	4985	47	5845	48	6802	49	7314	50	7679	51	7513	52	7402	53	6952	54	6248	55	5208	56	4427	57	3528	58	2770	59	2102	60	1544	61	1065	62	715	63	492	64	329	65	208	66	140	67	91	68	50	69	30	70	16	71	8	72	9	73	2	75	1	76	2
995	17	1	22	1	25	3	26	4	27	6	28	8	29	22	30	32	31	24	32	57	33	103	34	114	35	167	36	271	37	273	38	442	39	598	40	824	41	1133	42	1473	43	2054	44	2632	45	3408	46	4209	47	5076	48	6087	49	6601	50	7249	51	7550	52	7598	53	7235	54	6695	55	5934	56	5072	57	4307	58	3400	59	2690	60	1987	61	1557	62	1000	63	773	64	482	65	323	66	230	67	105	68	87	69	43	70	28	71	12	72	9	73	4	74	5	76	1	78	1
996	5	1	8	2	10	2	11	1	12	7	13	4	14	5	15	12	16	8	17	9	18	4	19	6	20	20	21	22	22	37	23	50	24	105	25	130	26	154	27	165	28	182	29	163	30	171	31	160	32	141	33	152	34	146	35	145	36	171	37	228	38	294	39	400	40	565	41	796	42	1042	43	1469	44	1904	45	2640	46	3468	47	4201	48	5040	49	5950	50	6501	51	7153	52	7368	53	7341	54	7071	55	6541	56	5919	57	5044	58	4281	59	3416	60	2644	61	2026	62	1481	63	1036	64	697	65	485	66	350	67	177	68	104	69	89	70	45	71	26	72	16	73	8	74	7	75	1	79	1
997	23	1	26	2	27	1	28	1	29	7	30	8	31	13	32	18	33	31	34	50	35	85	36	115	37	168	38	236	39	344	40	441	41	601	42	816	43	1207	44	1550	45	2033	46	2804	47	3511	48	4309	49	5215	50	6077	51	6651	52	7317	53	7425	54	7442	55	7147	56	6694	57	5922	58	5207	59	4165	60	3415	61	2654	62	1989	63	1415	64	990	65	686	66	434	67	303	68	195	69	133	70	68	71	45	72	20	73	13	74	11	75	12	76	2	78	1
998	15	1	16	1	17	5	18	8	19	16	20	26	21	17	22	35	23	44	24	77	25	99	26	114	27	148	28	156	29	147	30	163	31	145	32	122	33	101	34	87	35	73	36	56	37	73	38	87	39	151	40	207	41	319	42	457	43	669	44	1099	45	1542	46	2108	47	2783	48	3447	49	4233	50	5064	51	6143	52	6612	53	7183	54	7491	55	7656	56	7204	57	6483	58	5834	59	4982	60	4202	61	3288	62	2561	63	1967	64	1431	65	1031	66	718	67	490	68	319	69	203	70	127	71	83	72	51	73	23	74	17	75	9	76	7	77	1	78	4
999	25	1	26	1	27	2	28	1	29	9	30	7	31	12	32	20	33	39	34	59	35	67	36	94	37	135	38	181	39	234	40	312	41	457	42	559	43	748	44	977	45	1311	46	1725	47	2273	48	2857	49	3644	50	4392	51	5201	52	5943	53	6567	54	7052	55	7429	56	7269	57	7083	58	6389	59	5733	60	4959	61	4102	62	3324	63	2544	64	1890	65	1480	66	1030	67	668	68	470	69	267	70	194	71	109	72	79	73	40	74	25	75	10	76	13	77	6	78	3	79	1	80	2	81	1
1000	5	1	8	1	10	4	11	2	12	3	13	4	14	5	15	9	16	11	17	10	18	13	19	9	20	17	21	15	22	22	23	24	24	47	25	67	26	99	27	115	28	148	29	156	30	194	31	189	32	152	33	160	34	116	35	122	36	129	37	129	38	132	39	180	40	251	41	330	42	403	43	540	44	718	45	1000	46	1320	47	1722	48	2158	49	2887	50	3470	51	4391	52	5095	53	5905	54	6613	55	6917	56	7241	57	7181	58	6821	59	6244	60	5639	61	4907	62	4063	63	3252	64	2511	65	1871	66	1374	67	964	68	684	69	453	70	288	71	208	72	119	73	73	74	40	75	24	76	9	77	19	78	6	79	1	80	1	81	1	82	1
