1	1	100000
2	1	100000
3	1	100000
4	1	100000
5	1	100000
6	1	100000
7	1	100000
8	1	100000
9	1	100000
10	1	100000
11	1	100000
12	1	100000
13	1	100000
14	1	100000
15	1	100000
16	1	100000
17	1	100000
18	1	100000
19	1	100000
20	1	100000
21	1	100000
22	1	100000
23	1	100000
24	1	100000
25	1	100000
26	1	100000
27	1	100000
28	1	100000
29	1	100000
30	1	100000
31	1	100000
32	1	100000
33	1	100000
34	1	100000
35	1	100000
36	1	100000
37	1	100000
38	1	100000
39	1	100000
40	1	100000
41	1	100000
42	1	100000
43	1	100000
44	1	100000
45	1	100000
46	1	100000
47	1	100000
48	1	100000
49	1	100000
50	1	100000
51	1	100000
52	1	100000
53	1	100000
54	1	100000
55	1	100000
56	1	100000
57	1	100000
58	1	100000
59	1	100000
60	1	100000
61	1	100000
62	1	100000
63	1	100000
64	1	100000
65	1	100000
66	1	100000
67	1	100000
68	1	100000
69	1	100000
70	1	100000
71	1	100000
72	1	100000
73	1	100000
74	1	100000
75	1	100000
76	1	100000
77	1	100000
78	1	100000
79	1	100000
80	1	100000
81	1	100000
82	1	100000
83	1	100000
84	1	100000
85	1	100000
86	1	100000
87	1	100000
88	1	100000
89	1	100000
90	1	100000
91	1	100000
92	1	100000
93	1	100000
94	1	100000
95	1	100000
96	1	100000
97	1	100000
98	1	100000
99	1	100000
100	1	100000
101	1	100000
102	1	100000
103	1	100000
104	1	100000
105	1	100000
106	1	100000
107	1	100000
108	1	100000
109	1	100000
110	1	100000
111	1	100000
112	1	100000
113	1	100000
114	1	100000
115	1	100000
116	1	100000
117	1	100000
118	1	100000
119	1	100000
120	1	100000
121	1	100000
122	1	100000
123	1	100000
124	1	100000
125	1	100000
126	1	100000
127	1	100000
128	1	100000
129	1	100000
130	1	100000
131	1	100000
132	1	100000
133	1	100000
134	1	100000
135	1	100000
136	1	100000
137	1	100000
138	1	100000
139	1	100000
140	1	100000
141	1	100000
142	1	100000
143	1	100000
144	1	100000
145	1	100000
146	1	100000
147	1	100000
148	1	100000
149	1	100000
150	1	100000
151	1	100000
152	1	100000
153	1	100000
154	1	100000
155	1	100000
156	1	100000
157	1	100000
158	1	100000
159	1	100000
160	1	100000
161	1	100000
162	1	100000
163	1	100000
164	1	100000
165	1	100000
166	1	100000
167	1	100000
168	1	100000
169	1	100000
170	1	100000
171	1	100000
172	1	100000
173	1	100000
174	1	100000
175	1	100000
176	1	100000
177	1	100000
178	1	100000
179	1	100000
180	1	100000
181	1	100000
182	1	100000
183	1	100000
184	1	100000
185	1	100000
186	1	100000
187	1	100000
188	1	100000
189	1	100000
190	1	100000
191	1	100000
192	1	100000
193	1	100000
194	1	100000
195	1	100000
196	1	100000
197	1	100000
198	1	100000
199	1	100000
200	1	100000
201	1	100000
202	1	100000
203	1	100000
204	1	100000
205	1	100000
206	1	100000
207	1	100000
208	1	100000
209	1	100000
210	1	100000
211	1	100000
212	1	100000
213	1	100000
214	1	100000
215	1	100000
216	1	100000
217	1	100000
218	1	100000
219	1	100000
220	1	100000
221	1	100000
222	1	100000
223	1	100000
224	1	100000
225	1	100000
226	1	100000
227	1	100000
228	1	100000
229	1	100000
230	1	100000
231	1	100000
232	1	100000
233	1	100000
234	1	100000
235	1	100000
236	1	100000
237	1	100000
238	1	100000
239	1	100000
240	1	100000
241	1	100000
242	1	100000
243	1	100000
244	1	100000
245	1	100000
246	1	100000
247	1	100000
248	1	100000
249	1	100000
250	1	100000
251	1	100000
252	1	100000
253	1	100000
254	1	100000
255	1	100000
256	1	100000
257	1	100000
258	1	100000
259	1	100000
260	1	100000
261	1	100000
262	1	100000
263	1	100000
264	1	100000
265	1	100000
266	1	100000
267	1	100000
268	1	100000
269	1	100000
270	1	100000
271	1	100000
272	1	100000
273	1	100000
274	1	100000
275	1	100000
276	1	100000
277	1	100000
278	1	100000
279	1	100000
280	1	100000
281	1	100000
282	1	100000
283	1	100000
284	1	100000
285	1	100000
286	1	100000
287	1	100000
288	1	100000
289	1	100000
290	1	100000
291	1	100000
292	1	100000
293	1	100000
294	1	100000
295	1	100000
296	1	100000
297	1	100000
298	1	100000
299	1	100000
300	1	100000
301	1	100000
302	1	100000
303	1	100000
304	1	100000
305	1	100000
306	1	100000
307	1	100000
308	1	100000
309	1	100000
310	1	100000
311	1	100000
312	1	100000
313	1	100000
314	1	100000
315	1	100000
316	1	100000
317	1	100000
318	1	100000
319	1	100000
320	1	100000
321	1	100000
322	1	100000
323	1	100000
324	1	100000
325	1	100000
326	1	100000
327	1	100000
328	1	100000
329	1	100000
330	1	100000
331	1	100000
332	1	100000
333	1	100000
334	1	100000
335	1	100000
336	1	100000
337	1	100000
338	1	100000
339	1	100000
340	1	100000
341	1	100000
342	1	100000
343	1	100000
344	1	100000
345	1	100000
346	1	100000
347	1	100000
348	1	100000
349	1	100000
350	1	100000
351	1	100000
352	1	100000
353	1	100000
354	1	100000
355	1	100000
356	1	100000
357	1	100000
358	1	100000
359	1	100000
360	1	100000
361	1	100000
362	1	100000
363	1	100000
364	1	100000
365	1	100000
366	1	100000
367	1	100000
368	1	100000
369	1	100000
370	1	100000
371	1	100000
372	1	100000
373	1	100000
374	1	100000
375	1	100000
376	1	100000
377	1	100000
378	1	100000
379	1	100000
380	1	100000
381	1	100000
382	1	100000
383	1	100000
384	1	100000
385	1	100000
386	1	100000
387	1	100000
388	1	100000
389	1	100000
390	1	100000
391	1	100000
392	1	100000
393	1	100000
394	1	100000
395	1	100000
396	1	100000
397	1	100000
398	1	100000
399	1	100000
400	1	100000
401	1	100000
402	1	100000
403	1	100000
404	1	100000
405	1	100000
406	1	100000
407	1	100000
408	1	100000
409	1	100000
410	1	100000
411	1	100000
412	1	100000
413	1	100000
414	1	100000
415	1	100000
416	1	100000
417	1	100000
418	1	100000
419	1	100000
420	1	100000
421	1	100000
422	1	100000
423	1	100000
424	1	100000
425	1	100000
426	1	100000
427	1	100000
428	1	100000
429	1	100000
430	1	100000
431	1	100000
432	1	100000
433	1	100000
434	1	100000
435	1	100000
436	1	100000
437	1	100000
438	1	100000
439	1	100000
440	1	100000
441	1	100000
442	1	100000
443	1	100000
444	1	100000
445	1	100000
446	1	100000
447	1	100000
448	1	100000
449	1	100000
450	1	100000
451	1	100000
452	1	100000
453	1	100000
454	1	100000
455	1	100000
456	1	100000
457	1	100000
458	1	100000
459	1	100000
460	1	100000
461	1	100000
462	1	100000
463	1	100000
464	1	100000
465	1	100000
466	1	100000
467	1	100000
468	1	100000
469	1	100000
470	1	100000
471	1	100000
472	1	100000
473	1	100000
474	1	100000
475	1	100000
476	1	100000
477	1	100000
478	1	100000
479	1	100000
480	1	100000
481	1	100000
482	1	100000
483	1	100000
484	1	100000
485	1	100000
486	1	100000
487	1	100000
488	1	99999	2	1
489	1	100000
490	1	100000
491	1	100000
492	1	99999	2	1
493	1	100000
494	1	99999	2	1
495	1	100000
496	1	99999	2	1
497	1	100000
498	1	100000
499	1	100000
500	1	100000
501	1	8962	2	91038
502	1	17278	2	82721	3	1
503	1	24587	2	75413
504	1	31360	2	68640
505	1	37379	2	62620	4	1
506	1	42995	2	57005
507	1	48220	2	51780
508	1	53144	2	46856
509	1	57060	2	42939	3	1
510	1	61026	2	38974
511	1	64387	2	35613
512	1	67972	2	32028
513	1	70560	2	29440
514	1	73182	2	26818
515	1	75855	2	24145
516	1	78042	2	21957	3	1
517	1	79748	2	20251	3	1
518	1	81615	2	18385
519	1	83190	2	16810
520	1	84895	2	15103	3	1	4	1
521	1	86208	2	13792
522	1	87400	2	12600
523	1	88477	2	11523
524	1	89636	2	10364
525	1	90631	2	9369
526	1	91488	2	8512
527	1	92063	2	7937
528	1	92891	2	7109
529	1	93482	2	6517	3	1
530	1	94149	2	5851
531	1	94535	2	5465
532	1	95217	2	4783
533	1	95564	2	4436
534	1	96045	2	3955
535	1	96353	2	3647
536	1	96654	2	3346
537	1	96952	2	3047	3	1
538	1	97269	2	2731
539	1	97533	2	2465	3	2
540	1	97643	2	2357
541	1	97846	2	2154
542	1	98064	2	1936
543	1	98286	2	1714
544	1	98358	2	1642
545	1	98577	2	1422	3	1
546	1	98669	2	1331
547	1	98877	2	1123
548	1	98956	2	1044
549	1	99041	2	959
550	1	99151	2	849
551	1	99236	2	763	3	1
552	1	99235	2	764	3	1
553	1	99354	2	646
554	1	99341	2	659
555	1	99463	2	537
556	1	99517	2	483
557	1	99585	2	415
558	1	99608	2	392
559	1	99649	2	351
560	1	99683	2	317
561	1	99712	2	287	3	1
562	1	99727	2	273
563	1	99731	2	269
564	1	99751	2	248	3	1
565	1	99793	2	206	3	1
566	1	99809	2	191
567	1	99827	2	172	3	1
568	1	99839	2	161
569	1	99845	2	154	3	1
570	1	99866	2	134
571	1	99859	2	140	3	1
572	1	99899	2	100	3	1
573	1	99898	2	102
574	1	99914	2	86
575	1	99904	2	96
576	1	99924	2	76
577	1	99926	2	74
578	1	99928	2	72
579	1	99939	2	61
580	1	99953	2	46	3	1
581	1	99943	2	57
582	1	99951	2	49
583	1	99949	2	51
584	1	99960	2	40
585	1	99964	2	35	3	1
586	1	99958	2	42
587	1	99964	2	36
588	1	99962	2	38
589	1	99967	2	33
590	1	99977	2	23
591	1	99973	2	27
592	1	99980	2	20
593	1	99979	2	21
594	1	99984	2	16
595	1	99977	2	23
596	1	99984	2	16
597	1	99979	2	21
598	1	99983	2	17
599	1	99982	2	18
600	1	99985	2	14	3	1
601	1	99981	2	19
602	1	99970	2	30
603	1	99981	2	18	3	1
604	1	99962	2	38
605	1	99974	2	26
606	1	99981	2	19
607	1	99986	2	14
608	1	99966	2	34
609	1	99971	2	29
610	1	99984	2	16
611	1	99976	2	24
612	1	99978	2	22
613	1	99973	2	27
614	1	99974	2	26
615	1	99969	2	31
616	1	99973	2	27
617	1	99976	2	23	3	1
618	1	99969	2	30	3	1
619	1	99971	2	29
620	1	99957	2	42	3	1
621	1	99972	2	27	3	1
622	1	99964	2	36
623	1	99969	2	30	3	1
624	1	99971	2	29
625	1	99957	2	43
626	1	99942	2	57	3	1
627	1	99969	2	29	3	2
628	1	99955	2	45
629	1	99957	2	43
630	1	99949	2	49	3	2
631	1	99940	2	58	3	2
632	1	99953	2	47
633	1	99952	2	48
634	1	99941	2	59
635	1	99942	2	58
636	1	99943	2	57
637	1	99931	2	69
638	1	99930	2	70
639	1	99916	2	84
640	1	99917	2	83
641	1	99933	2	66	3	1
642	1	99899	2	101
643	1	99917	2	83
644	1	99903	2	95	3	2
645	1	99928	2	72
646	1	99894	2	106
647	1	99883	2	117
648	1	99865	2	135
649	1	99898	2	102
650	1	99874	2	126
651	1	99849	2	151
652	1	99869	2	131
653	1	99876	2	124
654	1	99845	2	155
655	1	99837	2	161	3	2
656	1	99842	2	158
657	1	99823	2	176	3	1
658	1	99801	2	199
659	1	99801	2	198	3	1
660	1	99749	2	251
661	1	99801	2	199
662	1	99727	2	271	3	2
663	1	99734	2	265	3	1
664	1	99616	2	383	3	1
665	1	99697	2	303
666	1	99582	2	418
667	1	99859	2	141
668	1	99738	2	261	3	1
669	1	99770	2	229	3	1
670	1	99780	2	220
671	1	99787	2	212	3	1
672	1	99683	2	316	3	1
673	1	99785	2	215
674	1	99753	2	246	3	1
675	1	99736	2	263	3	1
676	1	99624	2	374	3	2
677	1	99723	2	275	3	2
678	1	99710	2	289	3	1
679	1	99715	2	283	3	2
680	1	99556	2	443	3	1
681	1	99672	2	328
682	1	99672	2	327	3	1
683	1	99644	2	356
684	1	99542	2	457	3	1
685	1	99609	2	390	3	1
686	1	99605	2	394	3	1
687	1	99603	2	395	3	2
688	1	99430	2	567	3	2	4	1
689	1	99545	2	452	3	3
690	1	99479	2	517	3	4
691	1	99499	2	500	3	1
692	1	99453	2	546	3	1
693	1	99485	2	514	3	1
694	1	99456	2	544
695	1	99414	2	585	3	1
696	1	99309	2	689	3	2
697	1	99438	2	561	3	1
698	1	99409	2	588	3	3
699	1	99407	2	592	3	1
700	1	99242	2	755	3	3
701	1	99284	2	712	3	4
702	1	99316	2	683	3	1
703	1	99283	2	714	3	3
704	1	99032	2	965	3	3
705	1	99182	2	816	3	2
706	1	99236	2	760	3	4
707	1	99187	2	812	3	1
708	1	99063	2	931	3	6
709	1	99123	2	874	3	3
710	1	99052	2	942	3	6
711	1	98988	2	1007	3	5
712	1	98899	2	1095	3	6
713	1	98978	2	1017	3	5
714	1	98950	2	1041	3	9
715	1	98825	2	1170	3	5
716	1	98642	2	1346	3	12
717	1	98811	2	1178	3	11
718	1	98737	2	1256	3	7
719	1	98733	2	1257	3	10
720	1	98300	2	1682	3	18
721	1	98540	2	1451	3	9
722	1	98635	2	1356	3	9
723	1	98538	2	1451	3	11
724	1	98337	2	1650	3	13
725	1	98254	2	1733	3	13
726	1	98240	2	1747	3	13
727	1	98176	2	1806	3	18
728	1	98352	2	1636	3	12
729	1	98313	2	1671	3	16
730	1	98264	2	1725	3	9	4	2
731	1	98125	2	1852	3	23
732	1	97967	2	2009	3	24
733	1	98022	2	1961	3	17
734	1	97840	2	2143	3	17
735	1	97775	2	2193	3	32
736	1	97517	2	2458	3	24	4	1
737	1	97823	2	2150	3	27
738	1	97704	2	2269	3	26	4	1
739	1	97631	2	2329	3	40
740	1	97146	2	2821	3	32	4	1
741	1	97436	2	2533	3	31
742	1	97292	2	2671	3	37
743	1	97297	2	2661	3	42
744	1	97107	2	2857	3	36
745	1	96931	2	3023	3	46
746	1	96939	2	3022	3	39
747	1	96887	2	3070	3	42	4	1
748	1	96673	2	3267	3	59	4	1
749	1	96564	2	3384	3	50	4	2
750	1	96521	2	3421	3	58
751	1	94896	2	4978	3	126
752	1	94886	2	4998	3	114	4	2
753	1	94800	2	5083	3	117
754	1	94881	2	5000	3	116	4	3
755	1	94668	2	5191	3	136	4	5
756	1	94518	2	5341	3	136	4	5
757	1	94900	2	4980	3	119	4	1
758	1	94496	2	5357	3	144	4	3
759	1	94327	2	5521	3	148	4	4
760	1	94126	2	5717	3	155	4	2
761	1	94366	2	5471	3	161	4	2
762	1	94333	2	5496	3	168	4	3
763	1	93964	2	5866	3	168	4	2
764	1	93841	2	5980	3	175	4	4
765	1	93785	2	6035	3	175	4	5
766	1	93394	2	6387	3	211	4	8
767	1	93197	2	6548	3	241	4	14
768	1	92547	2	7170	3	278	4	5
769	1	92672	2	7042	3	282	4	4
770	1	93091	2	6640	3	265	4	4
771	1	93058	2	6674	3	261	4	7
772	1	92659	2	7064	3	275	4	2
773	1	92431	2	7267	3	291	4	11
774	1	91814	2	7856	3	320	4	9	5	1
775	1	91794	2	7829	3	371	4	6
776	1	91799	2	7836	3	354	4	11
777	1	91346	2	8242	3	396	4	16
778	1	91366	2	8217	3	396	4	21
779	1	91028	2	8555	3	403	4	14
780	1	90243	2	9249	3	488	4	20
781	1	90506	2	9035	3	445	4	14
782	1	89521	2	9933	3	515	4	31
783	1	89852	2	9637	3	490	4	20	5	1
784	1	89014	2	10335	3	630	4	21
785	1	89137	2	10232	3	611	4	19	5	1
786	1	88261	2	11070	3	629	4	40
787	1	88948	2	10368	3	662	4	21	5	1
788	1	87962	2	11307	3	699	4	30	5	2
789	1	88054	2	11147	3	774	4	24	5	1
790	1	87386	2	11773	3	804	4	36	5	1
791	1	87167	2	11944	3	845	4	41	5	3
792	1	86265	2	12743	3	940	4	51	6	1
793	1	86215	2	12741	3	1000	4	42	5	2
794	1	85061	2	13776	3	1095	4	65	5	3
795	1	85020	2	13817	3	1112	4	51
796	1	84709	2	14095	3	1135	4	55	5	6
797	1	84007	2	14627	3	1289	4	75	5	2
798	1	83051	2	15530	3	1341	4	73	5	5
799	1	82943	2	15446	3	1511	4	97	5	3
800	1	83671	2	14884	3	1366	4	75	5	4
801	1	84371	2	14304	3	1235	4	86	5	4
802	1	84114	2	14511	3	1294	4	77	5	4
803	1	83803	2	14704	3	1403	4	89	5	1
804	1	83096	2	15332	3	1479	4	80	5	13
805	1	82072	2	16101	3	1696	4	125	5	6
806	1	81854	2	16338	3	1659	4	143	5	5	6	1
807	1	80817	2	17152	3	1894	4	128	5	9
808	1	80419	2	17469	3	1952	4	154	5	5	6	1
809	1	80140	2	17793	3	1910	4	150	5	7
810	1	79407	2	18263	3	2135	4	179	5	16
811	1	78638	2	18843	3	2307	4	200	5	12
812	1	78214	2	19122	3	2441	4	214	5	9
813	1	76761	2	20337	3	2671	4	210	5	20	6	1
814	1	76418	2	20535	3	2787	4	247	5	12	6	1
815	1	75915	2	21102	3	2703	4	259	5	20	6	1
816	1	74926	2	21709	3	3039	4	302	5	20	6	4
817	1	74620	2	21874	3	3194	4	292	5	19	6	1
818	1	74020	2	22222	3	3387	4	338	5	28	6	5
819	1	72703	2	23291	3	3586	4	388	5	31	6	1
820	1	72510	2	23248	3	3779	4	417	5	42	6	4
821	1	71928	2	23863	3	3787	4	394	5	25	6	3
822	1	70970	2	24548	3	4008	4	437	5	34	6	3
823	1	69611	2	25283	3	4516	4	545	5	44	6	1
824	1	69717	2	25101	3	4607	4	531	5	40	6	3	7	1
825	1	68899	2	25852	3	4679	4	521	5	44	6	3	7	2
826	1	68718	2	25832	3	4799	4	589	5	60	6	2
827	1	67538	2	26525	3	5208	4	663	5	58	6	7	7	1
828	1	66684	2	27023	3	5475	4	739	5	76	6	3
829	1	65795	2	27689	3	5711	4	726	5	73	6	6
830	1	64700	2	28292	3	6059	4	840	5	103	6	6
831	1	64264	2	28565	3	6176	4	894	5	92	6	8	7	1
832	1	63375	2	29039	3	6546	4	933	5	97	6	9	7	1
833	1	62199	2	29714	3	6921	4	1017	5	138	6	11
834	1	59846	2	31095	3	7633	4	1263	5	140	6	20	7	3
835	1	59990	2	30891	3	7701	4	1249	5	157	6	9	7	3
836	1	58080	2	31784	3	8471	4	1465	5	176	6	22	7	2
837	1	57799	2	31923	3	8594	4	1495	5	168	6	19	7	2
838	1	56998	2	32241	3	8883	4	1640	5	209	6	27	7	2
839	1	56468	2	32657	3	9042	4	1589	5	218	6	25	7	1
840	1	54805	2	33289	3	9816	4	1805	5	253	6	31	7	1
841	1	54381	2	33591	3	9811	4	1894	5	283	6	35	7	4	8	1
842	1	51321	2	34552	3	11411	4	2300	5	366	6	44	7	5	8	1
843	1	53090	2	33951	3	10454	4	2149	5	303	6	50	7	2	8	1
844	1	51755	2	34624	3	10905	4	2299	5	360	6	49	7	5	8	2	9	1
845	1	50649	2	34762	3	11566	4	2530	5	417	6	68	7	6	8	2
846	1	49275	2	35273	3	12093	4	2852	5	446	6	51	7	9	8	1
847	1	48266	2	35481	3	12731	4	2909	5	521	6	80	7	9	8	3
848	1	46509	2	36213	3	13408	4	3184	5	595	6	83	7	8
849	1	46248	2	36019	3	13622	4	3423	5	582	6	98	7	8
850	1	44851	2	36421	3	14312	4	3607	5	711	6	89	7	8	9	1
851	1	43244	2	36928	3	15032	4	3910	5	751	6	112	7	22	8	1
852	1	41961	2	36894	3	15840	4	4252	5	911	6	126	7	14	8	2
853	1	42201	2	36875	3	15519	4	4369	5	888	6	125	7	20	8	3
854	1	40140	2	37176	3	16593	4	4866	5	1020	6	179	7	23	8	3
855	1	38518	2	37353	3	17400	4	5300	5	1220	6	189	7	17	8	2	10	1
856	1	36928	2	37379	3	18334	4	5736	5	1338	6	247	7	33	8	3	9	2
857	1	36121	2	37110	3	18695	4	6316	5	1424	6	279	7	49	8	6
858	1	41428	2	36182	3	16295	4	4812	5	1061	6	195	7	24	8	2	9	1
859	1	38419	2	36378	3	17859	4	5714	5	1337	6	250	7	40	8	3
860	1	37245	2	36720	3	18301	4	5994	5	1412	6	275	7	46	8	7
861	1	35630	2	36888	3	18891	4	6595	5	1635	6	306	7	47	8	6	9	1	10	1
862	1	34397	2	36550	3	19716	4	7011	5	1886	6	385	7	48	8	6	9	1
863	1	32284	2	36514	3	20742	4	7783	5	2136	6	441	7	72	8	24	9	4
864	1	32310	2	36327	3	20845	4	7815	5	2164	6	448	7	78	8	12	9	1
865	1	31114	2	36335	3	21327	4	8189	5	2410	6	527	7	89	8	6	9	2	10	1
866	1	29388	2	35894	3	22419	4	8931	5	2638	6	613	7	102	8	11	9	4
867	1	28766	2	35765	3	22419	4	9421	5	2792	6	671	7	138	8	24	9	4
868	1	27159	2	35712	3	23190	4	9996	5	3025	6	753	7	137	8	24	9	4
869	1	25970	2	35403	3	23818	4	10402	5	3312	6	890	7	168	8	29	9	6	10	1	11	1
870	1	25681	2	35549	3	23832	4	10490	5	3373	6	874	7	166	8	30	9	4	10	1
871	1	24747	2	34865	3	24289	4	11136	5	3766	6	966	7	183	8	36	9	8	10	4
872	1	23083	2	34768	3	24785	4	11761	5	4167	6	1140	7	235	8	48	9	13
873	1	22956	2	33880	3	25188	4	12121	5	4287	6	1206	7	290	8	59	9	13
874	1	21340	2	33393	3	25794	4	12866	5	4789	6	1390	7	352	8	62	9	11	10	3
875	1	20463	2	32842	3	26172	4	13542	5	5070	6	1459	7	370	8	68	9	13	10	1
876	1	18792	2	31957	3	26632	4	14581	5	5641	6	1823	7	459	8	94	9	21
877	1	17494	2	31004	3	27057	4	15384	5	6358	6	2012	7	547	8	116	9	22	10	6
878	1	16313	2	30401	3	27097	4	16131	5	6880	6	2331	7	638	8	172	9	31	10	5	11	1
879	1	16011	2	30033	3	27611	4	16130	5	6950	6	2422	7	674	8	139	9	21	10	7	11	1	12	1
880	1	15253	2	29058	3	27353	4	17021	5	7664	6	2664	7	757	8	190	9	30	10	9	11	1
881	1	14378	2	28411	3	27742	4	17394	5	8055	6	2904	7	863	8	213	9	34	10	5	11	1
882	1	14283	2	28749	3	27462	4	17216	5	8079	6	3029	7	884	8	237	9	49	10	10	11	1	12	1
883	1	13100	2	27359	3	27800	4	18216	5	8852	6	3310	7	1005	8	276	9	67	10	10	11	5
884	1	12343	2	26276	3	27701	4	18928	5	9311	6	3815	7	1181	8	331	9	94	10	14	11	5	12	1
885	1	11252	2	25574	3	27653	4	19473	5	10182	6	4047	7	1337	8	372	9	92	10	14	11	4
886	1	10932	2	24679	3	27395	4	19864	5	10664	6	4386	7	1512	8	433	9	106	10	23	11	6
887	1	10127	2	23540	3	27425	4	20415	5	11253	6	4823	7	1701	8	539	9	146	10	28	11	3
888	1	8891	2	22475	3	27110	4	21185	5	12016	6	5516	7	2011	8	568	9	182	10	37	11	9
889	1	10478	2	23381	3	26832	4	20450	5	11345	6	4933	7	1842	8	545	9	140	10	43	11	8	12	2	13	1
890	1	9671	2	22182	3	26759	4	20858	5	12131	6	5534	7	1989	8	648	9	181	10	35	11	8	12	2	13	2
891	1	8415	2	20862	3	26039	4	21573	5	13227	6	6265	7	2534	8	794	9	210	10	65	11	12	12	2	13	1	15	1
892	1	8655	2	20957	3	25994	4	21544	5	13031	6	6253	7	2458	8	802	9	227	10	60	11	16	12	3
893	1	7206	2	18791	3	25478	4	22252	5	14338	6	7394	7	3033	8	1071	9	342	10	69	11	22	12	3	14	1
894	1	7044	2	18584	3	25114	4	22097	5	14497	6	7591	7	3335	8	1254	9	361	10	95	11	25	12	2	13	1
895	1	6169	2	17919	3	24995	4	22243	5	15393	6	8045	7	3445	8	1276	9	390	10	104	11	18	12	3
896	1	5808	2	16486	3	23762	4	22779	5	16092	6	8938	7	3949	8	1475	9	498	10	161	11	41	12	8	13	2	14	1
897	1	5258	2	15949	3	23047	4	22968	5	16624	6	9271	7	4413	8	1653	9	573	10	180	11	50	12	10	13	3	14	1
898	1	5212	2	15435	3	22964	4	22631	5	16707	6	9698	7	4596	8	1835	9	644	10	201	11	66	12	11
899	1	4372	2	13710	3	22274	4	22893	5	17637	6	10765	7	5167	8	2106	9	719	10	275	11	63	12	15	13	3	14	1
900	1	4397	2	13564	3	21763	4	22618	5	17745	6	10859	7	5385	8	2386	9	898	10	267	11	81	12	29	13	7	14	1
901	1	3561	2	12120	3	20348	4	22794	5	18615	6	12034	7	6220	8	2799	9	1021	10	331	11	105	12	43	13	8	15	1
902	1	3342	2	11341	3	19376	4	22150	5	19342	6	12701	7	6777	8	3157	9	1209	10	429	11	134	12	34	13	6	14	1	16	1
903	1	3029	2	10647	3	19141	4	22174	5	19469	6	13045	7	7274	8	3293	9	1276	10	474	11	117	12	42	13	16	14	2	15	1
904	1	2888	2	10109	3	18587	4	22082	5	19253	6	13575	7	7612	8	3659	9	1476	10	521	11	181	12	39	13	13	14	5
905	1	2307	2	8851	3	17403	4	21719	5	19979	6	14422	7	8444	8	4147	9	1711	10	694	11	235	12	61	13	22	14	5
906	1	2234	2	8614	3	16554	4	20978	5	19850	6	14903	7	9232	8	4529	9	1984	10	732	11	257	12	95	13	27	14	9	15	2
907	1	1928	2	7567	3	15778	4	20746	5	20534	6	15359	7	9508	8	4992	9	2234	10	882	11	340	12	100	13	21	14	8	15	2	16	1
908	1	1588	2	6650	3	14272	4	19747	5	20192	6	16150	7	10769	8	5987	9	2817	10	1205	11	432	12	133	13	36	14	17	15	5
909	1	1316	2	6150	3	13453	4	19199	5	20239	6	16741	7	11315	8	6376	9	3118	10	1353	11	501	12	178	13	42	14	17	15	1	16	1
910	1	1887	2	7015	3	14173	4	19388	5	19885	6	15776	7	10773	8	6112	9	2935	10	1325	11	485	12	182	13	43	14	13	15	5	16	2	17	1
911	1	1468	2	6341	3	13324	4	19065	5	20226	6	16540	7	11273	8	6448	9	3190	10	1340	11	552	12	161	13	53	14	14	15	3	16	1	17	1
912	1	1261	2	5474	3	12241	4	18117	5	19461	6	17222	7	12198	8	7316	9	3869	10	1769	11	683	12	260	13	89	14	33	15	4	16	3
913	1	1033	2	4777	3	10876	4	17178	5	19640	6	17566	7	13057	8	8082	9	4425	10	2028	11	876	12	306	13	107	14	35	15	9	16	3	17	2
914	1	1118	2	4896	3	10912	4	16790	5	19286	6	17589	7	13164	8	8306	9	4456	10	2135	11	869	12	344	13	105	14	17	15	6	16	6	17	1
915	1	780	2	3971	3	9661	4	15945	5	19109	6	18148	7	13863	8	9126	9	5177	10	2485	11	1091	12	437	13	157	14	38	15	8	16	4
916	1	846	2	4006	3	9342	4	15122	5	18662	6	17998	7	14047	8	9624	9	5536	10	2741	11	1274	12	493	13	205	14	69	15	28	16	6	17	1
917	1	551	2	3212	3	8282	4	14348	5	18360	6	18187	7	15040	8	10363	9	6121	10	3092	11	1485	12	607	13	242	14	73	15	24	16	11	17	2
918	1	599	2	2770	3	7456	4	13165	5	17424	6	18069	7	15456	8	11280	9	6974	10	3807	11	1816	12	767	13	269	14	109	15	26	16	7	17	4	18	2
919	1	454	2	2403	3	6862	4	12644	5	17156	6	18403	7	16011	8	11560	9	7320	10	3950	11	1896	12	836	13	333	14	114	15	40	16	11	17	6	18	1
920	1	438	2	2423	3	6293	4	11930	5	16304	6	17739	7	16069	8	12292	9	7917	10	4626	11	2284	12	1002	13	450	14	156	15	52	16	18	17	6	20	1
921	1	305	2	1686	3	5207	4	10517	5	15679	6	17830	7	16746	8	13249	9	8941	10	5136	11	2608	12	1265	13	541	14	185	15	73	16	20	17	8	18	3	19	1
922	1	315	2	1690	3	4946	4	9953	5	14538	6	17145	7	16448	8	13568	9	9757	10	5867	11	3185	12	1465	13	676	14	297	15	93	16	36	17	12	18	6	19	2	21	1
923	1	205	2	1323	3	4285	4	8841	5	14034	6	17378	7	16904	8	14209	9	10078	10	6243	11	3460	12	1753	13	802	14	297	15	130	16	44	17	9	18	5
924	1	313	2	1659	3	4862	4	9577	5	13959	6	16977	7	16729	8	13792	9	9912	10	6047	11	3346	12	1613	13	752	14	293	15	104	16	43	17	13	18	6	19	3
925	1	172	2	1123	3	3681	4	7924	5	12966	6	16412	7	16924	8	14845	9	10924	10	7128	11	4182	12	2102	13	949	14	417	15	162	16	52	17	22	18	10	19	3	20	1	22	1
926	1	157	2	1118	3	3386	4	7223	5	11859	6	15537	7	16469	8	15070	9	11651	10	8020	11	4826	12	2494	13	1246	14	585	15	227	16	80	17	33	18	10	19	6	20	3
927	1	132	2	812	3	2967	4	6693	5	11508	6	15191	7	16770	8	15333	9	12046	10	8484	11	4992	12	2776	13	1346	14	571	15	238	16	96	17	29	18	9	19	7
928	1	144	2	819	3	2672	4	6079	5	10226	6	14249	7	15991	8	15629	9	12847	10	9261	11	5879	12	3236	13	1640	14	780	15	345	16	126	17	52	18	17	19	5	20	2	21	1
929	1	74	2	559	3	2033	4	5152	5	9652	6	13864	7	16072	8	15812	9	13422	10	9907	11	6248	12	3751	13	1929	14	873	15	379	16	175	17	69	18	20	19	5	20	2	21	1	22	1
930	1	80	2	603	3	2057	4	4951	5	8851	6	12801	7	15557	8	15608	9	13640	10	10559	11	7042	12	4032	13	2262	14	1099	15	501	16	223	17	81	18	41	19	6	20	4	21	2
931	1	45	2	420	3	1512	4	3997	5	7795	6	12000	7	15227	8	15904	9	14302	10	11127	11	7730	12	4797	13	2703	14	1375	15	652	16	253	17	106	18	30	19	15	20	5	21	2	22	1	23	2
932	1	72	2	360	3	1446	4	3616	5	6979	6	10831	7	14007	8	15588	9	14525	10	11989	11	8629	12	5602	13	3189	14	1731	15	829	16	374	17	139	18	62	19	22	20	3	21	4	22	2	23	1
933	1	26	2	259	3	1077	4	2945	5	6402	6	10290	7	13661	8	15199	9	15024	10	12403	11	9411	12	6060	13	3570	14	1956	15	1002	16	412	17	193	18	79	19	20	20	7	21	2	22	2
934	1	60	2	358	3	1321	4	3323	5	6527	6	10231	7	13466	8	14943	9	14822	10	12385	11	9105	12	6130	13	3650	14	2025	15	942	16	411	17	184	18	76	19	25	20	10	21	4	22	2
935	1	17	2	146	3	822	4	2432	5	5020	6	8920	7	12436	8	14885	9	15096	10	13286	11	10249	12	7230	13	4510	14	2535	15	1356	16	627	17	252	18	121	19	39	20	16	21	3	22	2
936	1	44	2	256	3	1005	4	2485	5	5217	6	8782	7	12161	8	14624	9	14862	10	13108	11	10442	12	7223	13	4552	14	2670	15	1419	16	625	17	315	18	132	19	48	20	17	21	7	22	3	23	2	24	1
937	1	5	2	129	3	550	4	1779	5	4149	6	7598	7	11329	8	13971	9	15143	10	13993	11	11370	12	8144	13	5409	14	3220	15	1693	16	844	17	409	18	154	19	70	20	28	21	9	22	4
938	1	17	2	169	3	548	4	1521	5	3649	6	6554	7	9885	8	13038	9	14344	10	14132	11	12262	12	9409	13	6355	14	3884	15	2194	16	1104	17	527	18	257	19	90	20	38	21	19	22	3	23	1
939	1	7	2	73	3	398	4	1228	5	2922	6	6016	7	9502	8	12581	9	14443	10	14375	11	12540	12	9688	13	6927	14	4283	15	2517	16	1303	17	666	18	323	19	126	20	46	21	20	22	9	23	3	24	3	25	1
940	1	17	2	116	3	463	4	1210	5	2881	6	5280	7	8392	8	11451	9	13710	10	14029	11	12782	12	10658	13	7714	14	5046	15	2980	16	1680	17	884	18	389	19	180	20	88	21	28	22	16	23	4	24	2
941	1	6	2	28	3	210	4	732	5	1978	6	4203	7	7304	8	10649	9	13164	10	14298	11	13626	12	11418	13	8614	14	5948	15	3728	16	2114	17	1093	18	497	19	230	20	96	21	40	22	13	23	8	24	2	27	1
942	1	9	2	80	3	291	4	967	5	2184	6	4341	7	7092	8	10402	9	12964	10	13824	11	13375	12	11725	13	8705	14	5980	15	3780	16	2171	17	1118	18	560	19	247	20	112	21	54	22	10	23	6	24	1	25	1	26	1
943	1	2	2	24	3	151	4	554	5	1566	6	3489	7	6168	8	9167	9	12160	10	13866	11	13828	12	12149	13	9795	14	6944	15	4455	16	2711	17	1500	18	846	19	347	20	169	21	67	22	26	23	7	24	6	25	1	26	2
944	1	11	2	63	3	223	4	676	5	1576	6	3312	7	5699	8	8720	9	11372	10	13225	11	13432	12	12319	13	9961	14	7558	15	5055	16	3138	17	1840	18	963	19	467	20	222	21	98	22	38	23	20	24	4	25	5	26	2	27	1
945	2	11	3	85	4	363	5	1032	6	2407	7	4767	8	7542	9	10615	10	12786	11	13689	12	12979	13	10940	14	8466	15	5882	16	3814	17	2239	18	1222	19	634	20	294	21	135	22	66	23	22	24	6	25	4
946	2	23	3	142	4	442	5	1063	6	2375	7	4293	8	6875	9	9597	10	12083	11	13101	12	13253	13	11252	14	8992	15	6628	16	4278	17	2647	18	1505	19	794	20	378	21	157	22	75	23	30	24	10	25	4	26	2	27	1
947	1	1	2	12	3	61	4	260	5	707	6	1814	7	3592	8	6130	9	9273	10	11675	11	13068	12	13237	13	11968	14	9758	15	7069	16	4804	17	3067	18	1704	19	944	20	464	21	221	22	95	23	46	24	17	25	11	27	1	29	1
948	1	10	2	37	3	136	4	356	5	962	6	1958	7	3558	8	5836	9	8553	10	11258	11	12542	12	13179	13	11798	14	9937	15	7531	16	5012	17	3378	18	1898	19	1066	20	539	21	258	22	104	23	63	24	20	25	6	26	5
949	2	3	3	28	4	149	5	420	6	1152	7	2519	8	4529	9	7530	10	10001	11	12286	12	13238	13	12710	14	10937	15	8676	16	6165	17	4181	18	2589	19	1443	20	793	21	353	22	180	23	61	24	39	25	12	26	5	29	1
950	1	1	2	26	3	73	4	244	5	540	6	1207	7	2398	8	4231	9	6624	10	9414	11	11443	12	12701	13	12929	14	11276	15	9159	16	6866	17	4603	18	2850	19	1645	20	921	21	459	22	216	23	105	24	39	25	20	26	8	28	1	29	1
951	2	2	3	15	4	61	5	277	6	763	7	1744	8	3513	9	5802	10	8507	11	11082	12	12622	13	12934	14	11846	15	9867	16	7654	17	5452	18	3412	19	2100	20	1212	21	600	22	289	23	148	24	62	25	23	26	8	27	5
952	1	4	2	27	3	69	4	182	5	418	6	903	7	1832	8	3246	9	5190	10	7796	11	10219	12	11978	13	12623	14	11844	15	10291	16	8388	17	5738	18	4005	19	2396	20	1349	21	761	22	394	23	185	24	90	25	35	26	24	27	8	28	5
953	2	1	3	2	4	37	5	152	6	505	7	1115	8	2393	9	4239	10	6876	11	9357	12	11210	13	12506	14	12503	15	11055	16	9277	17	6823	18	4848	19	3179	20	1844	21	1022	22	548	23	280	24	141	25	51	26	18	27	14	28	2	29	1	32	1
954	2	9	3	32	4	121	5	299	6	588	7	1244	8	2189	9	3733	10	5967	11	8466	12	10630	13	12244	14	12278	15	11545	16	9510	17	7557	18	5325	19	3516	20	2136	21	1252	22	687	23	369	24	160	25	82	26	30	27	18	28	10	29	2	30	1
955	2	1	3	6	4	23	5	78	6	254	7	677	8	1548	9	3012	10	5115	11	7617	12	9990	13	11699	14	12488	15	11995	16	10413	17	8427	18	6296	19	4276	20	2718	21	1612	22	886	23	443	24	235	25	109	26	37	27	22	28	15	29	7	30	1
956	2	6	3	43	4	77	5	190	6	439	7	814	8	1624	9	2703	10	4376	11	6423	12	8833	13	10860	14	11654	15	11939	16	10737	17	9069	18	7043	19	5043	20	3408	21	2173	22	1185	23	677	24	371	25	178	26	73	27	40	28	9	29	8	30	5
957	4	11	5	49	6	166	7	453	8	1173	9	2287	10	3969	11	6273	12	8554	13	10474	14	11938	15	11906	16	11239	17	9659	18	7598	19	5489	20	3638	21	2302	22	1341	23	745	24	393	25	174	26	106	27	37	28	16	29	4	30	3	31	1	33	2
958	3	16	4	43	5	142	6	296	7	567	8	1068	9	1926	10	3267	11	4913	12	7099	13	9595	14	10990	15	11818	16	11625	17	10247	18	8472	19	6357	20	4517	21	2955	22	1867	23	1036	24	611	25	292	26	152	27	77	28	27	29	21	30	4
959	3	2	4	11	5	34	6	93	7	274	8	665	9	1462	10	2676	11	4465	12	6677	13	8950	14	10636	15	11464	16	11815	17	10699	18	9188	19	7328	20	5045	21	3466	22	2241	23	1288	24	748	25	392	26	200	27	98	28	53	29	17	30	7	31	3	32	2	33	1
960	2	5	3	31	4	59	5	139	6	228	7	454	8	761	9	1367	10	2297	11	3762	12	5570	13	7614	14	9620	15	10820	16	11439	17	10854	18	9662	19	8119	20	6179	21	4296	22	2777	23	1792	24	1030	25	561	26	272	27	141	28	92	29	32	30	16	31	5	32	4	33	1	34	1
961	4	1	5	10	6	39	7	119	8	393	9	898	10	1631	11	3016	12	4835	13	6985	14	9096	15	10756	16	11509	17	11367	18	10509	19	8669	20	6917	21	4910	22	3365	23	2186	24	1272	25	717	26	389	27	214	28	116	29	44	30	17	31	9	32	9	33	2
962	2	2	3	8	4	32	5	70	6	158	7	343	8	516	9	911	10	1545	11	2728	12	4238	13	6280	14	8407	15	10123	16	11156	17	11243	18	10461	19	9340	20	7228	21	5433	22	3887	23	2426	24	1573	25	866	26	491	27	298	28	129	29	70	30	26	31	4	32	5	33	2	34	1
963	4	1	5	2	6	31	7	73	8	236	9	550	10	1257	11	2299	12	3718	13	5631	14	7578	15	9423	16	10945	17	11381	18	11016	19	9862	20	8100	21	6143	22	4410	23	2940	24	1887	25	1157	26	678	27	324	28	219	29	77	30	30	31	18	32	11	33	2	36	1
964	3	6	4	25	5	64	6	139	7	240	8	424	9	708	10	1114	11	1931	12	3114	13	4524	14	6391	15	8348	16	9939	17	11014	18	11094	19	10273	20	8891	21	6922	22	5214	23	3713	24	2439	25	1558	26	892	27	520	28	275	29	121	30	52	31	21	32	20	33	11	34	3
965	5	1	6	12	7	33	8	90	9	291	10	653	11	1297	12	2364	13	3883	14	5737	15	7670	16	9478	17	10791	18	11023	19	10665	20	9546	21	7956	22	6294	23	4483	24	3125	25	1988	26	1171	27	706	28	379	29	189	30	102	31	44	32	18	33	3	34	5	35	2	38	1
966	3	1	4	13	5	36	6	92	7	156	8	295	9	451	10	705	11	1181	12	1958	13	3217	14	4784	15	6598	16	8649	17	10178	18	10987	19	10774	20	10235	21	8685	22	6820	23	4975	24	3607	25	2283	26	1473	27	843	28	500	29	258	30	133	31	62	32	28	33	14	34	7	35	1	37	1
967	4	2	5	1	6	4	7	12	8	59	9	131	10	371	11	748	12	1479	13	2499	14	4061	15	5645	16	7556	17	9534	18	10647	19	11009	20	10501	21	9292	22	7732	23	6201	24	4477	25	3130	26	2025	27	1297	28	741	29	406	30	230	31	104	32	51	33	28	34	21	35	2	36	2	38	1	42	1
968	1	1	2	1	3	12	4	19	5	46	6	77	7	148	8	261	9	390	10	637	11	969	12	1544	13	2375	14	3695	15	5264	16	6966	17	8566	18	9950	19	10631	20	10344	21	9524	22	8057	23	6540	24	4796	25	3492	26	2339	27	1485	28	870	29	483	30	251	31	126	32	69	33	40	34	17	35	6	36	5	37	3	38	1
969	4	1	5	2	6	5	7	6	8	32	9	88	10	187	11	471	12	976	13	1745	14	2922	15	4444	16	6214	17	8065	18	9440	19	10660	20	10763	21	10299	22	9003	23	7324	24	5899	25	4188	26	2869	27	1836	28	1143	29	660	30	376	31	197	32	100	33	49	34	20	35	9	36	5	38	2
970	4	1	5	12	6	47	7	84	8	162	9	255	10	351	11	552	12	829	13	1329	14	2213	15	3344	16	4931	17	6841	18	8399	19	9901	20	10500	21	10485	22	9842	23	8359	24	6654	25	5080	26	3668	27	2452	28	1639	29	931	30	559	31	267	32	151	33	82	34	44	35	18	36	13	37	2	38	2	39	1
971	7	3	8	14	9	33	10	127	11	238	12	492	13	1006	14	1792	15	2972	16	4466	17	6163	18	7843	19	9176	20	10249	21	10598	22	10139	23	9078	24	7474	25	5859	26	4298	27	3083	28	2021	29	1272	30	733	31	410	32	241	33	120	34	48	35	30	36	10	37	4	38	4	39	4
972	3	4	4	17	5	21	6	37	7	64	8	131	9	212	10	323	11	465	12	677	13	1020	14	1527	15	2402	16	3486	17	5151	18	6815	19	8462	20	9539	21	10118	22	10140	23	9443	24	8128	25	6736	26	5111	27	3578	28	2508	29	1622	30	1022	31	561	32	331	33	182	34	84	35	37	36	31	37	6	38	5	39	3	40	1
973	6	1	8	4	9	15	10	44	11	103	12	235	13	560	14	947	15	1797	16	2788	17	4306	18	5954	19	7622	20	9073	21	10334	22	10393	23	10089	24	9146	25	7488	26	5957	27	4564	28	3237	29	2097	30	1406	31	838	32	451	33	275	34	154	35	64	36	29	37	16	38	9	39	2	40	2
974	4	2	5	6	6	24	7	52	8	99	9	149	10	255	11	312	12	467	13	646	14	851	15	1411	16	2153	17	3289	18	4709	19	6406	20	8139	21	9316	22	10116	23	9981	24	9611	25	8430	26	6861	27	5517	28	3920	29	2764	30	1834	31	1171	32	699	33	405	34	208	35	93	36	52	37	29	38	14	39	3	40	4	41	1	42	1
975	6	1	8	3	9	15	10	37	11	70	12	136	13	340	14	609	15	1164	16	1817	17	2986	18	4321	19	5889	20	7577	21	8875	22	9816	23	10177	24	9773	25	8961	26	7638	27	6142	28	4643	29	3353	30	2187	31	1468	32	880	33	486	34	324	35	172	36	78	37	39	38	15	39	7	40	1
976	2	1	4	5	5	11	6	28	7	50	8	67	9	137	10	190	11	277	12	367	13	504	14	692	15	1017	16	1633	17	2353	18	3454	19	4803	20	6344	21	7841	22	9063	23	9675	24	9830	25	9447	26	8235	27	6868	28	5426	29	3906	30	2918	31	1907	32	1241	33	736	34	442	35	250	36	145	37	73	38	30	39	20	40	6	41	5	42	2	45	1
977	8	1	9	6	10	9	11	42	12	81	13	197	14	347	15	664	16	1183	17	1934	18	2989	19	4244	20	5787	21	7244	22	8632	23	9468	24	9976	25	9597	26	8921	27	7771	28	6305	29	4803	30	3588	31	2381	32	1546	33	949	34	588	35	359	36	187	37	86	38	70	39	25	40	9	41	8	42	2	44	1
978	5	6	6	6	7	25	8	49	9	87	10	146	11	224	12	289	13	395	14	425	15	547	16	756	17	1287	18	2084	19	2983	20	4484	21	6002	22	7544	23	9010	24	9675	25	9708	26	9565	27	8543	28	7217	29	5842	30	4393	31	3084	32	2169	33	1395	34	935	35	514	36	284	37	156	38	85	39	42	40	23	41	10	42	7	43	3	44	1
979	8	2	9	5	10	8	11	6	12	20	13	64	14	135	15	277	16	541	17	952	18	1594	19	2514	20	3707	21	5165	22	6568	23	8163	24	9211	25	9902	26	9754	27	9137	28	8230	29	6828	30	5243	31	4037	32	2864	33	1986	34	1269	35	781	36	478	37	269	38	153	39	67	40	40	41	19	42	3	43	3	44	5
980	3	2	4	4	5	16	6	11	7	24	8	43	9	64	10	103	11	184	12	239	13	310	14	439	15	503	16	661	17	929	18	1393	19	2123	20	3034	21	4215	22	5637	23	7100	24	8402	25	9111	26	9630	27	9296	28	8509	29	7541	30	5984	31	4644	32	3439	33	2397	34	1611	35	1023	36	615	37	348	38	206	39	108	40	57	41	24	42	11	43	8	44	1	45	1
981	9	3	10	1	11	10	12	18	13	40	14	99	15	187	16	377	17	660	18	1084	19	1738	20	2589	21	3886	22	5098	23	6539	24	7730	25	8878	26	9549	27	9651	28	9001	29	7925	30	6824	31	5550	32	4129	33	2965	34	2058	35	1380	36	906	37	505	38	302	39	152	40	85	41	46	42	17	43	11	44	4	45	2	46	1
982	5	1	6	1	7	3	8	14	9	48	10	66	11	119	12	157	13	261	14	309	15	336	16	395	17	453	18	641	19	1029	20	1663	21	2504	22	3473	23	5007	24	6409	25	7857	26	9070	27	9612	28	9422	29	9042	30	8025	31	6669	32	5366	33	4118	34	2911	35	1985	36	1268	37	750	38	454	39	261	40	131	41	93	42	44	43	16	44	12	45	2	46	3
983	9	2	10	5	11	1	12	14	13	23	14	46	15	88	16	184	17	317	18	577	19	944	20	1563	21	2273	22	3311	23	4661	24	5951	25	7309	26	8368	27	9148	28	9481	29	9149	30	8458	31	7332	32	5981	33	4738	34	3403	35	2490	36	1633	37	1052	38	660	39	346	40	229	41	134	42	79	43	23	44	20	45	4	46	1	49	1	50	1
984	3	3	4	5	5	9	6	15	7	20	8	30	9	36	10	65	11	104	12	160	13	219	14	252	15	326	16	414	17	455	18	584	19	891	20	1220	21	1818	22	2651	23	3766	24	4828	25	6304	26	7394	27	8522	28	9216	29	9103	30	8691	31	7830	32	6655	33	5483	34	4227	35	2998	36	2062	37	1486	38	937	39	551	40	312	41	173	42	90	43	54	44	20	45	9	46	8	47	1	48	3
985	10	1	11	1	12	1	13	6	14	15	15	37	16	44	17	124	18	216	19	411	20	669	21	1152	22	1686	23	2639	24	3683	25	4991	26	6416	27	7764	28	8795	29	9459	30	9273	31	8952	32	7891	33	6962	34	5586	35	4325	36	3128	37	2146	38	1455	39	919	40	548	41	310	42	199	43	96	44	53	45	27	46	10	47	8	50	1	51	1
986	6	1	7	3	8	9	9	15	10	44	11	57	12	120	13	179	14	226	15	254	16	315	17	301	18	332	19	420	20	556	21	765	22	1188	23	1903	24	2888	25	4069	26	5481	27	6717	28	8050	29	8908	30	9172	31	9089	32	8617	33	7635	34	6371	35	4935	36	3669	37	2711	38	1906	39	1215	40	820	41	477	42	273	43	141	44	76	45	46	46	27	47	12	48	3	49	1	50	3
987	11	2	12	4	13	8	14	15	15	37	16	55	17	76	18	167	19	262	20	503	21	740	22	1192	23	1780	24	2490	25	3541	26	4777	27	6031	28	7186	29	8150	30	8869	31	9004	32	8915	33	8131	34	7075	35	5888	36	4541	37	3525	38	2596	39	1656	40	1111	41	733	42	411	43	250	44	134	45	70	46	41	47	21	48	6	49	5	50	1	53	1
988	2	1	5	1	6	6	7	9	8	20	9	22	10	29	11	38	12	74	13	105	14	167	15	211	16	291	17	370	18	345	19	394	20	453	21	602	22	880	23	1231	24	1750	25	2553	26	3444	27	4694	28	6030	29	7029	30	8015	31	8737	32	8991	33	8527	34	7887	35	6791	36	5884	37	4512	38	3294	39	2399	40	1572	41	1051	42	708	43	385	44	233	45	123	46	57	47	44	48	26	49	7	50	4	51	4
989	12	1	14	3	15	11	16	20	17	48	18	93	19	158	20	224	21	416	22	622	23	969	24	1546	25	2125	26	3052	27	4157	28	5399	29	6398	30	7439	31	8445	32	8854	33	8891	34	8421	35	7772	36	6455	37	5278	38	4066	39	3098	40	2223	41	1423	42	967	43	592	44	342	45	232	46	117	47	74	48	36	49	10	50	15	51	7	52	1
990	6	1	8	3	9	4	10	11	11	28	12	47	13	82	14	107	15	209	16	219	17	282	18	296	19	297	20	249	21	306	22	372	23	571	24	778	25	1353	26	2038	27	2873	28	4068	29	5516	30	6495	31	7740	32	8564	33	8718	34	8811	35	8286	36	7517	37	6366	38	5196	39	3978	40	2957	41	2079	42	1372	43	881	44	580	45	313	46	220	47	107	48	61	49	24	50	11	51	7	52	3	53	1	54	1	55	1	57	1
991	14	1	15	6	16	6	17	21	18	31	19	68	20	122	21	165	22	312	23	474	24	719	25	1068	26	1620	27	2237	28	3217	29	4300	30	5409	31	6624	32	7735	33	8548	34	8868	35	8923	36	8276	37	7408	38	6312	39	5070	40	4046	41	2839	42	2076	43	1311	44	914	45	527	46	347	47	171	48	100	49	72	50	26	51	24	52	2	53	3	55	1	56	1
992	4	1	5	5	6	5	7	3	8	14	9	20	10	16	11	40	12	43	13	84	14	94	15	121	16	182	17	241	18	282	19	278	20	356	21	371	22	444	23	478	24	634	25	902	26	1311	27	1804	28	2563	29	3423	30	4592	31	5517	32	6763	33	7569	34	8235	35	8525	36	8322	37	7798	38	7074	39	5838	40	4800	41	3609	42	2650	43	1782	44	1269	45	813	46	486	47	289	48	183	49	78	50	43	51	23	52	14	53	5	54	4	55	2	56	1	57	1
993	14	1	15	1	16	8	17	7	18	19	19	45	20	64	21	97	22	169	23	269	24	435	25	645	26	972	27	1465	28	2128	29	2881	30	3703	31	4837	32	5825	33	7040	34	7893	35	8225	36	8717	37	8429	38	7653	39	6895	40	5695	41	4576	42	3577	43	2696	44	1788	45	1266	46	797	47	515	48	307	49	174	50	83	51	42	52	33	53	16	54	8	55	4
994	8	1	9	2	10	6	11	5	12	21	13	36	14	74	15	95	16	142	17	201	18	245	19	276	20	260	21	271	22	259	23	211	24	247	25	335	26	514	27	758	28	1166	29	1823	30	2551	31	3548	32	4698	33	5875	34	6935	35	7722	36	8651	37	8674	38	8301	39	7821	40	6922	41	5692	42	4712	43	3441	44	2564	45	1884	46	1137	47	816	48	462	49	300	50	156	51	88	52	42	53	33	54	14	55	8	56	2	57	3
995	12	1	15	1	16	1	17	6	18	10	19	20	20	27	21	65	22	90	23	180	24	244	25	358	26	595	27	774	28	1139	29	1672	30	2209	31	3029	32	3842	33	5021	34	6078	35	6907	36	7808	37	8374	38	8472	39	8046	40	7523	41	6624	42	5662	43	4459	44	3438	45	2509	46	1807	47	1134	48	797	49	462	50	265	51	167	52	87	53	48	54	26	55	15	56	3	57	4	58	1
996	4	1	6	4	7	2	8	9	9	15	10	12	11	21	12	20	13	31	14	42	15	60	16	96	17	127	18	187	19	242	20	276	21	282	22	305	23	315	24	348	25	342	26	477	27	607	28	748	29	1115	30	1571	31	2181	32	2924	33	3831	34	4759	35	5819	36	6767	37	7668	38	8253	39	8256	40	8133	41	7422	42	6431	43	5467	44	4363	45	3385	46	2472	47	1655	48	1118	49	756	50	460	51	292	52	165	53	80	54	44	55	25	56	13	57	3	58	2	59	1
997	16	2	17	1	18	3	19	9	20	13	21	32	22	39	23	65	24	107	25	163	26	236	27	412	28	604	29	886	30	1217	31	1668	32	2328	33	3071	34	4107	35	5136	36	6244	37	6973	38	8094	39	8309	40	8339	41	7987	42	7397	43	6460	44	5415	45	4447	46	3328	47	2394	48	1664	49	1126	50	712	51	443	52	243	53	156	54	84	55	42	56	24	57	12	58	2	59	3	60	1	61	1	64	1
998	6	1	9	1	10	4	11	7	12	11	13	20	14	35	15	48	16	77	17	123	18	146	19	194	20	237	21	262	22	268	23	243	24	241	25	226	26	199	27	220	28	321	29	488	30	725	31	1100	32	1532	33	2328	34	3140	35	4092	36	5049	37	6205	38	7051	39	7840	40	8225	41	8236	42	7908	43	7248	44	6353	45	5303	46	4370	47	3218	48	2394	49	1581	50	1085	51	642	52	447	53	238	54	154	55	84	56	40	57	17	58	10	59	7	60	3	61	1	62	1	63	1
999	15	1	16	2	17	3	18	8	19	7	20	11	21	28	22	33	23	49	24	87	25	130	26	196	27	257	28	393	29	573	30	794	31	1069	32	1478	33	2016	34	2559	35	3296	36	4259	37	5328	38	6005	39	7117	40	7661	41	8062	42	8127	43	7747	44	7047	45	6294	46	5187	47	4109	48	3258	49	2329	50	1708	51	1099	52	704	53	412	54	246	55	143	56	71	57	48	58	27	59	16	60	5	61	1
1000	5	1	6	6	7	2	8	3	9	8	10	14	11	9	12	27	13	17	14	27	15	43	16	45	17	80	18	126	19	126	20	165	21	233	22	261	23	255	24	278	25	297	26	272	27	308	28	337	29	447	30	588	31	762	32	1042	33	1443	34	1851	35	2631	36	3363	37	4070	38	5068	39	5946	40	6818	41	7557	42	7801	43	7951	44	7665	45	6985	46	6096	47	5222	48	4074	49	3089	50	2187	51	1622	52	1017	53	708	54	424	55	301	56	157	57	79	58	43	59	21	60	17	61	8	62	5	63	1	65	1
