1	1	100000
2	1	100000
3	1	100000
4	1	100000
5	1	100000
6	1	100000
7	1	100000
8	1	100000
9	1	100000
10	1	100000
11	1	100000
12	1	100000
13	1	100000
14	1	100000
15	1	100000
16	1	100000
17	1	100000
18	1	100000
19	1	100000
20	1	100000
21	1	100000
22	1	100000
23	1	100000
24	1	100000
25	1	100000
26	1	100000
27	1	100000
28	1	100000
29	1	100000
30	1	100000
31	1	100000
32	1	100000
33	1	100000
34	1	100000
35	1	100000
36	1	100000
37	1	100000
38	1	100000
39	1	100000
40	1	100000
41	1	100000
42	1	100000
43	1	100000
44	1	100000
45	1	100000
46	1	100000
47	1	100000
48	1	100000
49	1	100000
50	1	100000
51	1	100000
52	1	100000
53	1	100000
54	1	100000
55	1	100000
56	1	100000
57	1	100000
58	1	100000
59	1	100000
60	1	100000
61	1	100000
62	1	100000
63	1	100000
64	1	100000
65	1	100000
66	1	100000
67	1	100000
68	1	100000
69	1	100000
70	1	100000
71	1	100000
72	1	100000
73	1	100000
74	1	100000
75	1	100000
76	1	100000
77	1	100000
78	1	100000
79	1	100000
80	1	100000
81	1	100000
82	1	100000
83	1	100000
84	1	100000
85	1	100000
86	1	100000
87	1	100000
88	1	100000
89	1	100000
90	1	100000
91	1	100000
92	1	100000
93	1	100000
94	1	100000
95	1	100000
96	1	100000
97	1	100000
98	1	100000
99	1	100000
100	1	100000
101	1	100000
102	1	100000
103	1	100000
104	1	100000
105	1	100000
106	1	100000
107	1	100000
108	1	100000
109	1	100000
110	1	100000
111	1	100000
112	1	100000
113	1	100000
114	1	100000
115	1	100000
116	1	100000
117	1	100000
118	1	100000
119	1	100000
120	1	100000
121	1	100000
122	1	100000
123	1	100000
124	1	100000
125	1	100000
126	1	100000
127	1	100000
128	1	100000
129	1	100000
130	1	100000
131	1	100000
132	1	100000
133	1	100000
134	1	100000
135	1	100000
136	1	100000
137	1	100000
138	1	100000
139	1	100000
140	1	100000
141	1	100000
142	1	100000
143	1	100000
144	1	100000
145	1	100000
146	1	100000
147	1	100000
148	1	100000
149	1	100000
150	1	100000
151	1	100000
152	1	100000
153	1	100000
154	1	100000
155	1	100000
156	1	100000
157	1	100000
158	1	100000
159	1	100000
160	1	100000
161	1	100000
162	1	100000
163	1	100000
164	1	100000
165	1	100000
166	1	100000
167	1	100000
168	1	100000
169	1	100000
170	1	100000
171	1	100000
172	1	100000
173	1	100000
174	1	100000
175	1	100000
176	1	100000
177	1	100000
178	1	100000
179	1	100000
180	1	100000
181	1	100000
182	1	100000
183	1	100000
184	1	100000
185	1	100000
186	1	100000
187	1	100000
188	1	100000
189	1	100000
190	1	100000
191	1	100000
192	1	100000
193	1	100000
194	1	100000
195	1	100000
196	1	100000
197	1	100000
198	1	100000
199	1	100000
200	1	100000
201	1	100000
202	1	100000
203	1	100000
204	1	100000
205	1	100000
206	1	100000
207	1	100000
208	1	100000
209	1	100000
210	1	100000
211	1	100000
212	1	100000
213	1	100000
214	1	100000
215	1	100000
216	1	100000
217	1	100000
218	1	100000
219	1	100000
220	1	100000
221	1	100000
222	1	100000
223	1	100000
224	1	100000
225	1	100000
226	1	100000
227	1	100000
228	1	100000
229	1	100000
230	1	100000
231	1	100000
232	1	100000
233	1	100000
234	1	100000
235	1	100000
236	1	100000
237	1	100000
238	1	100000
239	1	100000
240	1	100000
241	1	100000
242	1	100000
243	1	100000
244	1	100000
245	1	100000
246	1	100000
247	1	100000
248	1	100000
249	1	100000
250	1	100000
251	1	100000
252	1	100000
253	1	100000
254	1	100000
255	1	100000
256	1	100000
257	1	100000
258	1	100000
259	1	100000
260	1	100000
261	1	100000
262	1	100000
263	1	100000
264	1	100000
265	1	100000
266	1	100000
267	1	100000
268	1	100000
269	1	100000
270	1	100000
271	1	100000
272	1	100000
273	1	100000
274	1	100000
275	1	100000
276	1	100000
277	1	100000
278	1	100000
279	1	100000
280	1	100000
281	1	100000
282	1	100000
283	1	100000
284	1	100000
285	1	100000
286	1	100000
287	1	100000
288	1	100000
289	1	100000
290	1	100000
291	1	100000
292	1	100000
293	1	100000
294	1	100000
295	1	100000
296	1	100000
297	1	100000
298	1	100000
299	1	100000
300	1	100000
301	1	100000
302	1	100000
303	1	100000
304	1	100000
305	1	100000
306	1	100000
307	1	100000
308	1	100000
309	1	100000
310	1	100000
311	1	100000
312	1	100000
313	1	100000
314	1	100000
315	1	100000
316	1	100000
317	1	100000
318	1	100000
319	1	100000
320	1	100000
321	1	100000
322	1	100000
323	1	100000
324	1	100000
325	1	100000
326	1	100000
327	1	100000
328	1	100000
329	1	100000
330	1	100000
331	1	100000
332	1	100000
333	1	100000
334	1	100000
335	1	100000
336	1	100000
337	1	100000
338	1	100000
339	1	100000
340	1	100000
341	1	100000
342	1	100000
343	1	100000
344	1	100000
345	1	100000
346	1	100000
347	1	100000
348	1	100000
349	1	100000
350	1	100000
351	1	100000
352	1	99999	2	1
353	1	100000
354	1	100000
355	1	100000
356	1	100000
357	1	100000
358	1	100000
359	1	100000
360	1	100000
361	1	100000
362	1	100000
363	1	100000
364	1	100000
365	1	100000
366	1	100000
367	1	100000
368	1	100000
369	1	100000
370	1	100000
371	1	100000
372	1	100000
373	1	100000
374	1	99999	2	1
375	1	100000
376	1	100000
377	1	100000
378	1	100000
379	1	100000
380	1	100000
381	1	100000
382	1	99999	2	1
383	1	100000
384	1	100000
385	1	100000
386	1	100000
387	1	100000
388	1	100000
389	1	100000
390	1	100000
391	1	100000
392	1	100000
393	1	100000
394	1	100000
395	1	100000
396	1	100000
397	1	100000
398	1	100000
399	1	100000
400	1	100000
401	1	100000
402	1	100000
403	1	100000
404	1	100000
405	1	100000
406	1	100000
407	1	100000
408	1	100000
409	1	100000
410	1	100000
411	1	100000
412	1	100000
413	1	100000
414	1	100000
415	1	100000
416	1	100000
417	1	100000
418	1	100000
419	1	100000
420	1	100000
421	1	100000
422	1	100000
423	1	100000
424	1	100000
425	1	100000
426	1	100000
427	1	100000
428	1	100000
429	1	100000
430	1	100000
431	1	100000
432	1	100000
433	1	100000
434	1	100000
435	1	100000
436	1	100000
437	1	100000
438	1	100000
439	1	100000
440	1	100000
441	1	100000
442	1	100000
443	1	100000
444	1	99999	2	1
445	1	100000
446	1	100000
447	1	100000
448	1	100000
449	1	100000
450	1	100000
451	1	100000
452	1	100000
453	1	100000
454	1	100000
455	1	100000
456	1	100000
457	1	100000
458	1	99999	2	1
459	1	100000
460	1	99999	2	1
461	1	100000
462	1	100000
463	1	100000
464	1	100000
465	1	99999	2	1
466	1	100000
467	1	100000
468	1	100000
469	1	100000
470	1	99999	2	1
471	1	100000
472	1	100000
473	1	100000
474	1	100000
475	1	100000
476	1	100000
477	1	100000
478	1	100000
479	1	100000
480	1	100000
481	1	100000
482	1	100000
483	1	100000
484	1	99999	2	1
485	1	100000
486	1	100000
487	1	100000
488	1	100000
489	1	100000
490	1	100000
491	1	100000
492	1	100000
493	1	100000
494	1	100000
495	1	99998	2	2
496	1	99998	2	2
497	1	100000
498	1	99997	2	3
499	1	99998	2	2
500	1	100000
501	1	8678	2	91319	3	3
502	1	16468	2	83532
503	1	23651	2	76349
504	1	30070	2	69930
505	1	36261	2	63737	3	1	4	1
506	1	41489	2	58511
507	1	46897	2	53103
508	1	51488	2	48512
509	1	55583	2	44417
510	1	59221	2	40777	3	1	4	1
511	1	62391	2	37609
512	1	66093	2	33906	4	1
513	1	68880	2	31118	3	1	4	1
514	1	71483	2	28517
515	1	74163	2	25836	3	1
516	1	76270	2	23729	3	1
517	1	78330	2	21670
518	1	80339	2	19660	3	1
519	1	81927	2	18072	3	1
520	1	83441	2	16558	3	1
521	1	84867	2	15133
522	1	86129	2	13871
523	1	87445	2	12555
524	1	88519	2	11481
525	1	89502	2	10497	3	1
526	1	90324	2	9676
527	1	91380	2	8619	3	1
528	1	91924	2	8076
529	1	92833	2	7167
530	1	93342	2	6658
531	1	93912	2	6088
532	1	94457	2	5543
533	1	94843	2	5157
534	1	95331	2	4667	3	2
535	1	95830	2	4170
536	1	96135	2	3865
537	1	96462	2	3537	3	1
538	1	96709	2	3291
539	1	96989	2	3011
540	1	97336	2	2664
541	1	97533	2	2467
542	1	97792	2	2207	3	1
543	1	97958	2	2041	3	1
544	1	98150	2	1850
545	1	98301	2	1697	3	2
546	1	98461	2	1539
547	1	98641	2	1359
548	1	98681	2	1319
549	1	98712	2	1288
550	1	98916	2	1083	3	1
551	1	98986	2	1014
552	1	99103	2	897
553	1	99159	2	841
554	1	99249	2	750	3	1
555	1	99249	2	750	3	1
556	1	99377	2	623
557	1	99379	2	621
558	1	99481	2	519
559	1	99538	2	462
560	1	99528	2	470	3	2
561	1	99606	2	394
562	1	99615	2	385
563	1	99645	2	355
564	1	99696	2	302	3	2
565	1	99722	2	278
566	1	99738	2	262
567	1	99785	2	215
568	1	99777	2	223
569	1	99821	2	178	3	1
570	1	99834	2	165	3	1
571	1	99834	2	166
572	1	99849	2	151
573	1	99883	2	117
574	1	99894	2	106
575	1	99877	2	122	3	1
576	1	99874	2	126
577	1	99908	2	91	3	1
578	1	99901	2	99
579	1	99922	2	78
580	1	99908	2	91	3	1
581	1	99917	2	82	3	1
582	1	99932	2	65	3	3
583	1	99936	2	63	3	1
584	1	99941	2	59
585	1	99941	2	59
586	1	99951	2	48	3	1
587	1	99934	2	66
588	1	99950	2	49	3	1
589	1	99957	2	43
590	1	99962	2	38
591	1	99958	2	42
592	1	99961	2	38	3	1
593	1	99965	2	35
594	1	99970	2	30
595	1	99953	2	47
596	1	99950	2	49	3	1
597	1	99964	2	36
598	1	99965	2	35
599	1	99966	2	34
600	1	99963	2	37
601	1	99962	2	38
602	1	99958	2	41	3	1
603	1	99963	2	37
604	1	99962	2	37	3	1
605	1	99959	2	41
606	1	99973	2	26	3	1
607	1	99957	2	42	3	1
608	1	99955	2	44	3	1
609	1	99960	2	40
610	1	99966	2	34
611	1	99945	2	54	3	1
612	1	99945	2	54	3	1
613	1	99951	2	49
614	1	99934	2	66
615	1	99950	2	49	3	1
616	1	99960	2	40
617	1	99948	2	51	3	1
618	1	99948	2	52
619	1	99944	2	55	3	1
620	1	99935	2	65
621	1	99939	2	61
622	1	99938	2	61	3	1
623	1	99953	2	47
624	1	99931	2	68	3	1
625	1	99934	2	65	3	1
626	1	99916	2	84
627	1	99927	2	72	3	1
628	1	99898	2	101	3	1
629	1	99914	2	85	3	1
630	1	99910	2	90
631	1	99897	2	102	3	1
632	1	99909	2	89	3	2
633	1	99896	2	104
634	1	99907	2	93
635	1	99896	2	104
636	1	99897	2	101	3	2
637	1	99902	2	98
638	1	99884	2	116
639	1	99873	2	126	3	1
640	1	99870	2	130
641	1	99875	2	125
642	1	99876	2	123	3	1
643	1	99872	2	127	3	1
644	1	99865	2	135
645	1	99857	2	143
646	1	99816	2	183	3	1
647	1	99839	2	160	3	1
648	1	99815	2	185
649	1	99823	2	175	3	2
650	1	99802	2	198
651	1	99793	2	206	3	1
652	1	99757	2	242	3	1
653	1	99765	2	235
654	1	99745	2	254	3	1
655	1	99725	2	275
656	1	99731	2	268	3	1
657	1	99705	2	295
658	1	99699	2	301
659	1	99688	2	311	3	1
660	1	99647	2	352	3	1
661	1	99670	2	330
662	1	99618	2	382
663	1	99582	2	415	3	3
664	1	99471	2	527	3	2
665	1	99513	2	482	3	5
666	1	99430	2	566	3	4
667	1	99803	2	195	3	2
668	1	99603	2	397
669	1	99667	2	332	3	1
670	1	99647	2	353
671	1	99676	2	323	3	1
672	1	99535	2	463	3	2
673	1	99628	2	372
674	1	99600	2	399	3	1
675	1	99619	2	379	3	2
676	1	99393	2	606	3	1
677	1	99566	2	433	3	1
678	1	99552	2	446	3	2
679	1	99551	2	448	3	1
680	1	99339	2	660	3	1
681	1	99496	2	502	3	2
682	1	99460	2	539	3	1
683	1	99424	2	576
684	1	99321	2	675	3	4
685	1	99390	2	609	3	1
686	1	99406	2	590	3	4
687	1	99357	2	640	3	3
688	1	99202	2	796	3	2
689	1	99310	2	687	3	3
690	1	99217	2	778	3	5
691	1	99281	2	718	3	1
692	1	99135	2	860	3	5
693	1	99260	2	738	3	2
694	1	99226	2	770	3	4
695	1	99159	2	839	3	2
696	1	99022	2	974	3	4
697	1	99101	2	895	3	4
698	1	99068	2	927	3	5
699	1	99059	2	932	3	9
700	1	98903	2	1091	3	6
701	1	98904	2	1093	3	3
702	1	98936	2	1059	3	5
703	1	98894	2	1101	3	5
704	1	98568	2	1420	3	12
705	1	98780	2	1210	3	10
706	1	98889	2	1108	3	3
707	1	98716	2	1279	3	5
708	1	98589	2	1400	3	11
709	1	98685	2	1300	3	15
710	1	98684	2	1308	3	8
711	1	98474	2	1517	3	9
712	1	98393	2	1596	3	11
713	1	98403	2	1584	3	13
714	1	98480	2	1505	3	15
715	1	98377	2	1607	3	16
716	1	97985	2	1993	3	22
717	1	98313	2	1671	3	16
718	1	98127	2	1860	3	13
719	1	98142	2	1839	3	19
720	1	97556	2	2414	3	29	4	1
721	1	97963	2	2010	3	26	4	1
722	1	97967	2	2007	3	26
723	1	97896	2	2079	3	25
724	1	97607	2	2372	3	21
725	1	97583	2	2388	3	29
726	1	97465	2	2503	3	32
727	1	97410	2	2563	3	27
728	1	97496	2	2483	3	21
729	1	97505	2	2459	3	36
730	1	97444	2	2525	3	31
731	1	97315	2	2637	3	48
732	1	97133	2	2827	3	40
733	1	97314	2	2653	3	32	4	1
734	1	96888	2	3062	3	49	4	1
735	1	96838	2	3113	3	48	4	1
736	1	96557	2	3377	3	65	4	1
737	1	96810	2	3137	3	52	4	1
738	1	96703	2	3246	3	51
739	1	96494	2	3458	3	48
740	1	96147	2	3788	3	64	4	1
741	1	96456	2	3487	3	55	4	2
742	1	96204	2	3710	3	86
743	1	96264	2	3678	3	58
744	1	95963	2	3951	3	84	4	2
745	1	95606	2	4292	3	102
746	1	95610	2	4317	3	73
747	1	95545	2	4353	3	100	4	2
748	1	95140	2	4750	3	109	4	1
749	1	95223	2	4674	3	101	4	2
750	1	95122	2	4772	3	102	4	4
751	1	93234	2	6590	3	172	4	4
752	1	93121	2	6656	3	220	4	3
753	1	93155	2	6626	3	216	4	3
754	1	92973	2	6773	3	246	4	8
755	1	92794	2	6921	3	275	4	9	5	1
756	1	92825	2	6891	3	274	4	10
757	1	93066	2	6687	3	236	4	11
758	1	92455	2	7250	3	284	4	10	5	1
759	1	92120	2	7529	3	342	4	9
760	1	92224	2	7474	3	297	4	5
761	1	92223	2	7484	3	282	4	11
762	1	92333	2	7349	3	312	4	6
763	1	91845	2	7836	3	304	4	14	5	1
764	1	91538	2	8055	3	399	4	8
765	1	91451	2	8151	3	386	4	12
766	1	91142	2	8455	3	385	4	17	5	1
767	1	91028	2	8542	3	420	4	10
768	1	90178	2	9300	3	506	4	16
769	1	90072	2	9411	3	507	4	10
770	1	90836	2	8673	3	473	4	16	5	2
771	1	90482	2	9038	3	462	4	17	5	1
772	1	90276	2	9212	3	486	4	23	5	3
773	1	89578	2	9859	3	552	4	11
774	1	89067	2	10281	3	624	4	28
775	1	89035	2	10338	3	600	4	27
776	1	89053	2	10314	3	606	4	27
777	1	88613	2	10734	3	633	4	18	5	2
778	1	88406	2	10890	3	684	4	20
779	1	87979	2	11224	3	767	4	29	5	1
780	1	86951	2	12088	3	906	4	54	5	1
781	1	87278	2	11837	3	837	4	45	5	3
782	1	86148	2	12862	3	936	4	52	5	2
783	1	86512	2	12567	3	870	4	50	5	1
784	1	85677	2	13202	3	1059	4	60	5	2
785	1	85650	2	13259	3	1042	4	46	5	3
786	1	84685	2	14083	3	1160	4	72
787	1	85158	2	13767	3	1030	4	44	5	1
788	1	84464	2	14240	3	1227	4	67	5	2
789	1	84187	2	14454	3	1292	4	65	5	2
790	1	83383	2	15108	3	1422	4	84	5	3
791	1	83125	2	15400	3	1373	4	97	5	4	6	1
792	1	82357	2	15897	3	1639	4	103	5	4
793	1	81983	2	16377	3	1520	4	115	5	5
794	1	80815	2	17188	3	1866	4	124	5	7
795	1	81043	2	17011	3	1821	4	119	5	6
796	1	80056	2	17835	3	1940	4	158	5	10	6	1
797	1	79433	2	18403	3	2017	4	137	5	9	6	1
798	1	78374	2	19158	3	2282	4	177	5	9
799	1	78586	2	18908	3	2304	4	187	5	13	6	2
800	1	79104	2	18559	3	2145	4	185	5	7
801	1	80333	2	17484	3	2005	4	167	5	11
802	1	79883	2	17778	3	2162	4	168	5	8	6	1
803	1	79198	2	18479	3	2149	4	167	5	7
804	1	78603	2	18907	3	2267	4	209	5	14
805	1	76775	2	20178	3	2760	4	267	5	20
806	1	77103	2	19911	3	2734	4	227	5	23	6	1	7	1
807	1	75533	2	21160	3	3008	4	272	5	25	6	2
808	1	75179	2	21411	3	3103	4	285	5	19	6	3
809	1	74862	2	21561	3	3208	4	343	5	23	6	2	7	1
810	1	73966	2	22281	3	3394	4	336	5	21	6	1	7	1
811	1	73202	2	22774	3	3654	4	341	5	27	6	2
812	1	72602	2	23236	3	3718	4	406	5	33	6	5
813	1	71445	2	24028	3	4041	4	443	5	42	6	1
814	1	70917	2	24385	3	4187	4	471	5	36	6	4
815	1	70620	2	24603	3	4288	4	442	5	43	6	3	7	1
816	1	69110	2	25500	3	4788	4	557	5	42	6	3
817	1	68616	2	25904	3	4846	4	568	5	61	6	5
818	1	67734	2	26567	3	4973	4	668	5	55	6	3
819	1	66591	2	27196	3	5467	4	683	5	60	6	1	7	2
820	1	66274	2	27298	3	5617	4	717	5	90	6	4
821	1	65555	2	27839	3	5722	4	781	5	93	6	10
822	1	64353	2	28574	3	6090	4	884	5	91	6	7	7	1
823	1	63102	2	29287	3	6509	4	1002	5	89	6	10	7	1
824	1	63103	2	29217	3	6619	4	957	5	92	6	11	7	1
825	1	62015	2	29941	3	6899	4	1025	5	111	6	8	7	1
826	1	61688	2	29743	3	7301	4	1115	5	136	6	16	7	1
827	1	60593	2	30441	3	7581	4	1253	5	119	6	12	7	1
828	1	59672	2	31048	3	7815	4	1274	5	176	6	12	7	3
829	1	58588	2	31559	3	8286	4	1358	5	187	6	22
830	1	57500	2	32055	3	8688	4	1530	5	207	6	19	7	1
831	1	56892	2	32519	3	8797	4	1557	5	208	6	26	7	1
832	1	55387	2	33035	3	9485	4	1815	5	256	6	19	7	3
833	1	54619	2	33385	3	9823	4	1885	5	253	6	33	7	2
834	1	52955	2	33873	3	10686	4	2154	5	300	6	30	7	2
835	1	52270	2	34238	3	10928	4	2198	5	323	6	34	7	8	8	1
836	1	50689	2	34781	3	11465	4	2573	5	425	6	53	7	13	8	1
837	1	50379	2	34829	3	11693	4	2623	5	413	6	58	7	5
838	1	49492	2	35156	3	12025	4	2810	5	437	6	71	7	8	8	1
839	1	48872	2	35614	3	12228	4	2764	5	449	6	65	7	8
840	1	47183	2	35781	3	13181	4	3192	5	567	6	86	7	9	9	1
841	1	46893	2	36078	3	13188	4	3227	5	533	6	75	7	6
842	1	43878	2	36702	3	14665	4	3915	5	727	6	96	7	12	8	4	9	1
843	1	45368	2	36125	3	14131	4	3573	5	679	6	111	7	12	8	1
844	1	44151	2	36753	3	14550	4	3699	5	735	6	103	7	7	8	2
845	1	42875	2	36825	3	15199	4	4133	5	834	6	120	7	12	8	1	9	1
846	1	41452	2	36837	3	16143	4	4498	5	913	6	134	7	21	8	2
847	1	40766	2	37057	3	16336	4	4688	5	973	6	149	7	28	8	3
848	1	38534	2	37363	3	17451	4	5271	5	1161	6	194	7	23	8	3
849	1	38437	2	37133	3	17525	4	5437	5	1203	6	230	7	31	8	4
850	1	37245	2	37391	3	18188	4	5616	5	1273	6	234	7	48	8	3	9	2
851	1	35945	2	37149	3	19028	4	6121	5	1455	6	261	7	37	8	4
852	1	34193	2	37660	3	19479	4	6614	5	1654	6	345	7	52	8	3
853	1	34104	2	37512	3	19721	4	6608	5	1694	6	322	7	37	8	2
854	1	32452	2	37429	3	20353	4	7410	5	1891	6	400	7	58	8	6	10	1
855	1	31073	2	36713	3	21378	4	8026	5	2206	6	496	7	94	8	11	9	3
856	1	29544	2	36684	3	21998	4	8669	5	2416	6	569	7	109	8	10	9	1
857	1	28801	2	36305	3	22608	4	8951	5	2556	6	637	7	121	8	17	9	2	10	2
858	1	33701	2	36183	3	20170	4	7489	5	1952	6	425	7	67	8	9	9	3	10	1
859	1	30638	2	36060	3	21582	4	8488	5	2546	6	569	7	93	8	21	9	3
860	1	30086	2	35653	3	22115	4	8832	5	2603	6	569	7	120	8	19	9	2	10	1
861	1	28419	2	35523	3	22795	4	9548	5	2916	6	669	7	109	8	15	9	6
862	1	27405	2	35195	3	23206	4	10040	5	3158	6	795	7	161	8	36	9	4
863	1	25508	2	34563	3	24060	4	10875	5	3693	6	1027	7	221	8	39	9	10	10	4
864	1	25227	2	34688	3	24003	4	11092	5	3713	6	1007	7	223	8	37	9	7	10	3
865	1	24251	2	34143	3	24532	4	11730	5	3963	6	1082	7	261	8	32	9	3	10	3
866	1	22707	2	33662	3	25183	4	12322	5	4511	6	1251	7	276	8	70	9	14	10	4
867	1	22066	2	33071	3	25640	4	12715	5	4774	6	1336	7	307	8	75	9	14	10	2
868	1	20712	2	32725	3	25983	4	13292	5	5165	6	1614	7	414	8	76	9	16	10	2	11	1
869	1	19689	2	32238	3	26339	4	13996	5	5478	6	1666	7	474	8	97	9	20	10	3
870	1	19377	2	32284	3	26409	4	14133	5	5429	6	1796	7	450	8	104	9	15	10	2	12	1
871	1	18193	2	31679	3	26561	4	15042	5	6022	6	1879	7	479	8	112	9	30	10	3
872	1	17347	2	30466	3	26922	4	15728	5	6612	6	2129	7	633	8	132	9	26	10	4	11	1
873	1	16516	2	30202	3	27413	4	15981	5	6859	6	2251	7	606	8	133	9	35	10	3	11	1
874	1	15691	2	29414	3	27367	4	16727	5	7246	6	2604	7	760	8	142	9	39	10	8	11	2
875	1	14729	2	29082	3	27628	4	17084	5	7630	6	2771	7	837	8	190	9	43	10	6
876	1	13700	2	27062	3	27569	4	18177	5	8690	6	3416	7	1049	8	259	9	65	10	9	11	3	12	1
877	1	12295	2	26531	3	28105	4	18690	5	9252	6	3561	7	1163	8	314	9	73	10	13	11	2	12	1
878	1	11419	2	25386	3	27472	4	19700	5	10045	6	4139	7	1355	8	352	9	103	10	21	11	6	12	2
879	1	11220	2	24964	3	27615	4	19876	5	10229	6	4171	7	1401	8	383	9	109	10	25	11	6	13	1
880	1	10568	2	24518	3	27161	4	20221	5	10830	6	4572	7	1533	8	472	9	91	10	28	11	5	12	1
881	1	9924	2	23345	3	27454	4	20704	5	11330	6	4860	7	1705	8	509	9	135	10	29	11	3	12	1	13	1
882	1	10037	2	22983	3	27265	4	20606	5	11457	6	4961	7	1937	8	572	9	137	10	38	11	5	12	2
883	1	8832	2	22192	3	27043	4	21261	5	12144	6	5623	7	2057	8	611	9	182	10	44	11	9	12	2
884	1	8321	2	21327	3	26166	4	21615	5	13051	6	6220	7	2329	8	709	9	197	10	53	11	8	12	4
885	1	7580	2	20113	3	26462	4	22264	5	13430	6	6444	7	2522	8	846	9	241	10	80	11	15	12	2	13	1
886	1	7389	2	19597	3	25905	4	22054	5	14031	6	6838	7	2843	8	954	9	313	10	59	11	15	12	2
887	1	6535	2	18452	3	25675	4	22555	5	14805	6	7371	7	3071	8	1075	9	335	10	95	11	24	12	6	13	1
888	1	5889	2	17078	3	24431	4	23159	5	15601	6	8320	7	3649	8	1296	9	428	10	122	11	24	12	3
889	1	6809	2	18133	3	24912	4	22412	5	14951	6	7761	7	3324	8	1184	9	386	10	103	11	22	12	3
890	1	6261	2	17346	3	24202	4	22650	5	15493	6	8488	7	3662	8	1305	9	427	10	120	11	30	12	13	13	3
891	1	5382	2	15828	3	23069	4	23039	5	16574	6	9293	7	4251	8	1764	9	565	10	175	11	46	12	13	13	1
892	1	5540	2	15891	3	23342	4	22704	5	16285	6	9388	7	4332	8	1704	9	579	10	173	11	42	12	18	13	1	15	1
893	1	4424	2	13662	3	22192	4	22892	5	17629	6	10651	7	5296	8	2165	9	785	10	216	11	59	12	24	13	4	14	1
894	1	4539	2	13861	3	21690	4	22788	5	17534	6	10809	7	5309	8	2277	9	831	10	266	11	72	12	18	13	6
895	1	3947	2	12851	3	21330	4	22707	5	18253	6	11396	7	5756	8	2416	9	898	10	317	11	103	12	20	13	4	14	2
896	1	3506	2	11741	3	19913	4	22630	5	18539	6	12262	7	6614	8	3048	9	1145	10	422	11	117	12	54	13	8	14	1
897	1	3204	2	11021	3	19535	4	22558	5	18926	6	12825	7	6920	8	3152	9	1237	10	419	11	148	12	35	13	20
898	1	3031	2	10645	3	19063	4	22121	5	19256	6	12923	7	7328	8	3565	9	1389	10	460	11	149	12	50	13	13	14	5	16	2
899	1	2428	2	9632	3	17604	4	21906	5	19870	6	14006	7	8103	8	3949	9	1647	10	587	11	198	12	53	13	13	14	2	15	2
900	1	2569	2	9404	3	17595	4	21439	5	19618	6	14109	7	8278	8	4216	9	1810	10	649	11	219	12	68	13	22	14	4
901	1	2007	2	7982	3	16248	4	21088	5	20190	6	15002	7	9342	8	4734	9	2198	10	809	11	284	12	84	13	24	14	6	15	1	16	1
902	1	1809	2	7617	3	15153	4	20255	5	20076	6	15797	7	9957	8	5372	9	2469	10	998	11	340	12	111	13	33	14	10	15	2	16	1
903	1	1640	2	6963	3	14616	4	20074	5	20298	6	16033	7	10475	8	5731	9	2512	10	1095	11	377	12	132	13	41	14	9	15	4
904	1	1711	2	6636	3	14102	4	19474	5	19917	6	16451	7	10666	8	6236	9	2932	10	1170	11	459	12	172	13	47	14	22	15	3	16	2
905	1	1252	2	5668	3	12791	4	18703	5	20112	6	17117	7	11755	8	6975	9	3349	10	1478	11	532	12	175	13	64	14	24	15	2	16	3
906	1	1252	2	5343	3	12047	4	18082	5	19985	6	17239	7	12578	8	7231	9	3653	10	1610	11	630	12	237	13	80	14	20	15	6	16	5	17	2
907	1	1009	2	4756	3	11330	4	17547	5	19722	6	17729	7	12961	8	7764	9	4080	10	1885	11	807	12	271	13	100	14	27	15	10	16	1	17	1
908	1	883	2	4219	3	9920	4	16025	5	19144	6	18060	7	14031	8	8809	9	4962	10	2324	11	1028	12	377	13	148	14	54	15	13	16	1	17	2
909	1	657	2	3684	3	9399	4	15642	5	19046	6	18212	7	14283	8	9329	9	5310	10	2622	11	1123	12	453	13	156	14	60	15	18	16	2	17	3	18	1
910	1	1003	2	4262	3	10191	4	15781	5	18911	6	17601	7	13786	8	8946	9	5112	10	2578	11	1119	12	449	13	182	14	45	15	25	16	6	17	3
911	1	736	2	3834	3	9343	4	15322	5	18781	6	18210	7	14324	8	9519	9	5278	10	2644	11	1252	12	501	13	178	14	57	15	14	16	5	18	1	20	1
912	1	708	2	3330	3	8223	4	13933	5	17848	6	18359	7	15159	8	10264	9	6353	10	3254	11	1564	12	665	13	237	14	75	15	19	16	7	17	1	18	1
913	1	549	2	2793	3	7283	4	13089	5	17308	6	18318	7	15644	8	11134	9	6985	10	3802	11	1831	12	754	13	326	14	121	15	39	16	19	17	3	18	1	19	1
914	1	558	2	2818	3	7336	4	12900	5	16939	6	18138	7	15399	8	11369	9	7130	10	3991	11	2026	12	873	13	334	14	141	15	26	16	17	17	4	18	1
915	1	375	2	2196	3	6167	4	11721	5	16523	6	18048	7	16066	8	12325	9	8114	10	4477	11	2318	12	1030	13	420	14	147	15	52	16	17	17	4
916	1	445	2	2223	3	6168	4	11315	5	15863	6	17398	7	16242	8	12546	9	8352	10	4963	11	2528	12	1177	13	469	14	202	15	71	16	27	17	9	18	2
917	1	293	2	1711	3	5131	4	10088	5	15147	6	17378	7	16734	8	13314	9	9306	10	5510	11	3014	12	1385	13	613	14	249	15	84	16	33	17	8	18	2
918	1	258	2	1454	3	4452	4	9114	5	13958	6	16940	7	16858	8	14111	9	10176	10	6244	11	3433	12	1764	13	726	14	328	15	129	16	34	17	17	18	3	19	1
919	1	205	2	1305	3	4178	4	8786	5	13633	6	16864	7	17042	8	14191	9	10409	10	6395	11	3755	12	1848	13	850	14	332	15	138	16	41	17	19	18	7	19	2
920	1	221	2	1317	3	3923	4	8084	5	12808	6	16285	7	16429	8	14536	9	10981	10	7248	11	4262	12	2154	13	1018	14	452	15	169	16	85	17	13	18	10	19	4	20	1
921	1	102	2	877	3	3016	4	7097	5	11969	6	15639	7	16755	8	15342	9	11824	10	8053	11	4746	12	2505	13	1223	14	532	15	197	16	80	17	27	18	10	19	5	21	1
922	1	145	2	901	3	2899	4	6522	5	10972	6	14792	7	16472	8	15184	9	12271	10	8769	11	5392	12	3022	13	1505	14	699	15	283	16	106	17	40	18	17	19	5	20	3	22	1
923	1	97	2	619	3	2365	4	5678	5	10308	6	14298	7	16361	8	15892	9	12669	10	9282	11	5918	12	3405	13	1765	14	804	15	346	16	122	17	49	18	12	19	4	20	6
924	1	162	2	934	3	2805	4	6183	5	10690	6	14555	7	16008	8	15378	9	12527	10	8879	11	5587	12	3202	13	1725	14	801	15	364	16	130	17	43	18	13	19	12	20	1	21	1
925	1	80	2	474	3	2055	4	5030	5	9349	6	13395	7	15778	8	15861	9	13353	10	10127	11	6727	12	3871	13	2129	14	1052	15	447	16	192	17	50	18	19	19	9	20	2
926	1	93	2	524	3	1910	4	4512	5	8228	6	12344	7	14960	8	15723	9	13831	10	10932	11	7445	12	4657	13	2569	14	1297	15	573	16	240	17	86	18	51	19	19	20	3	22	2	23	1
927	1	41	2	367	3	1529	4	3997	5	7715	6	11805	7	15152	8	15872	9	14177	10	11222	11	7990	12	4902	13	2699	14	1423	15	623	16	283	17	121	18	57	19	19	20	5	21	1
928	1	77	2	455	3	1565	4	3574	5	6989	6	11099	7	14045	8	15259	9	14555	10	11757	11	8623	12	5471	13	3276	14	1761	15	864	16	381	17	157	18	58	19	20	20	9	21	4	22	1
929	1	25	2	238	3	1053	4	2923	5	6206	6	10266	7	13739	8	15517	9	14871	10	12466	11	9351	12	6153	13	3535	14	1866	15	1006	16	427	17	217	18	90	19	27	20	18	21	5	22	1
930	1	44	2	290	3	1073	4	2755	5	5603	6	9381	7	12702	8	14872	9	14792	10	12853	11	9908	12	6801	13	4334	14	2338	15	1260	16	611	17	213	18	110	19	39	20	15	21	4	22	2
931	1	15	2	177	3	719	4	2214	5	4769	6	8397	7	12136	8	14509	9	15134	10	13412	11	10581	12	7638	13	4717	14	2862	15	1443	16	741	17	300	18	153	19	51	20	18	21	9	22	4	24	1
932	1	28	2	206	3	782	4	2004	5	4299	6	7566	7	11042	8	13733	9	14623	10	13674	11	11374	12	8413	13	5555	14	3284	15	1815	16	880	17	409	18	187	19	82	20	27	21	10	22	6	25	1
933	1	5	2	81	3	460	4	1539	5	3607	6	6878	7	10481	8	13187	9	14804	10	14073	11	11914	12	8914	13	6059	14	3811	15	2175	16	1100	17	516	18	212	19	118	20	44	21	12	22	7	23	3
934	1	16	2	195	3	627	4	1752	5	3934	6	6999	7	10157	8	13097	9	14458	10	13808	11	11888	12	8919	13	6085	14	3818	15	2198	16	1106	17	545	18	239	19	101	20	43	21	8	22	4	23	2	25	1
935	1	7	2	55	3	351	4	1162	5	2957	6	5787	7	9025	8	12358	9	14227	10	14183	11	12614	12	10120	13	7125	14	4506	15	2688	16	1486	17	771	18	326	19	153	20	67	21	21	22	10	25	1
936	1	21	2	146	3	491	4	1396	5	3071	6	5704	7	8857	8	11928	9	13819	10	14125	11	12521	12	10057	13	7287	14	4802	15	2762	16	1523	17	808	18	391	19	183	20	66	21	28	22	11	23	3
937	2	39	3	264	4	862	5	2216	6	4650	7	7705	8	11109	9	13548	10	14305	11	13417	12	11102	13	8120	14	5555	15	3378	16	1913	17	996	18	443	19	211	20	103	21	34	22	19	23	7	24	4
938	1	7	2	58	3	317	4	885	5	1994	6	4022	7	6787	8	10051	9	12443	10	13716	11	13592	12	11637	13	9111	14	6316	15	4193	16	2413	17	1276	18	620	19	328	20	139	21	60	22	21	23	13	24	1
939	1	3	2	25	3	121	4	571	5	1613	6	3410	7	6314	8	9226	9	12059	10	13989	11	13752	12	12210	13	9605	14	6883	15	4575	16	2728	17	1492	18	767	19	353	20	179	21	59	22	37	23	20	24	7	25	2
940	1	8	2	56	3	240	4	628	5	1549	6	3097	7	5483	8	8426	9	11110	10	12980	11	13415	12	12372	13	10489	14	7614	15	5223	16	3253	17	2006	18	1109	19	541	20	227	21	105	22	39	23	19	24	7	25	3	26	1
941	1	1	2	13	3	86	4	319	5	950	6	2249	7	4436	8	7348	9	10457	10	12613	11	13512	12	13083	13	11268	14	8647	15	6038	16	3923	17	2414	18	1309	19	719	20	326	21	163	22	74	23	34	24	12	25	4	26	1	29	1
942	1	5	2	41	3	155	4	495	5	1128	6	2449	7	4410	8	7131	9	9936	10	12180	11	13312	12	12811	13	11214	14	8896	15	6227	16	4250	17	2583	18	1356	19	767	20	368	21	167	22	78	23	23	24	11	25	4	26	2	27	1
943	1	1	2	8	3	47	4	218	5	691	6	1792	7	3615	8	6111	9	9114	10	11647	11	13127	12	13326	13	11783	14	9786	15	7141	16	4863	17	3070	18	1739	19	1013	20	494	21	237	22	99	23	45	24	22	25	7	26	2	27	1	28	1
944	1	6	2	32	3	100	4	353	5	862	6	1787	7	3329	8	5639	9	8325	10	10779	11	12625	12	12919	13	11925	14	10149	15	7836	16	5364	17	3491	18	2111	19	1183	20	627	21	301	22	148	23	69	24	23	25	12	26	3	27	2
945	2	6	3	38	4	132	5	419	6	1156	7	2615	8	4656	9	7352	10	10214	11	12294	12	13026	13	12648	14	10896	15	8745	16	6209	17	4048	18	2522	19	1429	20	816	21	438	22	200	23	87	24	25	25	14	26	10	27	3	28	2
946	2	13	3	71	4	218	5	562	6	1231	7	2366	8	4223	9	6513	10	9143	11	11446	12	12684	13	12428	14	11664	15	9142	16	6830	17	4734	18	3046	19	1759	20	970	21	524	22	236	23	111	24	56	25	19	26	6	27	5
947	2	4	3	18	4	78	5	325	6	880	7	1900	8	3679	9	5928	10	8822	11	11121	12	12608	13	12843	14	11730	15	9639	16	7364	17	5295	18	3358	19	2050	20	1192	21	619	22	307	23	115	24	64	25	44	26	12	27	2	28	2	29	1
948	1	1	2	17	3	69	4	196	5	426	6	1051	7	1967	8	3632	9	5774	10	8170	11	10449	12	12042	13	12669	14	11607	15	10041	16	7835	17	5445	18	3756	19	2218	20	1286	21	668	22	381	23	176	24	66	25	30	26	15	27	7	28	4	29	1	31	1
949	3	7	4	48	5	157	6	501	7	1216	8	2544	9	4468	10	6833	11	9694	12	11341	13	12482	14	12155	15	11055	16	9011	17	6719	18	4784	19	3043	20	1834	21	1009	22	553	23	295	24	147	25	58	26	28	27	9	28	5	29	3	30	1
950	1	1	2	6	3	41	4	125	5	297	6	614	7	1304	8	2338	9	4137	10	6209	11	8642	12	10711	13	12182	14	12311	15	11228	16	9423	17	7278	18	5159	19	3432	20	2079	21	1197	22	667	23	328	24	159	25	73	26	34	27	14	28	6	29	3	30	2
951	3	5	4	24	5	91	6	311	7	790	8	1867	9	3320	10	5451	11	8055	12	10298	13	11949	14	12412	15	11742	16	10152	17	7958	18	5954	19	3897	20	2454	21	1586	22	866	23	435	24	180	25	119	26	52	27	16	28	9	29	5	30	2
952	1	2	2	16	3	25	4	108	5	242	6	469	7	978	8	1825	9	3033	10	4882	11	7271	12	9473	13	11285	14	11909	15	11914	16	10379	17	8441	18	6412	19	4490	20	2970	21	1840	22	969	23	545	24	285	25	140	26	62	27	19	28	9	29	5	30	1	33	1
953	3	1	4	15	5	48	6	182	7	503	8	1112	9	2233	10	4031	11	6267	12	8673	13	10638	14	12051	15	12036	16	11037	17	9474	18	7411	19	5495	20	3671	21	2295	22	1312	23	771	24	356	25	210	26	95	27	53	28	19	29	9	30	1	33	1
954	2	3	3	26	4	59	5	140	6	305	7	597	8	1137	9	2087	10	3576	11	5558	12	7782	13	9643	14	11432	15	12020	16	11414	17	9874	18	8033	19	6068	20	4093	21	2602	22	1612	23	971	24	470	25	262	26	143	27	67	28	20	29	5	31	1
955	4	4	5	22	6	86	7	292	8	674	9	1481	10	2749	11	4552	12	6892	13	9304	14	10814	15	11977	16	11696	17	10764	18	8827	19	6987	20	4992	21	3259	22	2033	23	1240	24	658	25	368	26	158	27	104	28	38	29	13	30	8	31	5	32	1	33	1	35	1
956	2	9	3	15	4	52	5	114	6	233	7	416	8	800	9	1490	10	2564	11	4144	12	6067	13	8117	14	9820	15	11307	16	11396	17	10847	18	9328	19	7640	20	5574	21	3892	22	2589	23	1621	24	957	25	486	26	264	27	146	28	61	29	31	30	13	31	4	32	1	33	2
957	3	1	4	2	5	16	6	62	7	191	8	465	9	1098	10	2103	11	3633	12	5554	13	7652	14	9895	15	11317	16	11548	17	11247	18	9809	19	8030	20	6239	21	4349	22	2882	23	1724	24	1013	25	558	26	293	27	170	28	80	29	34	30	17	31	10	32	3	33	2	34	2	35	1
958	2	1	3	8	4	35	5	70	6	145	7	296	8	527	9	995	10	1763	11	2856	12	4565	13	6487	14	8550	15	10280	16	11192	17	11423	18	10560	19	8962	20	7044	21	5106	22	3641	23	2353	24	1419	25	810	26	465	27	239	28	115	29	52	30	20	31	14	32	3	33	2	34	1	36	1
959	4	2	5	11	6	38	7	101	8	264	9	612	10	1270	11	2319	12	3991	13	5960	14	8156	15	9827	16	11175	17	11422	18	10839	19	9514	20	7647	21	5929	22	4171	23	2808	24	1711	25	1097	26	536	27	312	28	159	29	80	30	22	31	16	32	7	33	1	34	2	36	1
960	2	7	3	14	4	24	5	80	6	132	7	230	8	448	9	816	10	1286	11	2108	12	3362	13	5100	14	6810	15	8766	16	10183	17	11051	18	10907	19	9936	20	8536	21	6570	22	4887	23	3421	24	2230	25	1407	26	735	27	478	28	235	29	131	30	61	31	28	32	11	33	5	34	1	35	2	36	2
961	4	2	5	2	6	15	7	48	8	110	9	356	10	764	11	1471	12	2690	13	4436	14	6077	15	8185	16	9870	17	10839	18	11374	19	10554	20	9374	21	7543	22	5716	23	3891	24	2660	25	1676	26	1066	27	572	28	387	29	172	30	83	31	37	32	21	33	3	34	4	35	1	37	1
962	3	5	4	17	5	32	6	115	7	215	8	336	9	526	10	866	11	1353	12	2391	13	3734	14	5433	15	7351	16	9129	17	10423	18	11030	19	10650	20	9521	21	7919	22	6322	23	4553	24	3181	25	2056	26	1274	27	723	28	419	29	211	30	133	31	50	32	16	33	11	34	2	35	1	36	2
963	4	1	5	3	6	10	7	29	8	56	9	214	10	496	11	1004	12	2055	13	3226	14	4918	15	6811	16	8708	17	10059	18	10844	19	10856	20	10185	21	8666	22	7021	23	5121	24	3693	25	2502	26	1509	27	915	28	532	29	299	30	132	31	66	32	32	33	20	34	7	35	8	36	1	39	1
964	2	1	3	5	4	20	5	37	6	76	7	140	8	232	9	418	10	655	11	1055	12	1701	13	2591	14	4015	15	5707	16	7474	17	9036	18	10202	19	10670	20	10490	21	9119	22	7794	23	6080	24	4431	25	3127	26	2008	27	1248	28	774	29	441	30	228	31	109	32	61	33	34	34	8	35	13
965	4	1	5	1	6	3	7	7	8	37	9	118	10	261	11	562	12	1194	13	2045	14	3389	15	5013	16	6794	17	8558	18	10049	19	10750	20	10673	21	9990	22	8377	23	6916	24	5119	25	3732	26	2567	27	1674	28	986	29	548	30	317	31	156	32	81	33	45	34	18	35	7	36	6	37	5	39	1
966	1	1	3	1	4	8	5	24	6	56	7	115	8	185	9	310	10	489	11	668	12	1044	13	1610	14	2820	15	4171	16	5763	17	7518	18	9180	19	10305	20	10654	21	10283	22	9113	23	7420	24	5900	25	4393	26	3021	27	2098	28	1232	29	747	30	407	31	218	32	120	33	62	34	34	35	17	36	8	37	2	38	1	39	1	40	1
967	5	1	7	7	8	14	9	49	10	122	11	335	12	642	13	1211	14	2194	15	3380	16	5009	17	6843	18	8407	19	9844	20	10365	21	10449	22	9899	23	8581	24	6966	25	5259	26	3924	27	2505	28	1621	29	1034	30	640	31	352	32	178	33	98	34	38	35	21	36	4	37	2	38	4	39	2
968	1	1	2	2	3	5	4	11	5	21	6	55	7	89	8	177	9	222	10	391	11	630	12	835	13	1305	14	2012	15	3204	16	4546	17	6237	18	8003	19	9090	20	10048	21	10356	22	9751	23	8573	24	7154	25	5396	26	4140	27	2901	28	1953	29	1195	30	738	31	416	32	261	33	142	34	89	35	28	36	9	37	8	38	5	39	1
969	7	3	8	10	9	31	10	56	11	188	12	442	13	821	14	1447	15	2445	16	3785	17	5299	18	7169	19	8653	20	9858	21	10213	22	10421	23	9431	24	8221	25	6661	26	4964	27	3588	28	2398	29	1631	30	960	31	609	32	336	33	180	34	101	35	44	36	20	37	8	38	7
970	2	1	3	1	4	1	5	8	6	15	7	50	8	98	9	163	10	266	11	337	12	522	13	694	14	1096	15	1834	16	2806	17	4276	18	5890	19	7484	20	9074	21	9997	22	10220	23	9932	24	8950	25	7496	26	5984	27	4358	28	3095	29	2152	30	1307	31	844	32	484	33	278	34	145	35	67	36	41	37	18	38	9	39	4	40	2	41	1
971	8	2	9	11	10	38	11	88	12	226	13	448	14	875	15	1516	16	2499	17	3718	18	5256	19	6824	20	8360	21	9657	22	10166	23	10007	24	9436	25	8200	26	6693	27	5202	28	3780	29	2756	30	1749	31	1081	32	621	33	378	34	192	35	109	36	64	37	22	38	18	39	2	40	3	41	2	42	1
972	2	1	3	1	4	7	5	9	6	29	7	40	8	78	9	150	10	203	11	324	12	396	13	556	14	826	15	1370	16	2010	17	3128	18	4294	19	5819	20	7420	21	8781	22	9621	23	10064	24	9591	25	8646	26	7478	27	5910	28	4520	29	3162	30	2183	31	1376	32	845	33	502	34	301	35	159	36	116	37	44	38	20	39	9	40	7	41	1	42	1	44	2
973	8	3	9	4	10	7	11	40	12	96	13	179	14	389	15	826	16	1398	17	2243	18	3561	19	5129	20	6805	21	8155	22	9378	23	10077	24	10067	25	9456	26	8291	27	6892	28	5400	29	3916	30	2876	31	1928	32	1204	33	743	34	419	35	261	36	127	37	64	38	30	39	18	40	12	41	4	42	1	43	1
974	4	3	5	4	6	12	7	30	8	45	9	123	10	152	11	234	12	328	13	453	14	487	15	689	16	1067	17	1801	18	2728	19	3940	20	5494	21	7182	22	8394	23	9463	24	9984	25	9705	26	8874	27	7720	28	6210	29	4856	30	3504	31	2489	32	1657	33	1024	34	592	35	356	36	192	37	107	38	51	39	25	40	16	41	1	42	3	43	1	44	1	45	1	46	2
975	8	1	9	4	10	7	11	28	12	43	13	127	14	271	15	512	16	884	17	1518	18	2402	19	3600	20	5082	21	6487	22	7848	23	9124	24	9737	25	9784	26	9210	27	8298	28	7007	29	5658	30	4186	31	3014	32	1973	33	1351	34	819	35	469	36	253	37	148	38	84	39	28	40	24	41	14	42	1	43	4
976	3	3	4	7	5	11	6	20	7	35	8	56	9	108	10	141	11	186	12	276	13	353	14	427	15	607	16	864	17	1292	18	1875	19	2859	20	4044	21	5468	22	6915	23	8353	24	9323	25	9638	26	9336	27	8646	28	7598	29	6274	30	4932	31	3535	32	2549	33	1652	34	1060	35	680	36	416	37	209	38	121	39	83	40	24	41	14	42	4	43	3	44	2	46	1
977	7	1	9	1	10	3	11	11	12	36	13	68	14	134	15	302	16	492	17	870	18	1486	19	2394	20	3566	21	4827	22	6382	23	7491	24	8895	25	9429	26	9602	27	9354	28	8304	29	7103	30	5715	31	4338	32	3248	33	2216	34	1475	35	962	36	573	37	339	38	194	39	96	40	49	41	25	42	9	43	7	44	2	45	1
978	6	4	7	17	8	25	9	62	10	109	11	145	12	223	13	275	14	338	15	374	16	447	17	652	18	1033	19	1548	20	2475	21	3617	22	5046	23	6609	24	7945	25	9128	26	9477	27	9582	28	9089	29	8007	30	6639	31	5210	32	3968	33	2745	34	1995	35	1319	36	818	37	504	38	262	39	144	40	97	41	30	42	24	43	10	44	5	45	1	46	1	47	1
979	10	3	12	14	13	27	14	60	15	107	16	249	17	416	18	718	19	1338	20	2009	21	3008	22	4194	23	5722	24	7139	25	8499	26	9460	27	9540	28	9354	29	8746	30	7510	31	6246	32	4997	33	3573	34	2564	35	1745	36	1138	37	741	38	400	39	234	40	110	41	69	42	37	43	17	44	9	45	6	46	1
980	3	1	4	3	5	3	6	6	7	20	8	31	9	45	10	73	11	109	12	162	13	239	14	315	15	372	16	421	17	515	18	778	19	1109	20	1593	21	2474	22	3484	23	4799	24	6212	25	7361	26	8692	27	9182	28	9278	29	8827	30	8013	31	6857	32	5645	33	4265	34	3175	35	2260	36	1436	37	932	38	554	39	350	40	191	41	101	42	56	43	30	44	17	45	10	46	3	48	1
981	12	8	13	10	14	31	15	101	16	146	17	286	18	514	19	800	20	1283	21	2160	22	3110	23	4124	24	5550	25	6880	26	7986	27	8936	28	9247	29	9217	30	8615	31	7538	32	6468	33	5237	34	3836	35	2778	36	1995	37	1236	38	790	39	477	40	292	41	159	42	89	43	52	44	24	45	14	46	6	47	4	49	1
982	6	2	7	1	8	4	9	18	10	36	11	67	12	121	13	193	14	261	15	308	16	333	17	334	18	407	19	551	20	766	21	1214	22	1846	23	2900	24	4100	25	5548	26	6820	27	8309	28	9005	29	9323	30	9154	31	8570	32	7519	33	6321	34	4862	35	3720	36	2653	37	1837	38	1172	39	744	40	412	41	245	42	148	43	91	44	38	45	20	46	17	47	6	48	3	49	1
983	11	2	12	4	13	12	14	24	15	42	16	84	17	144	18	270	19	440	20	762	21	1204	22	1842	23	2728	24	3774	25	4987	26	6439	27	7629	28	8392	29	9178	30	9245	31	8634	32	7998	33	6847	34	5549	35	4330	36	3181	37	2268	38	1524	39	981	40	628	41	377	42	234	43	130	44	59	45	32	46	13	47	7	48	3	49	3
984	2	2	3	3	4	3	5	6	6	7	7	11	8	30	9	29	10	36	11	66	12	112	13	178	14	206	15	258	16	298	17	343	18	389	19	508	20	648	21	1009	22	1416	23	2043	24	3051	25	4034	26	5262	27	6669	28	7612	29	8516	30	8973	31	8936	32	8413	33	7484	34	6401	35	4970	36	3829	37	2825	38	2051	39	1351	40	883	41	482	42	297	43	164	44	88	45	56	46	24	47	15	48	4	49	4	50	2	51	1	52	1	53	1
985	9	1	13	1	14	2	15	8	16	22	17	44	18	90	19	167	20	258	21	518	22	796	23	1367	24	2043	25	3149	26	4171	27	5457	28	6786	29	7792	30	8796	31	9194	32	9351	33	8491	34	7473	35	6521	36	5198	37	3916	38	2965	39	1996	40	1351	41	827	42	534	43	318	44	173	45	103	46	73	47	27	48	10	49	4	50	5	51	2
986	6	2	7	1	8	6	9	7	10	22	11	53	12	65	13	102	14	166	15	198	16	262	17	302	18	286	19	281	20	359	21	399	22	581	23	969	24	1518	25	2113	26	3230	27	4586	28	5813	29	6996	30	8238	31	8873	32	8945	33	8966	34	8093	35	7031	36	5975	37	4766	38	3570	39	2484	40	1749	41	1204	42	787	43	445	44	255	45	132	46	91	47	41	48	20	49	15	50	2	51	1
987	13	3	14	6	15	6	16	33	17	40	18	87	19	115	20	226	21	338	22	578	23	897	24	1389	25	2098	26	2827	27	3799	28	4948	29	6271	30	7375	31	8305	32	8877	33	8920	34	8418	35	7801	36	6669	37	5535	38	4387	39	3427	40	2319	41	1586	42	1078	43	654	44	420	45	257	46	130	47	87	48	47	49	24	50	14	51	5	52	2	53	1	54	1
988	3	1	5	2	6	2	7	7	8	10	9	13	10	28	11	33	12	47	13	81	14	106	15	147	16	186	17	260	18	313	19	334	20	358	21	426	22	489	23	684	24	940	25	1394	26	2092	27	2803	28	3768	29	5158	30	5996	31	7344	32	8126	33	8677	34	8630	35	8504	36	7485	37	6549	38	5347	39	4160	40	3053	41	2265	42	1571	43	1095	44	628	45	378	46	212	47	139	48	80	49	37	50	22	51	10	52	5	53	3	54	2
989	13	2	14	1	15	1	16	11	17	16	18	40	19	62	20	95	21	174	22	293	23	484	24	727	25	1183	26	1645	27	2391	28	3293	29	4465	30	5574	31	6711	32	7738	33	8500	34	8648	35	8607	36	8115	37	7301	38	6118	39	5045	40	4006	41	3011	42	2082	43	1383	44	912	45	572	46	364	47	199	48	105	49	60	50	31	51	17	52	7	53	5	54	5	55	1
990	9	3	10	2	11	29	12	23	13	51	14	84	15	133	16	172	17	217	18	227	19	317	20	275	21	241	22	250	23	308	24	418	25	546	26	954	27	1588	28	2237	29	3240	30	4366	31	5691	32	6807	33	7811	34	8629	35	8936	36	8520	37	7973	38	7114	39	6042	40	4916	41	3730	42	2710	43	1928	44	1325	45	897	46	559	47	310	48	192	49	115	50	47	51	34	52	14	53	9	54	5	55	3	56	2
991	14	1	15	1	16	3	17	6	18	11	19	28	20	46	21	92	22	151	23	251	24	352	25	554	26	888	27	1268	28	1799	29	2579	30	3460	31	4586	32	5909	33	6750	34	7896	35	8626	36	8656	37	8378	38	8060	39	6903	40	5962	41	4988	42	3672	43	2729	44	1884	45	1337	46	889	47	530	48	319	49	194	50	108	51	66	52	35	53	19	54	7	55	3	56	4
992	2	1	3	1	5	2	6	3	7	5	8	6	9	20	10	24	11	23	12	29	13	39	14	58	15	79	16	113	17	196	18	216	19	258	20	295	21	301	22	315	23	343	24	435	25	536	26	709	27	1000	28	1409	29	2059	30	2708	31	3717	32	4703	33	5801	34	6837	35	7587	36	8150	37	8432	38	8020	39	7472	40	6708	41	5616	42	4587	43	3494	44	2582	45	1866	46	1256	47	812	48	489	49	306	50	160	51	110	52	48	53	33	54	19	55	5	56	3	57	1	58	2	60	1
993	15	3	17	4	18	6	19	12	20	28	21	43	22	73	23	125	24	236	25	324	26	473	27	807	28	1098	29	1644	30	2203	31	3034	32	3975	33	5112	34	6088	35	7110	36	7859	37	8263	38	8466	39	8146	40	7499	41	6598	42	5500	43	4560	44	3354	45	2480	46	1740	47	1229	48	805	49	430	50	302	51	167	52	96	53	47	54	34	55	11	56	7	57	7	58	1	59	1
994	9	1	10	3	11	5	12	11	13	20	14	29	15	63	16	104	17	138	18	181	19	223	20	264	21	267	22	255	23	229	24	247	25	194	26	250	27	352	28	546	29	845	30	1346	31	1995	32	2929	33	3920	34	4815	35	6061	36	7127	37	8030	38	8416	39	8500	40	8108	41	7496	42	6610	43	5491	44	4487	45	3208	46	2418	47	1709	48	1220	49	765	50	495	51	262	52	163	53	95	54	52	55	27	56	13	57	8	58	4	60	3
995	17	2	18	9	19	8	20	17	21	31	22	46	23	78	24	158	25	209	26	316	27	456	28	651	29	961	30	1307	31	1788	32	2480	33	3261	34	4114	35	5232	36	6058	37	7150	38	7734	39	8108	40	8174	41	7978	42	7346	43	6442	44	5339	45	4229	46	3296	47	2387	48	1699	49	1179	50	738	51	434	52	267	53	144	54	76	55	58	56	22	57	13	58	2	59	2	61	1
996	6	1	7	2	8	4	9	8	10	8	11	12	12	21	13	18	14	31	15	37	16	55	17	82	18	138	19	214	20	218	21	254	22	264	23	246	24	298	25	263	26	298	27	334	28	441	29	637	30	894	31	1261	32	1713	33	2415	34	3166	35	4087	36	5185	37	6088	38	6850	39	7593	40	8200	41	8086	42	7866	43	7027	44	6284	45	5237	46	4200	47	3148	48	2317	49	1631	50	1106	51	714	52	456	53	263	54	151	55	79	56	49	57	30	58	8	59	6	60	3	61	1	62	1	66	1
997	19	2	20	5	21	9	22	18	23	40	24	51	25	86	26	145	27	204	28	310	29	461	30	675	31	966	32	1346	33	1875	34	2555	35	3429	36	4148	37	5303	38	6359	39	7141	40	7945	41	8242	42	8144	43	7837	44	7121	45	6117	46	5242	47	4177	48	3191	49	2334	50	1620	51	1099	52	745	53	433	54	266	55	173	56	97	57	45	58	21	59	14	60	4	61	3	62	1	63	1
998	11	5	12	5	13	9	14	22	15	42	16	57	17	72	18	107	19	145	20	203	21	227	22	222	23	243	24	246	25	198	26	173	27	185	28	206	29	256	30	347	31	559	32	836	33	1258	34	1759	35	2449	36	3257	37	4288	38	5453	39	6264	40	7145	41	7982	42	8310	43	7977	44	7693	45	6978	46	6186	47	4972	48	4044	49	2980	50	2255	51	1608	52	1045	53	679	54	441	55	273	56	171	57	85	58	33	59	22	60	14	61	5	62	4	63	2	64	2	65	1
999	17	2	19	1	20	2	21	9	22	22	23	36	24	50	25	76	26	117	27	155	28	221	29	337	30	471	31	643	32	860	33	1184	34	1511	35	2068	36	2771	37	3554	38	4535	39	5393	40	6332	41	7115	42	7763	43	7991	44	7898	45	7596	46	6942	47	6019	48	4920	49	4000	50	2991	51	2188	52	1493	53	1006	54	698	55	437	56	264	57	161	58	72	59	59	60	15	61	8	62	7	63	4	64	2	66	1
1000	4	2	5	2	6	2	7	3	8	3	9	14	10	11	11	16	12	20	13	26	14	20	15	25	16	35	17	57	18	73	19	105	20	140	21	194	22	220	23	255	24	263	25	265	26	248	27	253	28	255	29	301	30	359	31	469	32	626	33	875	34	1095	35	1490	36	1972	37	2675	38	3561	39	4300	40	5304	41	6270	42	6954	43	7396	44	7756	45	7879	46	7406	47	6840	48	5809	49	4897	50	3893	51	2932	52	2201	53	1532	54	1058	55	644	56	421	57	265	58	148	59	68	60	48	61	31	62	8	63	4	64	2	65	4
