1	1	100000
2	1	100000
3	1	100000
4	1	100000
5	1	100000
6	1	100000
7	1	100000
8	1	100000
9	1	100000
10	1	100000
11	1	100000
12	1	100000
13	1	100000
14	1	100000
15	1	100000
16	1	100000
17	1	100000
18	1	100000
19	1	100000
20	1	100000
21	1	100000
22	1	100000
23	1	100000
24	1	100000
25	1	100000
26	1	100000
27	1	100000
28	1	100000
29	1	100000
30	1	100000
31	1	100000
32	1	100000
33	1	100000
34	1	100000
35	1	100000
36	1	100000
37	1	100000
38	1	100000
39	1	100000
40	1	100000
41	1	100000
42	1	100000
43	1	100000
44	1	100000
45	1	100000
46	1	100000
47	1	100000
48	1	100000
49	1	100000
50	1	100000
51	1	100000
52	1	100000
53	1	100000
54	1	100000
55	1	100000
56	1	100000
57	1	100000
58	1	100000
59	1	100000
60	1	100000
61	1	100000
62	1	100000
63	1	100000
64	1	100000
65	1	100000
66	1	100000
67	1	100000
68	1	100000
69	1	100000
70	1	100000
71	1	100000
72	1	100000
73	1	100000
74	1	100000
75	1	100000
76	1	100000
77	1	100000
78	1	100000
79	1	100000
80	1	100000
81	1	100000
82	1	100000
83	1	100000
84	1	100000
85	1	100000
86	1	100000
87	1	100000
88	1	100000
89	1	100000
90	1	100000
91	1	100000
92	1	100000
93	1	100000
94	1	100000
95	1	100000
96	1	100000
97	1	100000
98	1	100000
99	1	100000
100	1	100000
101	1	100000
102	1	100000
103	1	100000
104	1	100000
105	1	100000
106	1	100000
107	1	100000
108	1	100000
109	1	100000
110	1	100000
111	1	100000
112	1	100000
113	1	100000
114	1	100000
115	1	100000
116	1	100000
117	1	100000
118	1	100000
119	1	100000
120	1	100000
121	1	100000
122	1	100000
123	1	100000
124	1	100000
125	1	100000
126	1	100000
127	1	100000
128	1	100000
129	1	100000
130	1	100000
131	1	100000
132	1	100000
133	1	100000
134	1	100000
135	1	100000
136	1	100000
137	1	100000
138	1	100000
139	1	100000
140	1	100000
141	1	100000
142	1	100000
143	1	100000
144	1	100000
145	1	100000
146	1	100000
147	1	100000
148	1	100000
149	1	100000
150	1	100000
151	1	100000
152	1	100000
153	1	100000
154	1	100000
155	1	100000
156	1	100000
157	1	100000
158	1	100000
159	1	100000
160	1	100000
161	1	100000
162	1	100000
163	1	100000
164	1	100000
165	1	100000
166	1	100000
167	1	100000
168	1	100000
169	1	100000
170	1	100000
171	1	100000
172	1	100000
173	1	100000
174	1	100000
175	1	100000
176	1	100000
177	1	100000
178	1	100000
179	1	100000
180	1	100000
181	1	100000
182	1	100000
183	1	100000
184	1	100000
185	1	100000
186	1	100000
187	1	100000
188	1	100000
189	1	100000
190	1	100000
191	1	100000
192	1	100000
193	1	100000
194	1	100000
195	1	100000
196	1	100000
197	1	100000
198	1	100000
199	1	100000
200	1	100000
201	1	100000
202	1	100000
203	1	100000
204	1	100000
205	1	100000
206	1	100000
207	1	100000
208	1	100000
209	1	100000
210	1	100000
211	1	100000
212	1	100000
213	1	100000
214	1	100000
215	1	100000
216	1	100000
217	1	100000
218	1	100000
219	1	100000
220	1	100000
221	1	100000
222	1	100000
223	1	100000
224	1	100000
225	1	100000
226	1	100000
227	1	100000
228	1	100000
229	1	100000
230	1	100000
231	1	100000
232	1	100000
233	1	100000
234	1	100000
235	1	100000
236	1	100000
237	1	100000
238	1	100000
239	1	100000
240	1	100000
241	1	100000
242	1	100000
243	1	100000
244	1	100000
245	1	100000
246	1	100000
247	1	100000
248	1	100000
249	1	100000
250	1	100000
251	1	100000
252	1	100000
253	1	100000
254	1	100000
255	1	100000
256	1	100000
257	1	100000
258	1	100000
259	1	100000
260	1	100000
261	1	100000
262	1	100000
263	1	100000
264	1	100000
265	1	100000
266	1	100000
267	1	100000
268	1	100000
269	1	100000
270	1	100000
271	1	100000
272	1	100000
273	1	100000
274	1	100000
275	1	100000
276	1	100000
277	1	100000
278	1	100000
279	1	100000
280	1	100000
281	1	100000
282	1	100000
283	1	100000
284	1	100000
285	1	100000
286	1	100000
287	1	100000
288	1	100000
289	1	100000
290	1	100000
291	1	100000
292	1	100000
293	1	100000
294	1	100000
295	1	100000
296	1	100000
297	1	100000
298	1	100000
299	1	100000
300	1	100000
301	1	100000
302	1	100000
303	1	100000
304	1	100000
305	1	100000
306	1	100000
307	1	100000
308	1	100000
309	1	100000
310	1	100000
311	1	100000
312	1	100000
313	1	100000
314	1	100000
315	1	100000
316	1	100000
317	1	100000
318	1	100000
319	1	100000
320	1	100000
321	1	100000
322	1	100000
323	1	100000
324	1	100000
325	1	100000
326	1	100000
327	1	100000
328	1	100000
329	1	100000
330	1	100000
331	1	100000
332	1	100000
333	1	100000
334	1	100000
335	1	100000
336	1	100000
337	1	100000
338	1	100000
339	1	100000
340	1	100000
341	1	100000
342	1	100000
343	1	100000
344	1	100000
345	1	100000
346	1	100000
347	1	100000
348	1	100000
349	1	100000
350	1	99999	2	1
351	1	100000
352	1	100000
353	1	100000
354	1	100000
355	1	100000
356	1	100000
357	1	100000
358	1	100000
359	1	100000
360	1	99999	2	1
361	1	100000
362	1	100000
363	1	100000
364	1	100000
365	1	100000
366	1	100000
367	1	100000
368	1	100000
369	1	100000
370	1	99999	2	1
371	1	100000
372	1	100000
373	1	100000
374	1	100000
375	1	100000
376	1	100000
377	1	100000
378	1	100000
379	1	100000
380	1	100000
381	1	100000
382	1	100000
383	1	100000
384	1	100000
385	1	100000
386	1	100000
387	1	100000
388	1	100000
389	1	100000
390	1	100000
391	1	100000
392	1	100000
393	1	100000
394	1	100000
395	1	100000
396	1	100000
397	1	100000
398	1	100000
399	1	100000
400	1	100000
401	1	100000
402	1	100000
403	1	100000
404	1	100000
405	1	100000
406	1	100000
407	1	100000
408	1	100000
409	1	100000
410	1	100000
411	1	100000
412	1	100000
413	1	100000
414	1	100000
415	1	100000
416	1	100000
417	1	100000
418	1	100000
419	1	100000
420	1	100000
421	1	100000
422	1	100000
423	1	100000
424	1	100000
425	1	100000
426	1	100000
427	1	100000
428	1	100000
429	1	100000
430	1	100000
431	1	100000
432	1	100000
433	1	100000
434	1	100000
435	1	100000
436	1	100000
437	1	100000
438	1	100000
439	1	100000
440	1	100000
441	1	99999	2	1
442	1	99999	2	1
443	1	100000
444	1	100000
445	1	100000
446	1	100000
447	1	100000
448	1	100000
449	1	100000
450	1	100000
451	1	100000
452	1	99999	2	1
453	1	100000
454	1	100000
455	1	99999	2	1
456	1	100000
457	1	100000
458	1	100000
459	1	100000
460	1	100000
461	1	100000
462	1	100000
463	1	100000
464	1	100000
465	1	100000
466	1	100000
467	1	99999	2	1
468	1	99999	2	1
469	1	100000
470	1	99999	2	1
471	1	100000
472	1	100000
473	1	100000
474	1	100000
475	1	100000
476	1	99998	2	2
477	1	100000
478	1	100000
479	1	100000
480	1	100000
481	1	99999	2	1
482	1	99998	2	2
483	1	100000
484	1	100000
485	1	100000
486	1	100000
487	1	100000
488	1	99999	2	1
489	1	100000
490	1	100000
491	1	100000
492	1	99999	2	1
493	1	99999	2	1
494	1	99999	2	1
495	1	99999	2	1
496	1	99999	2	1
497	1	99995	2	5
498	1	99999	2	1
499	1	100000
500	1	99999	2	1
501	1	8180	2	91819	3	1
502	1	15681	2	84315	3	4
503	1	22551	2	77447	3	2
504	1	29077	2	70920	3	3
505	1	35002	2	64997	3	1
506	1	40259	2	59740	3	1
507	1	44978	2	55022
508	1	49734	2	50266
509	1	53774	2	46223	3	1	4	2
510	1	57618	2	42379	3	1	4	2
511	1	61212	2	38786	3	2
512	1	64482	2	35517	3	1
513	1	67351	2	32648	3	1
514	1	70068	2	29932
515	1	72630	2	27369	4	1
516	1	74451	2	25549
517	1	76584	2	23414	4	2
518	1	78620	2	21378	3	2
519	1	80484	2	19516
520	1	81960	2	18039	3	1
521	1	83739	2	16261
522	1	84762	2	15237	3	1
523	1	86199	2	13801
524	1	87321	2	12679
525	1	88258	2	11742
526	1	89378	2	10619	3	3
527	1	90086	2	9912	3	2
528	1	90994	2	9006
529	1	91725	2	8274	3	1
530	1	92422	2	7577	3	1
531	1	93137	2	6862	3	1
532	1	93609	2	6390	4	1
533	1	93999	2	6001
534	1	94652	2	5348
535	1	94998	2	4999	3	2	4	1
536	1	95470	2	4530
537	1	95879	2	4121
538	1	96268	2	3731	3	1
539	1	96517	2	3481	3	2
540	1	96846	2	3153	3	1
541	1	96996	2	3004
542	1	97335	2	2665
543	1	97529	2	2471
544	1	97712	2	2287	3	1
545	1	97803	2	2196	3	1
546	1	98107	2	1892	3	1
547	1	98234	2	1765	3	1
548	1	98411	2	1586	3	3
549	1	98470	2	1530
550	1	98739	2	1261
551	1	98729	2	1268	3	3
552	1	98923	2	1077
553	1	98952	2	1048
554	1	99027	2	973
555	1	99120	2	877	3	3
556	1	99210	2	790
557	1	99295	2	705
558	1	99329	2	669	3	2
559	1	99382	2	617	3	1
560	1	99416	2	582	3	2
561	1	99465	2	533	3	2
562	1	99534	2	466
563	1	99535	2	464	3	1
564	1	99585	2	412	3	3
565	1	99656	2	342	3	2
566	1	99626	2	374
567	1	99685	2	315
568	1	99679	2	321
569	1	99731	2	268	3	1
570	1	99744	2	255	3	1
571	1	99770	2	228	3	2
572	1	99795	2	204	3	1
573	1	99794	2	206
574	1	99817	2	183
575	1	99839	2	161
576	1	99837	2	163
577	1	99836	2	163	3	1
578	1	99878	2	122
579	1	99873	2	127
580	1	99888	2	110	3	2
581	1	99882	2	118
582	1	99886	2	111	3	3
583	1	99896	2	103	3	1
584	1	99907	2	93
585	1	99915	2	85
586	1	99909	2	90	3	1
587	1	99924	2	76
588	1	99940	2	60
589	1	99939	2	61
590	1	99929	2	70	3	1
591	1	99915	2	84	3	1
592	1	99931	2	69
593	1	99950	2	50
594	1	99941	2	58	3	1
595	1	99933	2	67
596	1	99918	2	81	3	1
597	1	99934	2	65	3	1
598	1	99924	2	75	3	1
599	1	99945	2	53	3	2
600	1	99944	2	55	3	1
601	1	99942	2	58
602	1	99922	2	77	3	1
603	1	99926	2	74
604	1	99912	2	87	3	1
605	1	99934	2	66
606	1	99935	2	65
607	1	99928	2	69	3	3
608	1	99920	2	80
609	1	99927	2	72	3	1
610	1	99933	2	66	3	1
611	1	99904	2	95	3	1
612	1	99901	2	99
613	1	99921	2	78	3	1
614	1	99905	2	94	3	1
615	1	99899	2	99	3	2
616	1	99909	2	90	3	1
617	1	99919	2	81
618	1	99906	2	90	3	4
619	1	99899	2	98	3	3
620	1	99913	2	86	3	1
621	1	99885	2	110	3	5
622	1	99885	2	114	3	1
623	1	99893	2	105	3	2
624	1	99875	2	119	3	6
625	1	99895	2	105
626	1	99869	2	128	3	3
627	1	99867	2	132	3	1
628	1	99828	2	171	3	1
629	1	99856	2	141	3	3
630	1	99851	2	148	3	1
631	1	99836	2	162	3	2
632	1	99825	2	174	3	1
633	1	99846	2	153	3	1
634	1	99842	2	157	3	1
635	1	99828	2	170	3	2
636	1	99827	2	172	3	1
637	1	99791	2	208	3	1
638	1	99798	2	202
639	1	99765	2	235
640	1	99770	2	229	3	1
641	1	99786	2	213	3	1
642	1	99763	2	236	3	1
643	1	99759	2	241
644	1	99736	2	263	3	1
645	1	99739	2	260	3	1
646	1	99753	2	247
647	1	99696	2	304
648	1	99650	2	349	3	1
649	1	99714	2	285	3	1
650	1	99673	2	325	3	2
651	1	99674	2	326
652	1	99635	2	362	3	3
653	1	99627	2	373
654	1	99605	2	395
655	1	99573	2	427
656	1	99553	2	446	3	1
657	1	99524	2	473	3	3
658	1	99534	2	465	3	1
659	1	99488	2	509	3	3
660	1	99429	2	570	3	1
661	1	99437	2	558	3	5
662	1	99436	2	563	3	1
663	1	99381	2	617	3	2
664	1	99281	2	714	3	5
665	1	99273	2	725	3	2
666	1	99140	2	854	3	6
667	1	99638	2	362
668	1	99412	2	585	3	3
669	1	99484	2	514	3	2
670	1	99515	2	480	3	5
671	1	99497	2	502	3	1
672	1	99292	2	702	3	5	4	1
673	1	99370	2	630
674	1	99352	2	647	3	1
675	1	99330	2	667	3	3
676	1	99073	2	921	3	6
677	1	99289	2	706	3	5
678	1	99341	2	657	3	2
679	1	99253	2	744	3	3
680	1	99018	2	979	3	3
681	1	99252	2	742	3	6
682	1	99206	2	793	3	1
683	1	99115	2	883	3	2
684	1	98943	2	1053	3	4
685	1	99046	2	949	3	5
686	1	99066	2	929	3	5
687	1	99099	2	891	3	10
688	1	98772	2	1220	3	8
689	1	98905	2	1088	3	7
690	1	98835	2	1155	3	10
691	1	98815	2	1177	3	8
692	1	98656	2	1338	3	6
693	1	98779	2	1213	3	8
694	1	98795	2	1191	3	14
695	1	98632	2	1356	3	12
696	1	98486	2	1505	3	9
697	1	98556	2	1437	3	7
698	1	98594	2	1396	3	10
699	1	98599	2	1385	3	15	4	1
700	1	98249	2	1730	3	20	4	1
701	1	98433	2	1550	3	17
702	1	98400	2	1584	3	16
703	1	98401	2	1585	3	14
704	1	97895	2	2083	3	22
705	1	98155	2	1829	3	16
706	1	98339	2	1640	3	21
707	1	98129	2	1848	3	23
708	1	97819	2	2160	3	21
709	1	98019	2	1955	3	26
710	1	97924	2	2055	3	21
711	1	97901	2	2078	3	21
712	1	97614	2	2357	3	29
713	1	97690	2	2282	3	27	4	1
714	1	97699	2	2271	3	30
715	1	97424	2	2539	3	37
716	1	97173	2	2782	3	45
717	1	97452	2	2518	3	30
718	1	97300	2	2657	3	40	4	3
719	1	97214	2	2736	3	49	4	1
720	1	96534	2	3410	3	55	4	1
721	1	97067	2	2890	3	42	4	1
722	1	97082	2	2880	3	38
723	1	96739	2	3204	3	56	4	1
724	1	96556	2	3387	3	55	4	2
725	1	96481	2	3457	3	62
726	1	96371	2	3579	3	50
727	1	96210	2	3709	3	81
728	1	96580	2	3344	3	74	4	2
729	1	96434	2	3506	3	59	4	1
730	1	96394	2	3537	3	69
731	1	96146	2	3784	3	66	4	4
732	1	95770	2	4154	3	76
733	1	96093	2	3842	3	63	4	2
734	1	95760	2	4144	3	93	4	3
735	1	95522	2	4383	3	94	4	1
736	1	94944	2	4926	3	128	4	2
737	1	95519	2	4375	3	105	4	1
738	1	95227	2	4658	3	113	4	2
739	1	95099	2	4789	3	111	4	1
740	1	94489	2	5368	3	143
741	1	94817	2	5047	3	135	4	1
742	1	94491	2	5373	3	134	4	2
743	1	94699	2	5159	3	138	4	4
744	1	94240	2	5585	3	173	4	2
745	1	94000	2	5808	3	185	4	7
746	1	93868	2	5962	3	170
747	1	93882	2	5955	3	160	4	3
748	1	93188	2	6579	3	226	4	7
749	1	93444	2	6330	3	220	4	6
750	1	93144	2	6625	3	224	4	7
751	1	90979	2	8652	3	360	4	9
752	1	90721	2	8863	3	407	4	9
753	1	90803	2	8780	3	406	4	11
754	1	90717	2	8842	3	425	4	16
755	1	90346	2	9196	3	445	4	13
756	1	90273	2	9245	3	467	4	15
757	1	90685	2	8891	3	413	4	11
758	1	89890	2	9583	3	514	4	13
759	1	89663	2	9788	3	529	4	20
760	1	89474	2	9974	3	528	4	24
761	1	89536	2	9899	3	545	4	20
762	1	89374	2	10031	3	574	4	20	5	1
763	1	89011	2	10338	3	619	4	32
764	1	88702	2	10647	3	622	4	27	5	2
765	1	88837	2	10501	3	637	4	25
766	1	88088	2	11139	3	737	4	35	5	1
767	1	87871	2	11370	3	723	4	35	5	1
768	1	86919	2	12158	3	884	4	39
769	1	86772	2	12273	3	911	4	44
770	1	87577	2	11626	3	762	4	34	5	1
771	1	87049	2	12044	3	870	4	36	5	1
772	1	86785	2	12334	3	833	4	46	5	2
773	1	86429	2	12504	3	1006	4	60	5	1
774	1	85530	2	13346	3	1058	4	64	5	2
775	1	85298	2	13537	3	1092	4	71	5	2
776	1	85155	2	13660	3	1119	4	62	5	4
777	1	84646	2	14057	3	1219	4	77	5	1
778	1	84763	2	14010	3	1169	4	55	5	3
779	1	84235	2	14441	3	1240	4	82	5	2
780	1	83157	2	15284	3	1457	4	97	5	4	6	1
781	1	83308	2	15208	3	1394	4	87	5	3
782	1	82188	2	16085	3	1627	4	93	5	7
783	1	82697	2	15705	3	1490	4	106	5	2
784	1	81114	2	16915	3	1868	4	93	5	10
785	1	81402	2	16788	3	1686	4	119	5	5
786	1	80304	2	17581	3	1960	4	147	5	8
787	1	80759	2	17303	3	1808	4	124	5	6
788	1	79693	2	18069	3	2088	4	145	5	5
789	1	79600	2	18171	3	2057	4	160	5	12
790	1	78523	2	18869	3	2417	4	179	5	12
791	1	78156	2	19187	3	2415	4	228	5	13	6	1
792	1	77024	2	20172	3	2547	4	241	5	16
793	1	77178	2	19956	3	2608	4	240	5	15	6	3
794	1	75369	2	21203	3	3095	4	307	5	22	6	4
795	1	75912	2	20964	3	2844	4	256	5	24
796	1	74654	2	21948	3	3058	4	322	5	16	6	2
797	1	73926	2	22307	3	3396	4	339	5	30	6	2
798	1	72592	2	23233	3	3760	4	374	5	38	6	3
799	1	72613	2	23251	3	3699	4	406	5	31
800	1	73724	2	22379	3	3525	4	348	5	18	6	5	7	1
801	1	74781	2	21512	3	3339	4	339	5	28	6	1
802	1	74314	2	21943	3	3375	4	338	5	30
803	1	73479	2	22507	3	3618	4	368	5	28
804	1	72767	2	23038	3	3722	4	439	5	30	6	4
805	1	70967	2	24162	3	4290	4	530	5	49	6	2
806	1	70904	2	24238	3	4304	4	501	5	50	6	3
807	1	69322	2	25301	3	4734	4	585	5	57	6	1
808	1	69029	2	25527	3	4794	4	594	5	52	6	4
809	1	68688	2	25764	3	4872	4	618	5	54	6	3	7	1
810	1	67732	2	26249	3	5270	4	673	5	72	6	2	7	1	8	1
811	1	66537	2	27147	3	5472	4	752	5	87	6	5
812	1	66347	2	27256	3	5493	4	810	5	88	6	6
813	1	64398	2	28454	3	6125	4	924	5	93	6	6
814	1	63973	2	28549	3	6382	4	983	5	104	6	9
815	1	63711	2	28842	3	6368	4	967	5	102	6	9	7	1
816	1	62143	2	29576	3	7018	4	1126	5	117	6	17	7	3
817	1	61620	2	29797	3	7218	4	1209	5	143	6	11	7	2
818	1	60657	2	30557	3	7348	4	1271	5	155	6	10	7	1	8	1
819	1	59468	2	30974	3	8053	4	1328	5	159	6	17	7	1
820	1	59253	2	30906	3	8211	4	1419	5	187	6	21	7	3
821	1	58288	2	31554	3	8476	4	1488	5	172	6	21	7	1
822	1	57046	2	32207	3	8871	4	1625	5	223	6	28
823	1	55399	2	32995	3	9472	4	1836	5	268	6	30
824	1	55880	2	32588	3	9454	4	1786	5	261	6	26	7	5
825	1	54345	2	33425	3	9988	4	1925	5	284	6	27	7	6
826	1	54106	2	33338	3	10201	4	2005	5	308	6	38	7	4
827	1	53088	2	33767	3	10529	4	2239	5	332	6	41	7	4
828	1	51788	2	34259	3	11114	4	2382	5	403	6	53	7	1
829	1	50893	2	34637	3	11505	4	2516	5	396	6	50	7	3
830	1	49671	2	35051	3	12036	4	2717	5	455	6	65	7	5
831	1	49047	2	35256	3	12313	4	2848	5	469	6	62	7	5
832	1	47579	2	35850	3	12891	4	3060	5	537	6	71	7	11	8	1
833	1	46869	2	35845	3	13358	4	3300	5	541	6	82	7	4	8	1
834	1	44758	2	36467	3	14348	4	3633	5	671	6	103	7	20
835	1	44086	2	36687	3	14590	4	3835	5	692	6	96	7	12	8	1	9	1
836	1	42481	2	36921	3	15316	4	4249	5	874	6	143	7	15	8	1
837	1	42149	2	36863	3	15680	4	4265	5	886	6	133	7	22	8	2
838	1	41052	2	36875	3	16393	4	4565	5	935	6	158	7	18	8	3	9	1
839	1	40566	2	37413	3	16238	4	4594	5	1011	6	156	7	17	8	5
840	1	39063	2	37252	3	17167	4	5127	5	1146	6	198	7	40	8	6	9	1
841	1	38739	2	37251	3	17484	4	5134	5	1135	6	217	7	37	8	3
842	1	35717	2	37508	3	18842	4	6181	5	1427	6	276	7	40	8	7	9	2
843	1	36748	2	37579	3	18243	4	5756	5	1369	6	254	7	39	8	12
844	1	36029	2	37234	3	18782	4	6163	5	1448	6	295	7	41	8	7	9	1
845	1	34684	2	37148	3	19558	4	6598	5	1635	6	317	7	52	8	7	9	1
846	1	33417	2	37354	3	20041	4	6998	5	1771	6	352	7	49	8	17	9	1
847	1	32711	2	37348	3	20312	4	7249	5	1888	6	407	7	78	8	6	9	1
848	1	30757	2	37078	3	21404	4	8042	5	2149	6	473	7	84	8	12	9	1
849	1	30264	2	36854	3	21799	4	8205	5	2276	6	494	7	93	8	13	9	2
850	1	29805	2	36684	3	21910	4	8518	5	2437	6	519	7	107	8	17	9	3
851	1	27883	2	36421	3	22934	4	9219	5	2750	6	633	7	130	8	26	9	3	10	1
852	1	26716	2	36093	3	23394	4	9968	5	3005	6	661	7	140	8	22	9	1
853	1	26465	2	36170	3	23289	4	9953	5	3153	6	777	7	167	8	22	9	2	10	2
854	1	25234	2	35393	3	24109	4	10631	5	3559	6	867	7	160	8	40	9	7
855	1	23614	2	34803	3	25004	4	11615	5	3708	6	1000	7	211	8	34	9	8	10	2	11	1
856	1	22426	2	34255	3	25432	4	12099	5	4286	6	1176	7	266	8	51	9	7	10	2
857	1	21544	2	33960	3	25535	4	12805	5	4465	6	1313	7	308	8	56	9	13	10	1
858	1	26209	2	34453	3	23985	4	10608	5	3590	6	927	7	189	8	30	9	6	10	3
859	1	23670	2	33699	3	24607	4	12158	5	4340	6	1187	7	262	8	61	9	14	10	2
860	1	23024	2	33305	3	25132	4	12303	5	4503	6	1323	7	332	8	62	9	12	10	3	11	1
861	1	21607	2	32839	3	25613	4	13087	5	4947	6	1444	7	388	8	62	9	6	10	7
862	1	20702	2	31988	3	25950	4	13812	5	5403	6	1677	7	376	8	69	9	21	10	2
863	1	18784	2	31466	3	26598	4	14651	5	5920	6	1971	7	479	8	104	9	24	10	3
864	1	18767	2	31646	3	26210	4	14609	5	6004	6	2028	7	580	8	129	9	21	10	6
865	1	17553	2	30830	3	26981	4	15308	5	6453	6	2178	7	523	8	147	9	24	10	3
866	1	16514	2	29580	3	27058	4	16269	5	7236	6	2477	7	678	8	153	9	31	10	4
867	1	15892	2	29127	3	27192	4	16648	5	7557	6	2637	7	708	8	187	9	42	10	8	11	1	12	1
868	1	14895	2	28498	3	27307	4	17236	5	8087	6	2880	7	847	8	192	9	46	10	10	11	2
869	1	13995	2	27925	3	27375	4	17776	5	8481	6	3160	7	948	8	260	9	67	10	13
870	1	14032	2	27494	3	27271	4	17997	5	8575	6	3295	7	1020	8	233	9	69	10	12	11	2
871	1	12694	2	26746	3	27533	4	18701	5	9231	6	3572	7	1150	8	304	9	53	10	13	11	3
872	1	12080	2	25720	3	27403	4	19172	5	9974	6	3932	7	1251	8	361	9	80	10	22	11	5
873	1	11396	2	25304	3	27568	4	19734	5	10059	6	4198	7	1271	8	357	9	80	10	23	11	8	12	2
874	1	10773	2	24515	3	26994	4	19953	5	10886	6	4682	7	1574	8	472	9	125	10	24	11	2
875	1	10114	2	23564	3	27246	4	20447	5	11387	6	4810	7	1725	8	524	9	144	10	28	11	7	12	2	13	1	16	1
876	1	9049	2	22325	3	26884	4	21053	5	12196	6	5492	7	2097	8	693	9	159	10	44	11	6	12	1	13	1
877	1	8149	2	21086	3	26233	4	22017	5	13096	6	6118	7	2287	8	736	9	212	10	54	11	9	12	2	14	1
878	1	7507	2	19816	3	26064	4	22036	5	13849	6	6754	7	2715	8	928	9	248	10	65	11	15	12	3
879	1	7467	2	19659	3	25753	4	22176	5	13820	6	7014	7	2795	8	941	9	269	10	82	11	18	12	5	13	1
880	1	6844	2	18490	3	25427	4	22409	5	14832	6	7341	7	3104	8	1089	9	341	10	91	11	25	12	7
881	1	6332	2	18128	3	24916	4	22806	5	15045	6	7829	7	3364	8	1102	9	344	10	106	11	19	12	9
882	1	6451	2	17931	3	24531	4	22538	5	15162	6	7899	7	3633	8	1282	9	429	10	108	11	22	12	12	13	1	14	1
883	1	5523	2	16490	3	24438	4	22949	5	15853	6	8683	7	3960	8	1455	9	449	10	146	11	42	12	10	13	2
884	1	5185	2	15553	3	23596	4	23076	5	16482	6	9209	7	4432	8	1678	9	578	10	156	11	39	12	13	13	3
885	1	4687	2	14753	3	22896	4	23196	5	17064	6	9836	7	4806	8	1843	9	640	10	214	11	52	12	10	13	3
886	1	4535	2	14270	3	22427	4	23044	5	17276	6	10408	7	4925	8	2092	9	697	10	244	11	59	12	19	13	2	14	2
887	1	3897	2	13473	3	21647	4	22846	5	18121	6	11171	7	5404	8	2278	9	834	10	237	11	70	12	15	13	5	14	1	16	1
888	1	3580	2	12198	3	20432	4	23027	5	18570	6	11928	7	6148	8	2673	9	988	10	328	11	90	12	31	13	5	14	1	15	1
889	1	4179	2	13191	3	21465	4	22604	5	17743	6	11208	7	5834	8	2483	9	883	10	271	11	103	12	32	13	2	14	1	18	1
890	1	3823	2	12423	3	20143	4	22536	5	18535	6	11913	7	6303	8	2813	9	1024	10	347	11	102	12	29	13	5	14	4
891	1	3191	2	11062	3	19184	4	22253	5	19236	6	12764	7	7070	8	3305	9	1259	10	496	11	133	12	38	13	7	14	2
892	1	3307	2	11174	3	19072	4	22201	5	18986	6	12679	7	7205	8	3314	9	1338	10	488	11	167	12	52	13	12	14	3	15	2
893	1	2578	2	9220	3	17405	4	21673	5	19708	6	14133	7	8370	8	4197	9	1759	10	628	11	243	12	63	13	14	14	7	15	1	16	1
894	1	2658	2	9172	3	17261	4	21307	5	19574	6	14407	7	8604	8	4184	9	1828	10	678	11	235	12	68	13	17	14	6	15	1
895	1	2307	2	8379	3	16579	4	20982	5	19977	6	14820	7	9179	8	4530	9	2044	10	816	11	281	12	79	13	16	14	9	15	2
896	1	2014	2	7737	3	15406	4	20143	5	20076	6	15735	7	9864	8	5210	9	2409	10	929	11	321	12	118	13	23	14	10	15	5
897	1	1716	2	7201	3	14652	4	20355	5	20029	6	16092	7	10115	8	5621	9	2536	10	1094	11	411	12	128	13	37	14	11	15	2
898	1	1761	2	7038	3	14358	4	19451	5	20054	6	16089	7	10614	8	5927	9	2764	10	1237	11	478	12	155	13	52	14	13	15	6	16	3
899	1	1336	2	6024	3	13009	4	18800	5	20199	6	16932	7	11631	8	6649	9	3247	10	1354	11	556	12	194	13	48	14	13	15	7	16	1
900	1	1393	2	5967	3	12660	4	18431	5	19899	6	16970	7	11765	8	6833	9	3554	10	1557	11	653	12	213	13	71	14	23	15	7	16	3	18	1
901	1	1044	2	4796	3	11400	4	17736	5	19887	6	17636	7	12737	8	7794	9	4013	10	1791	11	744	12	287	13	94	14	31	15	9	16	1
902	1	927	2	4474	3	10525	4	16635	5	19587	6	17792	7	13444	8	8468	9	4553	10	2146	11	927	12	345	13	119	14	46	15	9	16	2	17	1
903	1	818	2	4072	3	10226	4	16270	5	19408	6	18036	7	13859	8	8705	9	4764	10	2296	11	986	12	378	13	116	14	48	15	15	16	3
904	1	894	2	4069	3	9955	4	15503	5	18995	6	17964	7	13771	8	9146	9	5202	10	2629	11	1155	12	459	13	176	14	61	15	14	16	5	17	1	18	1
905	1	598	2	3376	3	8460	4	14545	5	18465	6	18363	7	14917	8	10166	9	5923	10	3000	11	1359	12	551	13	181	14	61	15	23	16	6	17	5	18	1
906	1	609	2	3106	3	8134	4	14161	5	17806	6	18257	7	15109	8	10601	9	6360	10	3289	11	1573	12	621	13	241	14	98	15	27	16	5	17	2	18	1
907	1	441	2	2666	3	7349	4	13328	5	17570	6	18326	7	15466	8	11291	9	6930	10	3701	11	1759	12	702	13	321	14	100	15	32	16	12	17	3	18	3
908	1	422	2	2286	3	6355	4	11895	5	16569	6	17879	7	16130	8	12286	9	7817	10	4507	11	2216	12	972	13	426	14	149	15	63	16	16	17	10	18	1	19	1
909	1	309	2	1990	3	5797	4	11141	5	16010	6	17897	7	16458	8	12903	9	8416	10	4720	11	2485	12	1141	13	470	14	179	15	53	16	23	17	4	18	2	19	2
910	1	501	2	2461	3	6394	4	11826	5	16163	6	17619	7	16011	8	12312	9	7956	10	4641	11	2317	12	1078	13	447	14	174	15	70	16	23	17	6	18	1
911	1	352	2	1995	3	5805	4	11027	5	15968	6	17830	7	16300	8	12489	9	8594	10	5027	11	2641	12	1221	13	455	14	182	15	80	16	23	17	9	18	2
912	1	321	2	1744	3	5129	4	9976	5	14653	6	17049	7	16374	8	13701	9	9390	10	5834	11	3163	12	1494	13	742	14	290	15	86	16	41	17	11	18	1	19	1
913	1	235	2	1384	3	4363	4	8925	5	13880	6	16969	7	16771	8	14170	9	10045	10	6554	11	3503	12	1801	13	853	14	329	15	145	16	45	17	21	18	3	19	2	20	1	22	1
914	1	271	2	1468	3	4271	4	9102	5	13538	6	16457	7	16540	8	14238	9	10262	10	6741	11	3746	12	1842	13	877	14	387	15	168	16	59	17	24	18	5	19	2	20	2
915	1	177	2	1060	3	3642	4	7836	5	12377	6	16133	7	16889	8	14882	9	11280	10	7406	11	4263	12	2190	13	1122	14	465	15	176	16	66	17	20	18	14	19	1	20	1
916	1	201	2	1193	3	3628	4	7478	5	12083	6	15599	7	16391	8	14793	9	11376	10	7819	11	4774	12	2570	13	1174	14	572	15	213	16	96	17	29	18	6	19	4	20	1
917	1	137	2	821	3	2721	4	6580	5	11129	6	15193	7	16348	8	15385	9	12232	10	8591	11	5278	12	2937	13	1493	14	675	15	314	16	113	17	40	18	7	19	6
918	1	121	2	785	3	2477	4	5890	5	10064	6	14078	7	16046	8	15350	9	12942	10	9381	11	6057	12	3544	13	1793	14	857	15	373	16	158	17	46	18	23	19	13	20	1	22	1
919	1	99	2	607	3	2183	4	5443	5	9756	6	13680	7	15992	8	15828	9	13178	10	9768	11	6273	12	3638	13	1949	14	900	15	423	16	193	17	58	18	19	19	8	20	4	22	1
920	1	101	2	648	3	2212	4	5056	5	8860	6	12920	7	15387	8	15607	9	13710	10	10199	11	6889	12	4257	13	2188	14	1120	15	490	16	223	17	72	18	47	19	9	20	4	24	1
921	1	46	2	410	3	1471	4	4082	5	7895	6	12149	7	15103	8	15865	9	14354	10	11067	11	7734	12	4696	13	2678	14	1377	15	606	16	293	17	108	18	42	19	14	20	10
922	1	58	2	411	3	1527	4	3853	5	7149	6	11155	7	14442	8	15415	9	14447	10	11532	11	8417	12	5427	13	3073	14	1678	15	786	16	379	17	155	18	60	19	19	20	12	21	3	22	1	23	1
923	1	31	2	274	3	1138	4	3243	5	6575	6	10648	7	13841	8	15543	9	14905	10	12162	11	8832	12	5946	13	3437	14	1872	15	845	16	415	17	168	18	76	19	29	20	8	21	10	22	2
924	1	53	2	411	3	1445	4	3626	5	7019	6	10765	7	14053	8	15127	9	14394	10	11960	11	8838	12	5644	13	3269	14	1841	15	885	16	390	17	168	18	67	19	30	20	9	21	4	24	1	26	1
925	1	27	2	199	3	948	4	2738	5	5678	6	9570	7	13015	8	15125	9	14973	10	12876	11	9849	12	6620	13	3977	14	2271	15	1207	16	525	17	254	18	84	19	44	20	14	21	4	22	1	23	1
926	1	39	2	244	3	912	4	2459	5	5056	6	8640	7	12051	8	14451	9	14746	10	13175	11	10503	12	7396	13	4812	14	2742	15	1482	16	746	17	314	18	133	19	59	20	25	21	10	22	2	23	2	24	1
927	1	22	2	172	3	673	4	2038	5	4534	6	8195	7	11760	8	14334	9	14745	10	13721	11	11026	12	7764	13	5097	14	3002	15	1554	16	731	17	377	18	149	19	68	20	23	21	12	22	1	23	2
928	1	31	2	199	3	784	4	2021	5	4195	6	7379	7	10714	8	13359	9	14401	10	13768	11	11627	12	8471	13	5651	14	3580	15	1989	16	984	17	491	18	224	19	82	20	27	21	11	22	9	23	2	24	1
929	1	11	2	89	3	447	4	1444	5	3531	6	6599	7	10137	8	12989	9	14675	10	14109	11	12211	12	9209	13	6282	14	3921	15	2227	16	1163	17	544	18	233	19	108	20	40	21	17	22	7	23	4	24	3
930	1	18	2	127	3	501	4	1451	5	3271	6	6099	7	9393	8	12237	9	14030	10	14068	11	12343	12	9666	13	7008	14	4471	15	2669	16	1387	17	673	18	368	19	122	20	70	21	23	22	2	23	2	24	1
931	1	7	2	59	3	294	4	1040	5	2490	6	5176	7	8531	8	11567	9	13790	10	14377	11	13052	12	10498	13	7548	14	5083	15	3101	16	1735	17	894	18	451	19	192	20	69	21	29	22	9	23	7	24	1
932	1	14	2	92	3	327	4	1026	5	2391	6	4532	7	7673	8	10800	9	13023	10	13802	11	13095	12	11087	13	8464	14	5835	15	3654	16	2075	17	1102	18	541	19	266	20	122	21	46	22	23	23	4	24	3	26	2	28	1
933	1	2	2	33	3	166	4	713	5	1771	6	3935	7	6697	8	10036	9	12870	10	14060	11	13597	12	11643	13	8892	14	6348	15	4140	16	2440	17	1338	18	710	19	377	20	136	21	56	22	25	23	7	24	4	25	3	26	1
934	1	18	2	66	3	311	4	895	5	2057	6	4270	7	6876	8	9997	9	12438	10	13504	11	13492	12	11533	13	8979	14	6350	15	4055	16	2464	17	1401	18	722	19	323	20	140	21	73	22	27	23	6	24	1	25	1	26	1
935	1	3	2	23	3	145	4	502	5	1463	6	3158	7	5763	8	8839	9	11820	10	13254	11	13742	12	12199	13	9923	14	7472	15	5034	16	3090	17	1758	18	941	19	468	20	234	21	101	22	41	23	18	24	3	25	2	26	4
936	1	7	2	70	3	241	4	714	5	1677	6	3295	7	5599	8	8474	9	11366	10	13101	11	13335	12	12221	13	10165	14	7485	15	5107	16	3296	17	1847	18	1026	19	506	20	250	21	130	22	56	23	21	24	3	25	6	26	1	29	1
937	1	1	2	11	3	82	4	345	5	1001	6	2441	7	4727	8	7646	9	10574	10	12683	11	13414	12	12959	13	10847	14	8605	15	5983	16	3809	17	2320	18	1281	19	703	20	289	21	167	22	61	23	36	24	11	25	4
938	2	30	3	164	4	391	5	950	6	2188	7	3998	8	6560	9	9362	10	11688	11	13169	12	12995	13	11495	14	9404	15	6865	16	4545	17	2886	18	1634	19	903	20	418	21	194	22	82	23	55	24	18	25	2	26	3	27	1
939	1	1	2	12	3	39	4	212	5	624	6	1659	7	3456	8	5925	9	8848	10	11430	11	13095	12	13221	13	12001	14	9821	15	7355	16	5074	17	3246	18	1928	19	1017	20	536	21	288	22	129	23	52	24	19	25	6	26	3	27	2	31	1
940	1	8	2	28	3	100	4	308	5	747	6	1622	7	3163	8	5224	9	7859	10	10534	11	12253	12	12681	13	12063	14	10471	15	8160	16	5936	17	3848	18	2280	19	1327	20	738	21	354	22	167	23	79	24	33	25	7	26	6	27	3	28	1
941	2	3	3	24	4	129	5	397	6	1012	7	2224	8	4310	9	6893	10	9727	11	11889	12	12966	13	12760	14	11163	15	9034	16	6565	17	4521	18	2874	19	1648	20	954	21	515	22	224	23	97	24	35	25	22	26	7	27	5	29	1	31	1
942	1	3	2	9	3	75	4	242	5	590	6	1233	7	2327	8	4205	9	6599	10	9475	11	11374	12	12608	13	12655	14	11083	15	9204	16	6728	17	4839	18	3027	19	1736	20	938	21	527	22	284	23	126	24	70	25	25	26	10	27	3	28	4	29	1
943	2	3	3	10	4	87	5	290	6	788	7	1816	8	3434	9	5740	10	8444	11	10861	12	12244	13	12797	14	11685	15	9935	16	7769	17	5481	18	3650	19	2274	20	1315	21	730	22	343	23	157	24	87	25	33	26	18	27	8	28	1
944	1	1	2	17	3	63	4	155	5	440	6	895	7	1813	8	3281	9	5296	10	7588	11	9990	12	11723	13	12277	14	11829	15	10362	16	8125	17	6143	18	4162	19	2608	20	1544	21	790	22	472	23	222	24	123	25	40	26	26	27	12	28	3
945	2	1	3	6	4	48	5	157	6	496	7	1230	8	2558	9	4382	10	6851	11	9224	12	11454	13	12357	14	12304	15	11043	16	8981	17	6898	18	4680	19	3108	20	1945	21	1078	22	629	23	311	24	139	25	61	26	36	27	16	28	4	29	1	30	1	31	1
946	1	1	2	4	3	23	4	92	5	286	6	625	7	1172	8	2339	9	4036	10	6057	11	8368	12	10628	13	11928	14	12017	15	11351	16	9759	17	7456	18	5310	19	3548	20	2213	21	1270	22	769	23	392	24	176	25	99	26	49	27	11	28	12	29	7	30	1	32	1
947	3	3	4	20	5	92	6	320	7	874	8	1780	9	3383	10	5515	11	7933	12	10319	13	11740	14	12216	15	11808	16	10193	17	7988	18	5896	19	4058	20	2509	21	1611	22	859	23	446	24	230	25	107	26	50	27	33	28	11	29	5	30	1
948	1	4	2	9	3	30	4	90	5	250	6	507	7	1002	8	1828	9	3338	10	5144	11	7580	12	9569	13	11330	14	11880	15	11690	16	10333	17	8292	18	6190	19	4279	20	2874	21	1687	22	982	23	569	24	285	25	137	26	76	27	22	28	13	29	5	30	5
949	3	1	4	17	5	48	6	146	7	484	8	1146	9	2278	10	4039	11	6295	12	8753	13	10626	14	11651	15	12093	16	11261	17	9408	18	7547	19	5327	20	3626	21	2319	22	1320	23	762	24	430	25	245	26	94	27	45	28	18	29	13	30	5	31	1	32	2
950	2	6	3	20	4	48	5	137	6	349	7	633	8	1219	9	2101	10	3534	11	5555	12	7762	13	9923	14	11260	15	11821	16	11323	17	9925	18	7940	19	5990	20	4141	21	2744	22	1636	23	913	24	498	25	284	26	116	27	69	28	29	29	16	30	3	31	1	32	1	33	3
951	3	2	4	3	5	45	6	110	7	320	8	716	9	1608	10	3133	11	4864	12	7219	13	9329	14	11002	15	11853	16	11609	17	10265	18	8663	19	6768	20	4805	21	3189	22	2000	23	1159	24	665	25	351	26	182	27	77	28	36	29	14	30	8	31	2	32	2	34	1
952	1	2	2	6	3	16	4	57	5	114	6	266	7	477	8	948	9	1633	10	2799	11	4374	12	6508	13	8434	14	10161	15	11395	16	11480	17	10632	18	9022	19	7277	20	5347	21	3615	22	2334	23	1425	24	803	25	463	26	204	27	115	28	47	29	27	30	11	31	6	32	1	33	1
953	3	2	4	4	5	17	6	48	7	183	8	420	9	1069	10	1985	11	3572	12	5536	13	7573	14	9682	15	11220	16	11724	17	11083	18	9908	19	8128	20	6365	21	4457	22	2888	23	1836	24	1100	25	564	26	323	27	158	28	96	29	40	30	9	31	5	33	4	36	1
954	2	1	3	9	4	29	5	76	6	152	7	330	8	612	9	1060	10	1838	11	2996	12	4842	13	6835	14	9062	15	10418	16	11458	17	11190	18	10307	19	8631	20	6646	21	4971	22	3333	23	2228	24	1348	25	743	26	457	27	223	28	101	29	52	30	31	31	14	32	3	33	1	34	2	35	1
955	5	6	6	19	7	90	8	248	9	624	10	1214	11	2455	12	3997	13	5944	14	8191	15	10061	16	11305	17	11478	18	11057	19	9311	20	7670	21	5789	22	4044	23	2738	24	1646	25	988	26	571	27	263	28	156	29	74	30	44	31	10	32	5	34	1	36	1
956	1	1	2	1	3	9	4	29	5	59	6	119	7	261	8	419	9	779	10	1268	11	2074	12	3554	13	5168	14	7018	15	9048	16	10419	17	10946	18	10780	19	9919	20	8331	21	6548	22	4770	23	3395	24	2105	25	1308	26	764	27	449	28	236	29	126	30	55	31	21	32	12	33	4	34	3	35	2
957	4	1	5	6	6	14	7	54	8	169	9	427	10	905	11	1720	12	3115	13	4876	14	6924	15	8633	16	10397	17	11196	18	11032	19	10263	20	8654	21	6964	22	5209	23	3566	24	2403	25	1515	26	897	27	523	28	275	29	133	30	77	31	24	32	13	33	10	34	2	35	2	36	1
958	2	2	3	3	4	9	5	23	6	96	7	165	8	319	9	516	10	853	11	1420	12	2471	13	3934	14	5579	15	7621	16	9413	17	10629	18	10941	19	10591	20	9451	21	7725	22	6088	23	4390	24	3089	25	1925	26	1213	27	714	28	387	29	211	30	110	31	51	32	26	33	20	34	8	35	2	36	4	37	1
959	6	13	7	37	8	89	9	245	10	566	11	1074	12	2016	13	3371	14	5124	15	7022	16	8925	17	10166	18	10865	19	11020	20	9906	21	8606	22	6735	23	4973	24	3441	25	2391	26	1421	27	910	28	532	29	273	30	140	31	75	32	37	33	13	34	6	35	6	36	2
960	1	1	2	1	3	9	4	31	5	37	6	82	7	129	8	258	9	437	10	626	11	1117	12	1781	13	2672	14	4301	15	5862	16	7836	17	9333	18	10193	19	10605	20	10196	21	9006	22	7540	23	5969	24	4326	25	2917	26	1954	27	1261	28	722	29	362	30	216	31	110	32	60	33	25	34	11	35	10	36	1	38	3
961	5	1	6	5	7	12	8	36	9	121	10	300	11	605	12	1303	13	2218	14	3555	15	5219	16	7127	17	8891	18	10190	19	10671	20	10614	21	9610	22	8330	23	6741	24	5014	25	3550	26	2390	27	1432	28	917	29	530	30	309	31	157	32	80	33	48	34	11	35	8	36	4	37	1
962	3	1	4	6	5	27	6	47	7	117	8	198	9	301	10	438	11	771	12	1171	13	1986	14	3133	15	4668	16	6383	17	8141	18	9646	19	10437	20	10605	21	9921	22	8653	23	7125	24	5399	25	3924	26	2575	27	1687	28	1161	29	706	30	366	31	210	32	99	33	50	34	26	35	11	36	5	37	3	38	1	41	2
963	6	3	7	9	8	35	9	63	10	204	11	434	12	884	13	1619	14	2636	15	4201	16	5833	17	7677	18	9081	19	10305	20	10441	21	10065	22	9257	23	7885	24	6197	25	4600	26	3306	27	2100	28	1387	29	784	30	471	31	244	32	155	33	58	34	36	35	15	36	9	37	3	39	1	40	2
964	2	3	3	5	4	6	5	24	6	44	7	80	8	153	9	242	10	340	11	555	12	841	13	1398	14	2193	15	3239	16	4780	17	6392	18	8035	19	9412	20	10183	21	10365	22	9528	23	8462	24	6898	25	5413	26	4097	27	2830	28	1839	29	1111	30	703	31	389	32	227	33	95	34	63	35	34	36	12	37	4	38	3	42	1	43	1
965	6	2	7	3	8	19	9	30	10	89	11	210	12	430	13	955	14	1683	15	2690	16	3974	17	5735	18	7439	19	9144	20	10038	21	10434	22	10098	23	9131	24	7860	25	6355	26	4483	27	3297	28	2325	29	1511	30	905	31	541	32	298	33	166	34	78	35	33	36	22	37	13	38	4	39	4	40	1
966	4	1	5	8	6	24	7	71	8	111	9	167	10	254	11	401	12	556	13	878	14	1336	15	2186	16	3260	17	4808	18	6611	19	8289	20	9543	21	10199	22	10164	23	9440	24	8218	25	6891	26	5369	27	3997	28	2643	29	1807	30	1180	31	678	32	398	33	238	34	141	35	66	36	40	37	22	38	5
967	8	8	9	17	10	48	11	120	12	221	13	530	14	991	15	1690	16	2709	17	4147	18	5618	19	7365	20	8871	21	9797	22	10371	23	10087	24	8942	25	7735	26	6267	27	4799	28	3497	29	2431	30	1558	31	938	32	566	33	323	34	164	35	91	36	57	37	21	38	10	39	7	40	4
968	3	4	4	4	5	11	6	36	7	44	8	111	9	156	10	222	11	371	12	460	13	670	14	1004	15	1631	16	2492	17	3732	18	5125	19	6728	20	8130	21	9395	22	9781	23	9874	24	9038	25	8090	26	6627	27	5143	28	3833	29	2715	30	1847	31	1174	32	722	33	382	34	192	35	133	36	71	37	24	38	12	39	9	40	4	41	2	42	1
969	8	1	9	6	10	23	11	78	12	137	13	281	14	602	15	1106	16	1894	17	3035	18	4456	19	6047	20	7605	21	9080	22	9778	23	10149	24	9876	25	8572	26	7469	27	6083	28	4522	29	3293	30	2288	31	1470	32	900	33	547	34	306	35	190	36	97	37	60	38	26	39	11	40	8	41	3	44	1
970	5	3	6	14	7	30	8	47	9	90	10	187	11	230	12	326	13	367	14	562	15	939	16	1326	17	2071	18	3448	19	4783	20	6347	21	7932	22	9066	23	9919	24	10130	25	9455	26	8291	27	6983	28	5584	29	4048	30	2795	31	1898	32	1259	33	789	34	469	35	279	36	163	37	82	38	54	39	21	40	7	41	3	42	1	44	1	45	1
971	7	1	8	1	9	5	10	14	11	34	12	73	13	177	14	321	15	610	16	1090	17	1951	18	2920	19	4257	20	5792	21	7304	22	8699	23	9416	24	9861	25	9576	26	8899	27	7791	28	6240	29	4803	30	3583	31	2452	32	1623	33	1016	34	648	35	389	36	198	37	117	38	73	39	31	40	20	41	9	42	1	43	3	44	1	46	1
972	2	1	4	6	5	15	6	11	7	24	8	43	9	80	10	143	11	178	12	291	13	357	14	538	15	663	16	1013	17	1547	18	2400	19	3355	20	4930	21	6275	22	7854	23	8951	24	9410	25	9696	26	9194	27	8135	28	6937	29	5536	30	4091	31	2957	32	2093	33	1340	34	813	35	495	36	289	37	153	38	94	39	52	40	16	41	14	42	5	43	4	44	1
973	10	4	11	10	12	24	13	56	14	149	15	277	16	616	17	1128	18	1780	19	2793	20	4050	21	5552	22	6916	23	8277	24	9529	25	9748	26	9710	27	8998	28	7773	29	6584	30	5034	31	3812	32	2620	33	1739	34	1121	35	739	36	436	37	264	38	114	39	76	40	36	41	20	42	6	43	6	44	1	46	2
974	5	2	6	4	7	8	8	33	9	52	10	106	11	154	12	241	13	312	14	378	15	411	16	597	17	831	18	1330	19	2100	20	3085	21	4457	22	5915	23	7430	24	8774	25	9262	26	9621	27	9413	28	8429	29	7244	30	5844	31	4416	32	3327	33	2301	34	1576	35	970	36	576	37	376	38	196	39	113	40	57	41	26	42	19	43	6	44	3	45	2	46	3
975	9	1	10	2	11	10	12	18	13	52	14	98	15	231	16	385	17	652	18	1157	19	1851	20	2918	21	3972	22	5510	23	6782	24	8065	25	9197	26	9400	27	9409	28	8822	29	7848	30	6567	31	5306	32	3787	33	2857	34	1922	35	1229	36	826	37	521	38	291	39	143	40	82	41	45	42	24	43	10	44	4	45	4	46	2
976	3	1	5	6	6	12	7	22	8	34	9	44	10	81	11	113	12	178	13	259	14	327	15	435	16	517	17	712	18	991	19	1457	20	2215	21	3231	22	4461	23	5867	24	7040	25	8291	26	9009	27	9267	28	9048	29	8228	30	7257	31	5922	32	4703	33	3452	34	2467	35	1677	36	1117	37	637	38	389	39	258	40	138	41	52	42	45	43	18	44	10	45	8	46	4
977	10	2	11	4	12	8	13	23	14	41	15	121	16	185	17	374	18	704	19	1136	20	1810	21	2821	22	3977	23	5255	24	6710	25	7880	26	8866	27	9169	28	9207	29	8757	30	8026	31	6789	32	5395	33	4205	34	2889	35	2048	36	1399	37	877	38	552	39	377	40	173	41	107	42	48	43	32	44	15	45	11	46	3	47	1	48	2	50	1
978	6	2	7	3	8	16	9	25	10	55	11	95	12	132	13	169	14	265	15	311	16	319	17	365	18	491	19	707	20	1129	21	1784	22	2846	23	3938	24	5556	25	6673	26	8124	27	8814	28	9471	29	9410	30	8823	31	7547	32	6432	33	5037	34	3806	35	2700	36	1858	37	1229	38	778	39	485	40	287	41	157	42	78	43	42	44	22	45	11	46	2	47	4	49	1	54	1
979	11	3	12	4	13	6	14	18	15	42	16	80	17	177	18	319	19	544	20	884	21	1489	22	2280	23	3413	24	4664	25	6056	26	7310	27	8538	28	9151	29	9405	30	9030	31	8398	32	7256	33	5855	34	4768	35	3459	36	2449	37	1660	38	1109	39	672	40	405	41	240	42	158	43	77	44	48	45	17	46	6	47	3	48	3	49	1	50	1	51	2
980	4	1	5	2	6	8	7	10	8	16	9	26	10	29	11	72	12	101	13	155	14	239	15	294	16	348	17	357	18	448	19	574	20	786	21	1217	22	1915	23	2775	24	3754	25	5142	26	6497	27	7554	28	8639	29	8936	30	8939	31	8533	32	7673	33	6582	34	5304	35	4182	36	3099	37	2106	38	1360	39	942	40	551	41	375	42	214	43	126	44	65	45	27	46	11	47	7	48	6	49	2	51	1
981	9	1	12	4	13	3	14	16	15	30	16	54	17	116	18	203	19	341	20	610	21	1017	22	1544	23	2298	24	3291	25	4437	26	5839	27	7016	28	8021	29	8831	30	9167	31	8942	32	8285	33	7337	34	6150	35	4984	36	3687	37	2667	38	1848	39	1205	40	858	41	532	42	297	43	175	44	101	45	51	46	21	47	12	48	5	49	1	50	1	51	1	53	1
982	6	3	7	2	8	3	9	13	10	19	11	42	12	86	13	115	14	178	15	237	16	269	17	288	18	312	19	330	20	384	21	526	22	864	23	1442	24	2159	25	3130	26	4354	27	5774	28	7110	29	8046	30	8993	31	9084	32	8739	33	8372	34	7261	35	5929	36	4741	37	3623	38	2659	39	1798	40	1200	41	787	42	494	43	299	44	143	45	101	46	53	47	20	48	12	49	5	53	1
983	12	2	13	5	14	5	15	18	16	31	17	59	18	107	19	178	20	350	21	584	22	912	23	1430	24	2081	25	2912	26	3970	27	5034	28	6499	29	7436	30	8371	31	8879	32	9037	33	8646	34	7779	35	6678	36	5392	37	4187	38	3194	39	2170	40	1517	41	1030	42	669	43	343	44	223	45	124	46	70	47	44	48	21	49	4	50	1	51	3	53	3	54	2
984	2	1	5	7	6	4	7	8	8	14	9	17	10	44	11	49	12	55	13	89	14	138	15	180	16	229	17	294	18	332	19	342	20	404	21	534	22	696	23	1052	24	1578	25	2302	26	3170	27	4296	28	5454	29	6864	30	7558	31	8306	32	8779	33	8596	34	8005	35	7223	36	6103	37	4940	38	3830	39	2844	40	2069	41	1405	42	913	43	536	44	327	45	192	46	123	47	48	48	26	49	14	50	6	51	2	52	2
985	13	1	14	1	15	2	16	6	17	17	18	20	19	66	20	94	21	212	22	367	23	577	24	1012	25	1436	26	2338	27	3222	28	4222	29	5489	30	6734	31	7831	32	8573	33	9026	34	8924	35	8562	36	7443	37	6274	38	5167	39	3937	40	2955	41	1941	42	1387	43	922	44	518	45	304	46	189	47	119	48	57	49	21	50	15	51	10	52	3	53	4	54	1	55	1
986	8	2	9	4	10	9	11	13	12	41	13	70	14	96	15	175	16	177	17	230	18	287	19	271	20	248	21	257	22	318	23	399	24	650	25	1050	26	1565	27	2589	28	3505	29	4711	30	5950	31	7057	32	8060	33	8645	34	8886	35	8547	36	7739	37	6966	38	5813	39	4627	40	3486	41	2539	42	1856	43	1235	44	796	45	464	46	301	47	156	48	98	49	51	50	31	51	13	52	7	53	4	54	3	55	1	56	1	57	1
987	14	3	15	5	16	6	17	10	18	35	19	61	20	108	21	174	22	288	23	373	24	686	25	1047	26	1484	27	2263	28	2989	29	3982	30	5119	31	6284	32	7299	33	8162	34	8501	35	8573	36	8273	37	7613	38	6538	39	5423	40	4471	41	3294	42	2388	43	1683	44	1073	45	711	46	490	47	244	48	163	49	93	50	44	51	20	52	12	53	5	54	7	55	1	56	2
988	3	1	4	1	5	2	6	4	7	2	8	7	9	13	10	19	11	26	12	33	13	44	14	60	15	111	16	133	17	182	18	241	19	269	20	315	21	296	22	329	23	402	24	500	25	684	26	1057	27	1477	28	2129	29	2997	30	3949	31	5258	32	6205	33	7080	34	8203	35	8254	36	8587	37	8180	38	7301	39	6324	40	5409	41	4171	42	3155	43	2300	44	1587	45	1029	46	697	47	433	48	240	49	147	50	76	51	45	52	19	53	8	54	2	55	3	56	2	58	2
989	15	1	16	2	17	6	18	13	19	31	20	42	21	81	22	132	23	215	24	353	25	544	26	842	27	1266	28	1827	29	2571	30	3379	31	4476	32	5588	33	6609	34	7495	35	8314	36	8499	37	8364	38	7920	39	7157	40	6167	41	5019	42	4065	43	2917	44	2095	45	1480	46	981	47	630	48	381	49	254	50	136	51	68	52	38	53	24	54	10	55	6	57	2
990	9	1	10	6	11	8	12	10	13	31	14	67	15	81	16	112	17	161	18	178	19	210	20	231	21	243	22	241	23	206	24	230	25	328	26	416	27	691	28	1116	29	1688	30	2458	31	3438	32	4547	33	5739	34	6738	35	7803	36	8374	37	8681	38	8332	39	7767	40	7037	41	5931	42	4752	43	3727	44	2765	45	2024	46	1332	47	882	48	585	49	327	50	225	51	115	52	75	53	42	54	23	55	12	56	6	57	5	58	1	61	1	62	1
991	16	1	18	2	19	9	20	21	21	29	22	75	23	112	24	193	25	288	26	420	27	599	28	962	29	1360	30	1973	31	2738	32	3531	33	4751	34	5938	35	6870	36	7723	37	8194	38	8645	39	8303	40	7690	41	6887	42	5870	43	4703	44	3690	45	2830	46	1963	47	1332	48	947	49	554	50	335	51	219	52	101	53	64	54	34	55	22	56	13	57	3	58	4	59	1	60	1
992	4	3	7	9	8	6	9	11	10	10	11	20	12	24	13	21	14	31	15	42	16	87	17	135	18	151	19	215	20	215	21	266	22	286	23	258	24	292	25	344	26	432	27	547	28	754	29	1078	30	1555	31	2194	32	2933	33	3708	34	4884	35	5797	36	6678	37	7487	38	8172	39	8057	40	7981	41	7345	42	6476	43	5584	44	4443	45	3625	46	2559	47	1899	48	1285	49	803	50	535	51	332	52	180	53	116	54	64	55	41	56	16	57	7	58	2	59	3	60	1	62	1
993	18	1	19	5	20	18	21	27	22	35	23	67	24	102	25	164	26	275	27	417	28	535	29	839	30	1158	31	1725	32	2345	33	3109	34	4011	35	5039	36	6058	37	6963	38	7726	39	8229	40	8246	41	7951	42	7463	43	6395	44	5449	45	4480	46	3495	47	2579	48	1750	49	1280	50	832	51	498	52	326	53	166	54	115	55	64	56	27	57	17	58	9	59	3	60	5	61	2
994	8	1	11	2	12	3	13	11	14	17	15	35	16	52	17	86	18	120	19	168	20	195	21	235	22	221	23	233	24	214	25	197	26	178	27	213	28	248	29	414	30	619	31	933	32	1464	33	2114	34	2899	35	3833	36	5060	37	5962	38	6969	39	8031	40	8187	41	8358	42	8186	43	7271	44	6475	45	5410	46	4534	47	3398	48	2457	49	1717	50	1183	51	814	52	537	53	311	54	178	55	118	56	69	57	37	58	15	59	10	60	3	61	1	62	3	63	1
995	17	2	18	2	19	6	20	8	21	12	22	26	23	44	24	47	25	101	26	160	27	238	28	303	29	479	30	689	31	975	32	1352	33	1885	34	2447	35	3294	36	4129	37	5113	38	6126	39	7032	40	7723	41	8162	42	8256	43	7844	44	7161	45	6173	46	5224	47	4310	48	3347	49	2511	50	1687	51	1143	52	772	53	513	54	311	55	171	56	100	57	52	58	28	59	25	60	7	61	7	62	2	65	1
996	6	2	7	2	8	2	9	6	10	11	11	8	12	6	13	18	14	20	15	29	16	37	17	62	18	95	19	118	20	180	21	217	22	228	23	257	24	259	25	256	26	248	27	248	28	286	29	355	30	474	31	654	32	994	33	1337	34	1820	35	2546	36	3237	37	4104	38	5113	39	6198	40	6901	41	7534	42	7999	43	7985	44	7757	45	6962	46	6039	47	5225	48	4137	49	3095	50	2269	51	1650	52	1176	53	746	54	481	55	260	56	170	57	94	58	41	59	28	60	13	61	6	62	3	63	2
997	19	1	20	1	21	6	22	12	23	16	24	21	25	40	26	63	27	97	28	147	29	248	30	391	31	529	32	742	33	1019	34	1457	35	1907	36	2541	37	3360	38	4328	39	5284	40	6231	41	7117	42	7632	43	8146	44	8086	45	7686	46	7051	47	6165	48	5255	49	4200	50	3178	51	2390	52	1586	53	1131	54	744	55	514	56	300	57	186	58	90	59	57	60	25	61	13	62	6	66	1
998	10	2	12	3	13	8	14	11	15	26	16	30	17	39	18	71	19	103	20	152	21	181	22	198	23	234	24	230	25	211	26	175	27	183	28	157	29	150	30	182	31	275	32	394	33	566	34	870	35	1293	36	1881	37	2532	38	3412	39	4295	40	5332	41	6248	42	7243	43	7673	44	8142	45	7883	46	7547	47	6901	48	6053	49	5047	50	4033	51	3119	52	2263	53	1667	54	1091	55	706	56	500	57	273	58	180	59	98	60	52	61	42	62	21	63	15	64	2	65	3	66	1	69	1
999	19	1	20	4	21	5	22	5	23	15	24	26	25	33	26	62	27	92	28	128	29	162	30	267	31	360	32	505	33	627	34	844	35	1243	36	1681	37	2142	38	2765	39	3513	40	4372	41	5519	42	6313	43	6858	44	7772	45	8000	46	7910	47	7508	48	6754	49	5909	50	4985	51	3806	52	3057	53	2281	54	1608	55	1105	56	681	57	445	58	288	59	156	60	85	61	39	62	31	63	21	64	9	65	3	66	4	67	1
1000	5	2	6	1	7	1	8	3	9	1	10	7	11	11	12	11	13	10	14	16	15	25	16	28	17	34	18	49	19	75	20	98	21	121	22	153	23	209	24	220	25	220	26	249	27	202	28	215	29	242	30	257	31	293	32	335	33	515	34	642	35	859	36	1179	37	1582	38	2047	39	2788	40	3495	41	4309	42	5312	43	6150	44	6832	45	7578	46	7888	47	7726	48	7354	49	6620	50	5777	51	4699	52	3889	53	2944	54	2195	55	1629	56	1073	57	725	58	476	59	267	60	174	61	88	62	46	63	24	64	17	65	7	66	4	67	1	69	1
