1	1	100000
2	1	100000
3	1	100000
4	1	100000
5	1	100000
6	1	100000
7	1	100000
8	1	100000
9	1	100000
10	1	100000
11	1	100000
12	1	100000
13	1	100000
14	1	100000
15	1	100000
16	1	100000
17	1	100000
18	1	100000
19	1	100000
20	1	100000
21	1	100000
22	1	100000
23	1	100000
24	1	100000
25	1	100000
26	1	100000
27	1	100000
28	1	100000
29	1	100000
30	1	100000
31	1	100000
32	1	100000
33	1	100000
34	1	100000
35	1	100000
36	1	100000
37	1	100000
38	1	100000
39	1	100000
40	1	100000
41	1	100000
42	1	100000
43	1	100000
44	1	100000
45	1	100000
46	1	100000
47	1	100000
48	1	100000
49	1	100000
50	1	100000
51	1	100000
52	1	100000
53	1	100000
54	1	100000
55	1	100000
56	1	100000
57	1	100000
58	1	100000
59	1	100000
60	1	100000
61	1	100000
62	1	100000
63	1	100000
64	1	100000
65	1	100000
66	1	100000
67	1	100000
68	1	100000
69	1	100000
70	1	100000
71	1	100000
72	1	100000
73	1	100000
74	1	100000
75	1	100000
76	1	100000
77	1	100000
78	1	100000
79	1	100000
80	1	100000
81	1	100000
82	1	100000
83	1	100000
84	1	100000
85	1	100000
86	1	100000
87	1	100000
88	1	100000
89	1	100000
90	1	100000
91	1	100000
92	1	100000
93	1	100000
94	1	100000
95	1	100000
96	1	100000
97	1	100000
98	1	100000
99	1	100000
100	1	100000
101	1	100000
102	1	100000
103	1	100000
104	1	100000
105	1	100000
106	1	100000
107	1	100000
108	1	100000
109	1	100000
110	1	100000
111	1	100000
112	1	100000
113	1	100000
114	1	100000
115	1	100000
116	1	100000
117	1	100000
118	1	100000
119	1	100000
120	1	100000
121	1	100000
122	1	100000
123	1	100000
124	1	100000
125	1	100000
126	1	100000
127	1	100000
128	1	100000
129	1	100000
130	1	100000
131	1	100000
132	1	100000
133	1	100000
134	1	100000
135	1	100000
136	1	100000
137	1	100000
138	1	100000
139	1	100000
140	1	100000
141	1	100000
142	1	100000
143	1	100000
144	1	100000
145	1	100000
146	1	100000
147	1	100000
148	1	100000
149	1	100000
150	1	100000
151	1	100000
152	1	100000
153	1	100000
154	1	100000
155	1	100000
156	1	100000
157	1	100000
158	1	100000
159	1	100000
160	1	100000
161	1	100000
162	1	100000
163	1	100000
164	1	100000
165	1	100000
166	1	100000
167	1	100000
168	1	100000
169	1	100000
170	1	100000
171	1	100000
172	1	100000
173	1	100000
174	1	100000
175	1	100000
176	1	100000
177	1	100000
178	1	100000
179	1	100000
180	1	100000
181	1	100000
182	1	100000
183	1	100000
184	1	100000
185	1	100000
186	1	100000
187	1	100000
188	1	100000
189	1	100000
190	1	100000
191	1	100000
192	1	100000
193	1	100000
194	1	100000
195	1	100000
196	1	100000
197	1	100000
198	1	100000
199	1	100000
200	1	100000
201	1	100000
202	1	100000
203	1	100000
204	1	100000
205	1	100000
206	1	100000
207	1	100000
208	1	100000
209	1	100000
210	1	100000
211	1	100000
212	1	100000
213	1	100000
214	1	100000
215	1	100000
216	1	100000
217	1	100000
218	1	100000
219	1	100000
220	1	100000
221	1	100000
222	1	100000
223	1	100000
224	1	100000
225	1	100000
226	1	100000
227	1	100000
228	1	100000
229	1	100000
230	1	100000
231	1	100000
232	1	100000
233	1	100000
234	1	100000
235	1	100000
236	1	100000
237	1	100000
238	1	100000
239	1	100000
240	1	100000
241	1	100000
242	1	100000
243	1	100000
244	1	100000
245	1	100000
246	1	100000
247	1	100000
248	1	100000
249	1	100000
250	1	100000
251	1	100000
252	1	100000
253	1	100000
254	1	100000
255	1	100000
256	1	100000
257	1	100000
258	1	100000
259	1	100000
260	1	100000
261	1	100000
262	1	100000
263	1	100000
264	1	100000
265	1	100000
266	1	100000
267	1	100000
268	1	100000
269	1	100000
270	1	100000
271	1	100000
272	1	100000
273	1	100000
274	1	100000
275	1	100000
276	1	100000
277	1	100000
278	1	100000
279	1	100000
280	1	100000
281	1	100000
282	1	100000
283	1	100000
284	1	100000
285	1	100000
286	1	100000
287	1	100000
288	1	100000
289	1	100000
290	1	100000
291	1	100000
292	1	100000
293	1	100000
294	1	100000
295	1	100000
296	1	100000
297	1	100000
298	1	100000
299	1	100000
300	1	100000
301	1	100000
302	1	100000
303	1	100000
304	1	100000
305	1	100000
306	1	100000
307	1	100000
308	1	100000
309	1	100000
310	1	100000
311	1	100000
312	1	100000
313	1	100000
314	1	100000
315	1	100000
316	1	100000
317	1	100000
318	1	100000
319	1	100000
320	1	100000
321	1	100000
322	1	100000
323	1	100000
324	1	100000
325	1	100000
326	1	100000
327	1	100000
328	1	100000
329	1	100000
330	1	100000
331	1	100000
332	1	100000
333	1	100000
334	1	100000
335	1	100000
336	1	100000
337	1	100000
338	1	100000
339	1	100000
340	1	100000
341	1	100000
342	1	100000
343	1	100000
344	1	100000
345	1	100000
346	1	100000
347	1	100000
348	1	100000
349	1	100000
350	1	100000
351	1	100000
352	1	100000
353	1	100000
354	1	100000
355	1	100000
356	1	100000
357	1	100000
358	1	100000
359	1	100000
360	1	100000
361	1	100000
362	1	100000
363	1	100000
364	1	100000
365	1	100000
366	1	100000
367	1	100000
368	1	100000
369	1	100000
370	1	100000
371	1	100000
372	1	100000
373	1	100000
374	1	100000
375	1	100000
376	1	100000
377	1	100000
378	1	100000
379	1	100000
380	1	100000
381	1	100000
382	1	100000
383	1	100000
384	1	100000
385	1	100000
386	1	100000
387	1	100000
388	1	100000
389	1	100000
390	1	100000
391	1	100000
392	1	100000
393	1	100000
394	1	100000
395	1	100000
396	1	100000
397	1	100000
398	1	100000
399	1	100000
400	1	100000
401	1	100000
402	1	100000
403	1	100000
404	1	100000
405	1	100000
406	1	100000
407	1	100000
408	1	100000
409	1	100000
410	1	100000
411	1	100000
412	1	100000
413	1	100000
414	1	100000
415	1	100000
416	1	100000
417	1	100000
418	1	100000
419	1	100000
420	1	100000
421	1	100000
422	1	100000
423	1	100000
424	1	100000
425	1	100000
426	1	100000
427	1	100000
428	1	100000
429	1	100000
430	1	100000
431	1	100000
432	1	100000
433	1	100000
434	1	100000
435	1	100000
436	1	100000
437	1	100000
438	1	100000
439	1	100000
440	1	100000
441	1	100000
442	1	100000
443	1	100000
444	1	100000
445	1	100000
446	1	100000
447	1	100000
448	1	100000
449	1	100000
450	1	100000
451	1	100000
452	1	100000
453	1	100000
454	1	100000
455	1	100000
456	1	100000
457	1	100000
458	1	100000
459	1	100000
460	1	100000
461	1	100000
462	1	100000
463	1	100000
464	1	100000
465	1	100000
466	1	100000
467	1	100000
468	1	100000
469	1	100000
470	1	100000
471	1	100000
472	1	100000
473	1	100000
474	1	100000
475	1	100000
476	1	100000
477	1	100000
478	1	100000
479	1	100000
480	1	100000
481	1	100000
482	1	100000
483	1	100000
484	1	100000
485	1	100000
486	1	100000
487	1	100000
488	1	100000
489	1	100000
490	1	100000
491	1	100000
492	1	100000
493	1	100000
494	1	100000
495	1	100000
496	1	100000
497	1	100000
498	1	100000
499	1	100000
500	1	100000
501	1	10119	2	89881
502	1	19238	2	80762
503	1	27312	2	72688
504	1	35049	2	64951
505	1	41700	2	58300
506	1	47358	2	52642
507	1	52582	2	47418
508	1	57470	2	42530
509	1	61699	2	38301
510	1	65955	2	34045
511	1	68905	2	31095
512	1	71964	2	28036
513	1	74762	2	25238
514	1	77613	2	22387
515	1	79809	2	20191
516	1	81751	2	18249
517	1	83462	2	16538
518	1	85333	2	14667
519	1	87142	2	12858
520	1	88337	2	11663
521	1	89472	2	10528
522	1	90295	2	9705
523	1	91380	2	8620
524	1	92341	2	7659
525	1	93104	2	6896
526	1	93877	2	6123
527	1	94441	2	5559
528	1	95063	2	4937
529	1	95571	2	4429
530	1	95924	2	4076
531	1	96437	2	3563
532	1	96729	2	3271
533	1	97045	2	2955
534	1	97383	2	2617
535	1	97648	2	2352
536	1	97857	2	2143
537	1	98065	2	1935
538	1	98304	2	1696
539	1	98482	2	1518
540	1	98612	2	1388
541	1	98741	2	1259
542	1	98824	2	1176
543	1	99038	2	962
544	1	99156	2	844
545	1	99223	2	777
546	1	99277	2	723
547	1	99346	2	654
548	1	99429	2	571
549	1	99482	2	518
550	1	99518	2	482
551	1	99589	2	411
552	1	99627	2	373
553	1	99680	2	320
554	1	99682	2	318
555	1	99733	2	267
556	1	99715	2	285
557	1	99786	2	214
558	1	99835	2	165
559	1	99846	2	154
560	1	99828	2	172
561	1	99858	2	142
562	1	99899	2	101
563	1	99889	2	111
564	1	99907	2	93
565	1	99884	2	116
566	1	99899	2	101
567	1	99947	2	53
568	1	99943	2	57
569	1	99934	2	66
570	1	99948	2	52
571	1	99951	2	48	3	1
572	1	99972	2	28
573	1	99962	2	38
574	1	99970	2	30
575	1	99965	2	35
576	1	99971	2	29
577	1	99976	2	24
578	1	99981	2	19
579	1	99990	2	10
580	1	99977	2	22	3	1
581	1	99985	2	15
582	1	99985	2	15
583	1	99982	2	18
584	1	99984	2	16
585	1	99988	2	12
586	1	99988	2	12
587	1	99990	2	10
588	1	99991	2	9
589	1	99996	2	4
590	1	99994	2	6
591	1	99989	2	11
592	1	99991	2	9
593	1	99990	2	10
594	1	99995	2	5
595	1	99996	2	3	3	1
596	1	99997	2	3
597	1	99993	2	7
598	1	99995	2	5
599	1	99996	2	4
600	1	99997	2	3
601	1	99997	2	3
602	1	99993	2	7
603	1	99992	2	8
604	1	99994	2	6
605	1	99990	2	10
606	1	99993	2	7
607	1	99993	2	7
608	1	99992	2	8
609	1	99998	2	2
610	1	99995	2	5
611	1	99993	2	7
612	1	99993	2	7
613	1	99993	2	7
614	1	99994	2	6
615	1	99992	2	8
616	1	99993	2	7
617	1	99995	2	5
618	1	99995	2	5
619	1	99997	2	3
620	1	99992	2	8
621	1	99997	2	3
622	1	99990	2	10
623	1	99996	2	4
624	1	99989	2	11
625	1	99993	2	7
626	1	99990	2	10
627	1	99993	2	7
628	1	99995	2	5
629	1	99989	2	11
630	1	99992	2	8
631	1	99985	2	15
632	1	99986	2	14
633	1	99995	2	5
634	1	99990	2	10
635	1	99988	2	12
636	1	99983	2	17
637	1	99980	2	20
638	1	99981	2	19
639	1	99983	2	17
640	1	99982	2	18
641	1	99978	2	22
642	1	99984	2	16
643	1	99983	2	17
644	1	99970	2	30
645	1	99979	2	21
646	1	99980	2	20
647	1	99975	2	25
648	1	99970	2	30
649	1	99977	2	23
650	1	99964	2	36
651	1	99968	2	32
652	1	99957	2	43
653	1	99965	2	35
654	1	99962	2	38
655	1	99956	2	44
656	1	99955	2	44	3	1
657	1	99952	2	48
658	1	99956	2	44
659	1	99954	2	46
660	1	99925	2	74	3	1
661	1	99952	2	48
662	1	99919	2	81
663	1	99928	2	72
664	1	99899	2	101
665	1	99913	2	87
666	1	99866	2	134
667	1	99970	2	30
668	1	99944	2	56
669	1	99949	2	51
670	1	99950	2	50
671	1	99947	2	53
672	1	99903	2	97
673	1	99945	2	55
674	1	99938	2	62
675	1	99933	2	67
676	1	99877	2	123
677	1	99927	2	73
678	1	99938	2	62
679	1	99914	2	86
680	1	99867	2	133
681	1	99924	2	76
682	1	99910	2	90
683	1	99901	2	99
684	1	99860	2	140
685	1	99887	2	113
686	1	99898	2	102
687	1	99889	2	111
688	1	99831	2	167	3	2
689	1	99854	2	146
690	1	99842	2	158
691	1	99854	2	146
692	1	99812	2	188
693	1	99854	2	146
694	1	99832	2	168
695	1	99831	2	169
696	1	99816	2	184
697	1	99818	2	182
698	1	99854	2	145	3	1
699	1	99823	2	177
700	1	99729	2	269	3	2
701	1	99803	2	197
702	1	99814	2	186
703	1	99800	2	200
704	1	99671	2	326	3	3
705	1	99743	2	257
706	1	99792	2	208
707	1	99725	2	275
708	1	99698	2	301	3	1
709	1	99745	2	253	3	2
710	1	99702	2	298
711	1	99715	2	285
712	1	99636	2	364
713	1	99732	2	268
714	1	99664	2	335	3	1
715	1	99649	2	351
716	1	99605	2	394	3	1
717	1	99632	2	367	3	1
718	1	99588	2	412
719	1	99608	2	391	3	1
720	1	99394	2	604	3	2
721	1	99576	2	423	3	1
722	1	99517	2	482	3	1
723	1	99525	2	475
724	1	99447	2	553
725	1	99462	2	535	3	3
726	1	99459	2	540	3	1
727	1	99351	2	648	3	1
728	1	99459	2	540	3	1
729	1	99412	2	586	3	2
730	1	99410	2	587	3	3
731	1	99390	2	608	3	2
732	1	99330	2	668	3	2
733	1	99355	2	643	3	2
734	1	99260	2	737	3	3
735	1	99282	2	718
736	1	99125	2	871	3	4
737	1	99334	2	663	3	3
738	1	99138	2	859	3	3
739	1	99165	2	827	3	8
740	1	99030	2	965	3	5
741	1	99116	2	878	3	6
742	1	99102	2	893	3	5
743	1	99012	2	986	3	2
744	1	98966	2	1030	3	4
745	1	98802	2	1189	3	9
746	1	98923	2	1073	3	4
747	1	98874	2	1120	3	6
748	1	98741	2	1248	3	11
749	1	98773	2	1220	3	7
750	1	98760	2	1235	3	5
751	1	97873	2	2114	3	13
752	1	97811	2	2177	3	12
753	1	97863	2	2118	3	19
754	1	97944	2	2038	3	18
755	1	97804	2	2173	3	22	4	1
756	1	97770	2	2195	3	35
757	1	97922	2	2048	3	30
758	1	97684	2	2295	3	20	4	1
759	1	97663	2	2309	3	28
760	1	97696	2	2276	3	28
761	1	97666	2	2302	3	30	4	2
762	1	97672	2	2300	3	27	4	1
763	1	97450	2	2507	3	42	4	1
764	1	97553	2	2418	3	29
765	1	97519	2	2441	3	38	4	2
766	1	97289	2	2675	3	36
767	1	97304	2	2660	3	35	4	1
768	1	96919	2	3038	3	43
769	1	96858	2	3082	3	60
770	1	97210	2	2740	3	50
771	1	97008	2	2944	3	46	4	2
772	1	97167	2	2794	3	39
773	1	96869	2	3074	3	57
774	1	96602	2	3338	3	58	4	2
775	1	96494	2	3438	3	66	4	2
776	1	96529	2	3404	3	67
777	1	96377	2	3555	3	67	4	1
778	1	96195	2	3730	3	75
779	1	96261	2	3673	3	65	4	1
780	1	95820	2	4090	3	89	4	1
781	1	95996	2	3915	3	88	4	1
782	1	95461	2	4443	3	96
783	1	95872	2	4038	3	89	4	1
784	1	95293	2	4591	3	115	4	1
785	1	95231	2	4639	3	129	4	1
786	1	94852	2	5028	3	118	4	2
787	1	94919	2	4949	3	131	4	1
788	1	94684	2	5164	3	149	4	3
789	1	94771	2	5089	3	137	4	3
790	1	94264	2	5566	3	164	4	6
791	1	94259	2	5590	3	151
792	1	93867	2	5923	3	202	4	8
793	1	93763	2	6030	3	201	4	6
794	1	93086	2	6681	3	230	4	3
795	1	93289	2	6497	3	206	4	8
796	1	92751	2	6970	3	271	4	8
797	1	92607	2	7152	3	235	4	6
798	1	91962	2	7715	3	312	4	11
799	1	91927	2	7753	3	313	4	7
800	1	92312	2	7384	3	299	4	5
801	1	93021	2	6718	3	254	4	7
802	1	92745	2	6956	3	294	4	5
803	1	92469	2	7237	3	287	4	6	5	1
804	1	92100	2	7591	3	302	4	7
805	1	91311	2	8289	3	392	4	8
806	1	91267	2	8308	3	410	4	14	5	1
807	1	90670	2	8909	3	405	4	16
808	1	90492	2	9022	3	461	4	25
809	1	90536	2	8998	3	448	4	15	5	2	6	1
810	1	89795	2	9637	3	548	4	20
811	1	89494	2	9924	3	567	4	15
812	1	89075	2	10257	3	644	4	23	5	1
813	1	88484	2	10806	3	680	4	27	5	3
814	1	88109	2	11186	3	683	4	21	5	1
815	1	88098	2	11145	3	721	4	34	5	2
816	1	87176	2	11989	3	790	4	44	5	1
817	1	87146	2	12036	3	786	4	32
818	1	86503	2	12566	3	885	4	43	5	2	6	1
819	1	85826	2	13214	3	911	4	47	5	2
820	1	85751	2	13160	3	1049	4	40
821	1	85000	2	13905	3	1045	4	46	5	3	6	1
822	1	84781	2	14019	3	1127	4	72	5	1
823	1	83962	2	14674	3	1290	4	69	5	5
824	1	83873	2	14770	3	1282	4	64	5	9	6	2
825	1	83213	2	15320	3	1392	4	73	5	2
826	1	83252	2	15332	3	1331	4	83	5	2
827	1	82440	2	15987	3	1483	4	85	5	5
828	1	81918	2	16336	3	1636	4	100	5	10
829	1	81161	2	17018	3	1718	4	96	5	7
830	1	80485	2	17535	3	1833	4	140	5	7
831	1	80240	2	17666	3	1932	4	153	5	9
832	1	79485	2	18292	3	2072	4	141	5	10
833	1	78645	2	18975	3	2224	4	149	5	6	6	1
834	1	77194	2	20008	3	2581	4	210	5	6	6	1
835	1	76827	2	20422	3	2534	4	208	5	9
836	1	75604	2	21186	3	2931	4	256	5	21	6	2
837	1	75638	2	21277	3	2822	4	242	5	19	6	2
838	1	74647	2	22087	3	2989	4	253	5	21	6	2	7	1
839	1	74881	2	21710	3	3087	4	305	5	14	6	3
840	1	73284	2	22986	3	3379	4	334	5	15	6	2
841	1	72992	2	23153	3	3484	4	347	5	21	6	3
842	1	70208	2	24940	3	4343	4	467	5	39	6	3
843	1	71939	2	23845	3	3786	4	398	5	28	6	4
844	1	70823	2	24692	3	4025	4	425	5	33	6	2
845	1	69878	2	25285	3	4338	4	453	5	44	6	2
846	1	69009	2	25705	3	4687	4	547	5	49	6	3
847	1	68150	2	26298	3	4945	4	554	5	48	6	5
848	1	66364	2	27361	3	5544	4	661	5	65	6	5
849	1	66390	2	27390	3	5481	4	668	5	67	6	4
850	1	65285	2	27954	3	5868	4	808	5	76	6	8	7	1
851	1	63736	2	28913	3	6319	4	948	5	77	6	6	7	1
852	1	62439	2	29665	3	6800	4	971	5	116	6	9
853	1	62573	2	29605	3	6744	4	943	5	126	6	8	7	1
854	1	60758	2	30392	3	7500	4	1184	5	151	6	14	7	1
855	1	59206	2	31390	3	7991	4	1220	5	176	6	14	7	3
856	1	57845	2	31847	3	8638	4	1442	5	214	6	14
857	1	56865	2	32269	3	8928	4	1692	5	218	6	26	7	2
858	1	61963	2	29708	3	7078	4	1132	5	108	6	9	7	2
859	1	58816	2	30999	3	8442	4	1537	5	185	6	19	7	2
860	1	58086	2	31587	3	8603	4	1517	5	191	6	15	7	1
861	1	56300	2	32352	3	9394	4	1670	5	255	6	27	7	1	8	1
862	1	55107	2	32845	3	9833	4	1911	5	274	6	28	7	2
863	1	52989	2	33705	3	10770	4	2170	5	340	6	24	7	1	8	1
864	1	52841	2	33745	3	10770	4	2239	5	363	6	38	7	4
865	1	51717	2	34261	3	11260	4	2350	5	364	6	41	7	7
866	1	49913	2	34812	3	12078	4	2674	5	460	6	57	7	5	8	1
867	1	49271	2	34923	3	12429	4	2795	5	498	6	75	7	7	8	2
868	1	47643	2	35354	3	13157	4	3217	5	537	6	85	7	4	8	3
869	1	46353	2	36091	3	13446	4	3384	5	635	6	84	7	6	8	1
870	1	45986	2	35992	3	13746	4	3537	5	611	6	112	7	14	8	2
871	1	44632	2	36092	3	14644	4	3811	5	698	6	116	7	7
872	1	42770	2	36763	3	15297	4	4179	5	834	6	143	7	14
873	1	42309	2	36700	3	15677	4	4256	5	895	6	135	7	26	8	2
874	1	40711	2	36954	3	16373	4	4687	5	1069	6	175	7	30	8	1
875	1	39744	2	37106	3	16904	4	5022	5	1024	6	182	7	17	8	1
876	1	37348	2	37027	3	18369	4	5717	5	1269	6	218	7	48	8	4
877	1	35612	2	37438	3	18853	4	6264	5	1502	6	268	7	56	8	7
878	1	34039	2	37328	3	19693	4	6902	5	1631	6	344	7	55	8	7	9	1
879	1	33786	2	37288	3	19767	4	7013	5	1741	6	342	7	56	8	7
880	1	32157	2	36946	3	20740	4	7594	5	2042	6	434	7	75	8	9	9	1	10	1	11	1
881	1	31277	2	37110	3	21006	4	7915	5	2107	6	492	7	79	8	13	9	1
882	1	31532	2	36650	3	21096	4	7938	5	2187	6	485	7	94	8	16	9	2
883	1	29519	2	36611	3	21997	4	8669	5	2524	6	569	7	84	8	25	9	2
884	1	28240	2	36135	3	22928	4	9173	5	2714	6	664	7	126	8	16	9	3	10	1
885	1	26580	2	35993	3	23542	4	9884	5	3091	6	761	7	123	8	23	9	2	10	1
886	1	26187	2	35380	3	23862	4	10315	5	3264	6	784	7	177	8	26	9	4	10	1
887	1	24552	2	35350	3	24628	4	10861	5	3500	6	888	7	182	8	32	9	6	11	1
888	1	22819	2	34468	3	25148	4	12057	5	4093	6	1086	7	275	8	48	9	5	10	1
889	1	25339	2	34639	3	24089	4	11026	5	3652	6	989	7	224	8	38	9	4
890	1	23231	2	34203	3	25188	4	11746	5	4188	6	1159	7	237	8	44	9	3	10	1
891	1	21617	2	33101	3	25647	4	13007	5	4767	6	1431	7	363	8	54	9	10	10	3
892	1	21631	2	33249	3	25669	4	12941	5	4717	6	1381	7	334	8	62	9	13	10	2	11	1
893	1	19121	2	32040	3	26680	4	14252	5	5585	6	1754	7	449	8	91	9	26	10	1	11	1
894	1	19180	2	31585	3	26617	4	14335	5	5795	6	1887	7	482	8	93	9	23	10	3
895	1	17662	2	31204	3	27035	4	15159	5	6232	6	2006	7	545	8	131	9	22	10	4
896	1	16494	2	29849	3	27087	4	16080	5	7160	6	2440	7	707	8	144	9	33	10	5	11	1
897	1	15741	2	29357	3	27128	4	16803	5	7422	6	2587	7	731	8	195	9	30	10	5	11	1
898	1	15427	2	28717	3	27285	4	17071	5	7639	6	2770	7	831	8	206	9	47	10	5	11	2
899	1	13469	2	27639	3	27715	4	18052	5	8609	6	3231	7	958	8	261	9	48	10	17	11	1
900	1	13469	2	27226	3	27210	4	18272	5	8992	6	3369	7	1070	8	305	9	72	10	14	11	1
901	1	11690	2	25762	3	27620	4	19342	5	9842	6	3957	7	1330	8	342	9	91	10	19	11	4	13	1
902	1	11178	2	24727	3	27446	4	19644	5	10653	6	4330	7	1440	8	439	9	114	10	20	11	7	12	2
903	1	10140	2	23893	3	27640	4	20402	5	11071	6	4572	7	1655	8	486	9	112	10	23	11	4	12	2
904	1	10047	2	23478	3	26940	4	20310	5	11463	6	5177	7	1823	8	580	9	141	10	34	11	6	12	1
905	1	8542	2	22048	3	26780	4	21454	5	12528	6	5584	7	2146	8	675	9	183	10	49	11	7	12	3	13	1
906	1	8197	2	21125	3	26183	4	21973	5	13180	6	5999	7	2326	8	736	9	222	10	47	11	9	12	1	13	2
907	1	7563	2	20105	3	26193	4	21872	5	13906	6	6536	7	2654	8	845	9	245	10	65	11	13	12	3
908	1	6482	2	18035	3	25008	4	22561	5	15293	6	7703	7	3301	8	1173	9	321	10	85	11	30	12	6	13	1	14	1
909	1	5897	2	17387	3	24460	4	22930	5	15541	6	8328	7	3568	8	1299	9	434	10	118	11	29	12	6	13	3
910	1	7005	2	18523	3	24847	4	22138	5	14749	6	7694	7	3312	8	1213	9	385	10	96	11	32	12	4	13	2
911	1	6292	2	17597	3	24471	4	22348	5	15570	6	8266	7	3487	8	1350	9	463	10	112	11	30	12	12	13	1	14	1
912	1	5426	2	15939	3	23267	4	22785	5	16439	6	9343	7	4346	8	1665	9	543	10	194	11	43	12	6	13	4
913	1	4621	2	14776	3	22803	4	22699	5	17160	6	10062	7	4916	8	1988	9	709	10	195	11	50	12	17	13	4
914	1	4783	2	14565	3	22252	4	22676	5	17200	6	10326	7	5030	8	2105	9	729	10	244	11	74	12	14	13	1	14	1
915	1	3992	2	13080	3	21214	4	22928	5	18164	6	11303	7	5653	8	2369	9	876	10	309	11	87	12	19	13	4	14	2
916	1	3941	2	12704	3	20807	4	22427	5	18368	6	11654	7	5921	8	2708	9	1011	10	330	11	103	12	21	13	3	14	2
917	1	3258	2	11219	3	19408	4	22706	5	19239	6	12644	7	6629	8	3101	9	1226	10	388	11	121	12	44	13	13	14	3	17	1
918	1	2944	2	9954	3	18495	4	21858	5	19501	6	13534	7	7775	8	3693	9	1499	10	521	11	147	12	68	13	9	14	2
919	1	2580	2	9516	3	18155	4	22084	5	19774	6	13796	7	7988	8	3732	9	1534	10	599	11	159	12	63	13	15	14	5
920	1	2365	2	9009	3	16875	4	21208	5	20062	6	14431	7	8654	8	4400	9	1910	10	738	11	242	12	79	13	22	14	2	15	1	16	2
921	1	1822	2	7658	3	15762	4	20822	5	20323	6	15535	7	9589	8	4961	9	2303	10	805	11	292	12	92	13	24	14	10	15	1	16	1
922	1	1815	2	7064	3	14510	4	20027	5	20172	6	16080	7	10373	8	5677	9	2639	10	1079	11	400	12	129	13	28	14	4	15	3
923	1	1407	2	6305	3	13686	4	19463	5	20532	6	16564	7	10922	8	6251	9	2939	10	1273	11	452	12	136	13	52	14	13	15	4	17	1
924	1	1854	2	7043	3	14535	4	19556	5	19851	6	16380	7	10493	8	5882	9	2706	10	1122	11	398	12	128	13	38	14	11	15	2	18	1
925	1	1294	2	5603	3	12576	4	18660	5	20295	6	17055	7	11777	8	6984	9	3427	10	1479	11	596	12	185	13	51	14	12	15	6
926	1	1189	2	5030	3	11661	4	17382	5	19503	6	17608	7	12927	8	7653	9	4023	10	1881	11	760	12	282	13	70	14	26	15	4	16	1
927	1	887	2	4557	3	10864	4	17273	5	19679	6	17644	7	13203	8	8208	9	4334	10	2050	11	812	12	335	13	104	14	35	15	12	16	3
928	1	928	2	4272	3	9941	4	15889	5	19177	6	17829	7	13786	8	9102	9	5000	10	2375	11	1091	12	397	13	155	14	44	15	9	16	4	18	1
929	1	655	2	3534	3	8803	4	15095	5	18902	6	18493	7	14607	8	9718	9	5646	10	2675	11	1179	12	460	13	169	14	47	15	14	16	2	17	1
930	1	678	2	3329	3	8246	4	14159	5	18168	6	18422	7	15002	8	10367	9	6145	10	3157	11	1438	12	577	13	218	14	63	15	19	16	9	17	2	18	1
931	1	401	2	2503	3	7081	4	13114	5	17673	6	18586	7	15967	8	11231	9	6894	10	3703	11	1745	12	721	13	265	14	83	15	21	16	10	17	2
932	1	441	2	2310	3	6522	4	11797	5	16681	6	18153	7	16064	8	12183	9	7649	10	4464	11	2228	12	922	13	372	14	155	15	36	16	20	17	3
933	1	296	2	1828	3	5676	4	11281	5	15877	6	18054	7	16509	8	12852	9	8434	10	4908	11	2458	12	1142	13	443	14	154	15	59	16	21	17	5	18	1	19	2
934	1	386	2	2216	3	6027	4	11362	5	15845	6	17812	7	16419	8	12523	9	8285	10	4808	11	2463	12	1068	13	519	14	189	15	55	16	17	17	6
935	1	258	2	1473	3	4699	4	9544	5	14686	6	17554	7	16834	8	13851	9	9613	10	5876	11	3136	12	1425	13	645	14	267	15	96	16	31	17	9	18	2	19	1
936	1	332	2	1677	3	4762	4	9654	5	14608	6	17251	7	16552	8	13748	9	9644	10	5942	11	3153	12	1529	13	688	14	298	15	110	16	35	17	12	18	5
937	1	153	2	1110	3	3777	4	8255	5	13123	6	16748	7	17277	8	14846	9	10733	10	6799	11	3892	12	1847	13	900	14	343	15	125	16	50	17	14	18	7	19	1
938	1	165	2	1064	3	3265	4	7185	5	11982	6	15629	7	16696	8	15304	9	11828	10	7951	11	4573	12	2448	13	1129	14	483	15	201	16	59	17	24	18	8	19	4	20	2
939	1	96	2	754	3	2702	4	6444	5	11151	6	15188	7	16939	8	15969	9	12396	10	8398	11	5014	12	2758	13	1268	14	569	15	225	16	85	17	31	18	8	19	4	20	1
940	1	125	2	800	3	2527	4	5850	5	10131	6	13989	7	16366	8	15565	9	13088	10	9195	11	5994	12	3362	13	1748	14	704	15	352	16	140	17	40	18	13	19	10	20	1
941	1	53	2	458	3	1651	4	4493	5	8721	6	12956	7	15931	8	16471	9	13864	10	10665	11	6923	12	3976	13	2105	14	1018	15	429	16	179	17	76	18	20	19	7	20	3	21	1
942	1	97	2	581	3	2030	4	4752	5	8887	6	12822	7	15580	8	15770	9	13767	10	10573	11	6987	12	4224	13	2173	14	1035	15	448	16	173	17	75	18	18	19	8
943	1	45	2	323	3	1393	4	3769	5	7605	6	11876	7	14931	8	15849	9	14557	10	11473	11	8116	12	4877	13	2738	14	1375	15	659	16	265	17	91	18	40	19	13	20	3	21	1	23	1
944	1	73	2	454	3	1529	4	3726	5	6980	6	10967	7	14071	8	15505	9	14439	10	12065	11	8534	12	5557	13	3158	14	1585	15	807	16	348	17	119	18	56	19	22	20	3	21	2
945	1	27	2	213	3	930	4	2611	5	5966	6	9700	7	13367	8	15429	9	15029	10	12877	11	9920	12	6440	13	3726	14	2038	15	944	16	483	17	180	18	89	19	18	20	5	21	6	22	2
946	1	41	2	257	3	992	4	2609	5	5231	6	8979	7	12493	8	14957	9	14811	10	13354	11	10283	12	6985	13	4366	14	2378	15	1246	16	586	17	238	18	128	19	42	20	15	21	7	23	2
947	1	15	2	142	3	657	4	1999	5	4699	6	8287	7	11942	8	14639	9	15208	10	13513	11	10900	12	7730	13	4869	14	2838	15	1392	16	698	17	277	18	124	19	41	20	22	21	6	22	1	23	1
948	1	51	2	205	3	795	4	2125	5	4562	6	7964	7	11496	8	13982	9	15013	10	13709	11	11140	12	7944	13	5002	14	3064	15	1566	16	806	17	356	18	127	19	64	20	18	21	8	22	2	26	1
949	1	7	2	58	3	390	4	1310	5	3134	6	6255	7	9964	8	13414	9	14726	10	14623	11	12402	12	9347	13	6321	14	3914	15	2153	16	1088	17	551	18	216	19	71	20	31	21	12	22	9	23	3	24	1
950	1	15	2	124	3	462	4	1421	5	3174	6	5869	7	9116	8	12290	9	14214	10	14217	11	12903	12	9775	13	6990	14	4425	15	2539	16	1338	17	643	18	282	19	126	20	51	21	17	22	4	23	4	24	1
951	1	5	2	39	3	249	4	930	5	2361	6	4937	7	8233	8	11554	9	14151	10	14562	11	13194	12	10677	13	7843	14	5100	15	3085	16	1636	17	815	18	389	19	157	20	48	21	22	22	6	23	3	24	4
952	1	18	2	123	3	450	4	1009	5	2299	6	4648	7	7464	8	10564	9	13101	10	14170	11	13397	12	11316	13	8465	14	5747	15	3476	16	1968	17	982	18	481	19	197	20	78	21	26	22	12	23	9
953	1	3	2	27	3	143	4	540	5	1554	6	3563	7	6200	8	9718	9	12514	10	14013	11	13984	12	12193	13	9454	14	6789	15	4319	16	2438	17	1325	18	684	19	301	20	157	21	50	22	22	23	4	24	4	29	1
954	1	4	2	59	3	209	4	654	5	1608	6	3126	7	5694	8	8663	9	11707	10	13366	11	13809	12	12681	13	9990	14	7392	15	4896	16	2952	17	1643	18	854	19	395	20	177	21	76	22	26	23	12	24	2	25	4	26	1
955	2	10	3	77	4	304	5	976	6	2341	7	4529	8	7749	9	10694	10	12918	11	14081	12	13368	13	11027	14	8412	15	5758	16	3595	17	2096	18	1109	19	537	20	250	21	103	22	50	23	14	24	2
956	1	6	2	50	3	188	4	449	5	1075	6	2263	7	4268	8	6858	9	9650	10	11970	11	13225	12	12995	13	11413	14	9178	15	6638	16	4325	17	2591	18	1428	19	794	20	368	21	165	22	64	23	27	24	10	25	1	28	1
957	2	5	3	67	4	214	5	689	6	1717	7	3677	8	6289	9	9248	10	12005	11	13247	12	13232	13	11885	14	9687	15	6924	16	4837	17	3040	18	1631	19	875	20	406	21	200	22	67	23	38	24	13	25	6	26	1
958	1	3	2	27	3	120	4	311	5	748	6	1616	7	2961	8	5212	9	7893	10	10493	11	12547	12	13119	13	12317	14	10626	15	8134	16	5719	17	3605	18	2239	19	1181	20	635	21	286	22	118	23	52	24	22	25	9	26	5	27	2
959	2	2	3	22	4	110	5	410	6	1057	7	2425	8	4510	9	7122	10	9972	11	12105	12	13113	13	12620	14	11259	15	8991	16	6419	17	4206	18	2642	19	1559	20	723	21	394	22	189	23	81	24	41	25	18	26	5	27	4	28	1
960	1	6	2	29	3	108	4	230	5	550	6	1130	7	2284	8	3998	9	6089	10	8676	11	10930	12	12391	13	12609	14	11761	15	9609	16	7226	17	5121	18	3257	19	1910	20	1049	21	550	22	263	23	124	24	54	25	26	26	11	27	9
961	2	3	3	8	4	46	5	226	6	609	7	1502	8	2971	9	5290	10	7838	11	10182	12	12413	13	12779	14	12316	15	10586	16	8156	17	5968	18	3995	19	2377	20	1368	21	689	22	402	23	176	24	54	25	24	26	13	27	6	28	2	29	1
962	1	2	2	17	3	46	4	137	5	392	6	829	7	1573	8	2715	9	4603	10	7068	11	9464	12	11385	13	12521	14	12204	15	11015	16	8980	17	6455	18	4386	19	2838	20	1606	21	902	22	463	23	232	24	93	25	44	26	18	27	8	28	2	29	1	31	1
963	3	10	4	38	5	134	6	416	7	1058	8	2280	9	4141	10	6408	11	8755	12	10963	13	12591	14	12420	15	11351	16	9395	17	7211	18	5211	19	3354	20	2025	21	1133	22	576	23	293	24	142	25	55	26	21	27	10	28	4	29	3	30	1	31	1
964	1	1	2	17	3	48	4	134	5	287	6	569	7	1081	8	1941	9	3345	10	5305	11	7592	12	9737	13	11520	14	12038	15	11739	16	10288	17	8145	18	6162	19	4083	20	2628	21	1565	22	869	23	481	24	241	25	110	26	45	27	13	28	12	29	2	30	1	32	1
965	3	4	4	13	5	71	6	191	7	526	8	1279	9	2594	10	4397	11	6592	12	9140	13	11130	14	12408	15	12221	16	10798	17	9052	18	7098	19	4824	20	3270	21	1986	22	1171	23	664	24	294	25	149	26	80	27	26	28	15	29	5	30	2
966	2	6	3	21	4	75	5	184	6	410	7	735	8	1281	9	2254	10	3790	11	5716	12	7945	13	10076	14	11689	15	11986	16	11466	17	9787	18	7804	19	5619	20	3721	21	2439	22	1425	23	776	24	412	25	225	26	103	27	34	28	13	29	5	30	1	31	1	34	1
967	3	1	4	6	5	31	6	99	7	334	8	749	9	1601	10	2909	11	4800	12	7044	13	9305	14	11020	15	11908	16	11785	17	10554	18	8623	19	6940	20	4931	21	3166	22	1908	23	1132	24	586	25	286	26	164	27	67	28	28	29	15	30	6	31	2
968	1	1	2	22	3	34	4	84	5	160	6	315	7	587	8	1009	9	1776	10	2888	11	4428	12	6469	13	8581	14	10443	15	11257	16	11553	17	10569	18	9017	19	7031	20	5158	21	3520	22	2280	23	1308	24	754	25	394	26	198	27	95	28	32	29	21	30	11	31	4	32	1
969	3	1	4	3	5	20	6	71	7	163	8	470	9	1056	10	2042	11	3434	12	5550	13	7679	14	9696	15	11305	16	11802	17	11412	18	9935	19	8283	20	6195	21	4339	22	2801	23	1750	24	921	25	538	26	282	27	157	28	54	29	29	30	10	31	2
970	2	1	3	6	4	32	5	74	6	193	7	331	8	570	9	1023	10	1647	11	2773	12	4270	13	6277	14	8597	15	10099	16	11468	17	11532	18	10610	19	9278	20	7204	21	5246	22	3542	23	2357	24	1317	25	744	26	412	27	206	28	118	29	53	30	11	31	7	33	1	34	1
971	4	1	5	9	6	30	7	91	8	238	9	572	10	1194	11	2282	12	3761	13	5624	14	7797	15	9693	16	10977	17	11560	18	10927	19	9881	20	8003	21	6215	22	4307	23	2774	24	1897	25	1053	26	534	27	291	28	158	29	82	30	32	31	13	32	4
972	1	1	2	2	3	15	4	32	5	60	6	144	7	281	8	472	9	793	10	1197	11	1983	12	3021	13	4722	14	6593	15	8521	16	10236	17	11004	18	10909	19	10313	20	8705	21	6954	22	5147	23	3562	24	2359	25	1347	26	776	27	411	28	229	29	124	30	53	31	21	32	8	33	1	34	2	35	1	36	1
973	4	1	5	2	6	13	7	35	8	84	9	267	10	582	11	1249	12	2343	13	3767	14	5752	15	7569	16	9617	17	10769	18	11169	19	11034	20	9890	21	8040	22	6157	23	4379	24	3007	25	1844	26	1111	27	650	28	341	29	177	30	89	31	36	32	13	33	5	34	6	35	2
974	2	1	3	2	4	16	5	52	6	118	7	224	8	320	9	469	10	724	11	1146	12	1827	13	2925	14	4502	15	6253	16	8284	17	10005	18	10816	19	10951	20	10292	21	8791	22	7278	23	5417	24	3708	25	2478	26	1512	27	891	28	502	29	255	30	134	31	56	32	30	33	10	34	7	36	3	37	1
975	5	2	6	10	7	17	8	54	9	164	10	370	11	820	12	1450	13	2576	14	4009	15	5725	16	7728	17	9393	18	10521	19	10932	20	10582	21	9702	22	7915	23	6063	24	4472	25	3099	26	1865	27	1164	28	652	29	354	30	186	31	95	32	55	33	13	34	8	35	2	36	1	37	1
976	2	1	3	14	4	21	5	43	6	102	7	154	8	254	9	417	10	622	11	901	12	1342	13	2055	14	3261	15	4817	16	6496	17	8117	18	9700	19	10618	20	10438	21	9887	22	8583	23	7000	24	5337	25	3811	26	2475	27	1560	28	901	29	507	30	308	31	134	32	62	33	36	34	14	35	7	36	3	37	1	38	1
977	6	4	7	13	8	22	9	86	10	197	11	411	12	878	13	1515	14	2612	15	4010	16	5548	17	7617	18	9222	19	10503	20	10991	21	10420	22	9437	23	7755	24	6244	25	4429	26	3132	27	2083	28	1307	29	755	30	399	31	214	32	104	33	57	34	20	35	9	36	3	37	2	38	1
978	3	2	4	6	5	9	6	44	7	98	8	185	9	286	10	447	11	533	12	752	13	1174	14	1809	15	2956	16	4352	17	6058	18	7926	19	9414	20	10505	21	10623	22	10204	23	8871	24	7296	25	5559	26	4028	27	2759	28	1769	29	1054	30	599	31	333	32	184	33	95	34	41	35	16	36	9	37	3	38	1
979	6	2	7	1	8	4	9	36	10	69	11	188	12	411	13	754	14	1435	15	2331	16	3648	17	5230	18	6960	19	8604	20	10059	21	10627	22	10641	23	9721	24	8255	25	6614	26	5097	27	3470	28	2373	29	1473	30	920	31	506	32	297	33	144	34	77	35	33	36	10	37	6	38	4
980	3	5	4	16	5	20	6	56	7	89	8	126	9	218	10	320	11	487	12	677	13	930	14	1310	15	2017	16	3036	17	4290	18	6049	19	7543	20	8932	21	10074	22	10308	23	9756	24	8669	25	7273	26	5775	27	4368	28	2964	29	1934	30	1201	31	728	32	394	33	218	34	124	35	56	36	26	37	5	38	5	40	1
981	7	4	8	8	9	15	10	47	11	119	12	257	13	483	14	854	15	1561	16	2647	17	3855	18	5301	19	7163	20	8482	21	9673	22	10298	23	10185	24	9428	25	8053	26	6581	27	5063	28	3606	29	2492	30	1614	31	1020	32	566	33	313	34	166	35	69	36	45	37	21	38	4	39	2	40	1	41	1	42	1	43	2
982	3	1	4	1	5	12	6	28	7	46	8	90	9	160	10	227	11	347	12	383	13	554	14	668	15	1022	16	1520	17	2516	18	3760	19	5428	20	7008	21	8508	22	9671	23	10162	24	10043	25	9410	26	7997	27	6330	28	4856	29	3546	30	2301	31	1407	32	890	33	547	34	287	35	143	36	74	37	35	38	12	39	3	40	4	41	3
983	7	3	8	2	9	6	10	23	11	57	12	114	13	291	14	488	15	839	16	1418	17	2371	18	3453	19	4924	20	6512	21	7969	22	9194	23	9908	24	10037	25	9649	26	8560	27	7127	28	5544	29	4103	30	2874	31	1837	32	1146	33	698	34	408	35	235	36	114	37	51	38	30	39	9	40	4	41	2
984	1	1	2	4	3	2	4	12	5	16	6	30	7	48	8	99	9	141	10	232	11	303	12	389	13	486	14	656	15	877	16	1188	17	1901	18	2639	19	3900	20	5329	21	6792	22	8106	23	9312	24	9872	25	9481	26	8888	27	8001	28	6467	29	4959	30	3588	31	2540	32	1585	33	948	34	556	35	307	36	185	37	84	38	38	39	20	40	12	41	4	43	1	44	1
985	8	1	9	4	10	8	11	8	12	35	13	83	14	165	15	329	16	595	17	1015	18	1652	19	2761	20	3955	21	5492	22	6971	23	8602	24	9726	25	10156	26	9901	27	9143	28	8012	29	6541	30	5025	31	3550	32	2490	33	1601	34	985	35	573	36	305	37	168	38	80	39	36	40	19	41	10	42	2	43	1
986	5	1	6	4	7	15	8	42	9	90	10	134	11	192	12	296	13	390	14	452	15	468	16	638	17	862	18	1302	19	2007	20	3091	21	4505	22	6036	23	7355	24	8755	25	9666	26	9720	27	9434	28	8512	29	7266	30	5896	31	4491	32	3074	33	2138	34	1358	35	867	36	432	37	272	38	119	39	66	40	28	41	12	42	5	43	6	44	3
987	9	6	10	4	11	6	12	35	13	69	14	126	15	252	16	417	17	640	18	1128	19	1838	20	2700	21	3810	22	5159	23	6776	24	8043	25	9011	26	9574	27	9652	28	9178	29	8100	30	6766	31	5198	32	3969	33	2793	34	1860	35	1213	36	749	37	422	38	248	39	133	40	66	41	28	42	18	43	7	44	2	45	4
988	3	2	4	3	5	7	6	25	7	29	8	33	9	42	10	94	11	128	12	214	13	306	14	388	15	491	16	557	17	685	18	892	19	1357	20	1914	21	2813	22	3875	23	5143	24	6416	25	7866	26	8966	27	9357	28	9393	29	8779	30	7840	31	6516	32	5002	33	3821	34	2707	35	1674	36	1194	37	677	38	365	39	223	40	108	41	55	42	19	43	14	44	3	45	4	46	1	47	1	50	1
989	7	1	10	1	11	5	12	20	13	23	14	60	15	105	16	180	17	365	18	630	19	1068	20	1526	21	2319	22	3440	23	4533	24	5890	25	7349	26	8506	27	9068	28	9356	29	9444	30	8316	31	7434	32	5913	33	4694	34	3416	35	2473	36	1595	37	987	38	581	39	328	40	166	41	104	42	49	43	34	44	10	45	6	46	4	50	1
990	5	2	6	3	7	7	8	19	9	33	10	57	11	111	12	180	13	225	14	314	15	371	16	361	17	443	18	466	19	579	20	872	21	1395	22	2280	23	3237	24	4622	25	6024	26	7310	27	8523	28	9067	29	9407	30	9154	31	8299	32	7183	33	5845	34	4529	35	3213	36	2218	37	1473	38	941	39	592	40	307	41	159	42	93	43	46	44	20	45	14	46	2	47	3	49	1
991	9	1	11	1	12	6	13	10	14	21	15	56	16	88	17	151	18	286	19	473	20	752	21	1156	22	1830	23	2662	24	3629	25	4808	26	6211	27	7599	28	8677	29	9148	30	9248	31	9099	32	8129	33	6998	34	5797	35	4284	36	3184	37	2135	38	1434	39	920	40	529	41	335	42	169	43	79	44	56	45	13	46	22	47	2	49	2
992	2	2	4	2	5	4	6	12	7	10	8	23	9	45	10	62	11	85	12	148	13	191	14	244	15	312	16	357	17	496	18	505	19	597	20	757	21	1040	22	1507	23	2083	24	2839	25	3880	26	5118	27	6147	28	7487	29	8268	30	8906	31	8914	32	8416	33	7728	34	6643	35	5151	36	3921	37	2895	38	2026	39	1278	40	813	41	489	42	270	43	160	44	94	45	33	46	23	47	11	48	3	49	5
993	12	3	13	6	14	14	15	23	16	43	17	91	18	161	19	270	20	454	21	683	22	1094	23	1548	24	2278	25	3189	26	4231	27	5520	28	6695	29	7639	30	8553	31	9104	32	9049	33	8494	34	7626	35	6415	36	5153	37	3865	38	2789	39	1919	40	1269	41	792	42	478	43	242	44	171	45	58	46	55	47	18	48	5	49	2	50	1
994	6	1	7	2	8	7	9	12	10	22	11	48	12	78	13	133	14	168	15	263	16	283	17	325	18	343	19	330	20	355	21	412	22	549	23	863	24	1357	25	2083	26	2912	27	4059	28	5384	29	6527	30	7722	31	8739	32	9179	33	9066	34	8399	35	7545	36	6299	37	5075	38	3858	39	2777	40	1807	41	1330	42	730	43	446	44	250	45	148	46	51	47	31	48	13	49	13	50	5	51	1
995	11	3	13	5	14	3	15	12	16	22	17	49	18	83	19	135	20	242	21	405	22	557	23	820	24	1285	25	1864	26	2570	27	3532	28	4520	29	5504	30	6770	31	7732	32	8501	33	8832	34	8884	35	8015	36	7423	37	6246	38	4825	39	3732	40	2720	41	1859	42	1132	43	758	44	412	45	268	46	130	47	71	48	42	49	20	50	13	51	1	52	3
996	3	1	5	4	6	7	7	9	8	19	9	14	10	29	11	43	12	65	13	74	14	120	15	166	16	252	17	289	18	346	19	398	20	433	21	462	22	494	23	667	24	931	25	1187	26	1741	27	2446	28	3329	29	4479	30	5651	31	6593	32	7655	33	8304	34	8777	35	8525	36	7985	37	7136	38	5909	39	4596	40	3628	41	2632	42	1836	43	1176	44	697	45	417	46	237	47	118	48	55	49	44	50	14	51	4	52	3	53	1	54	2
997	14	2	15	3	16	6	17	18	18	39	19	44	20	106	21	174	22	277	23	396	24	664	25	938	26	1415	27	1922	28	2584	29	3591	30	4737	31	5817	32	6917	33	7892	34	8568	35	8663	36	8552	37	8091	38	7127	39	6019	40	4717	41	3597	42	2511	43	1726	44	1192	45	692	46	479	47	266	48	130	49	60	50	35	51	21	52	7	53	4	55	1
998	6	1	8	3	9	6	10	14	11	26	12	47	13	72	14	111	15	123	16	172	17	266	18	293	19	290	20	313	21	318	22	282	23	316	24	375	25	566	26	805	27	1230	28	1801	29	2594	30	3515	31	4559	32	5668	33	7022	34	7778	35	8500	36	8723	37	8495	38	7863	39	6984	40	5785	41	4685	42	3503	43	2537	44	1698	45	1099	46	690	47	396	48	245	49	116	50	58	51	29	52	16	53	4	54	7	56	1
999	10	1	14	4	15	4	16	7	17	24	18	31	19	43	20	84	21	112	22	213	23	278	24	441	25	593	26	838	27	1199	28	1776	29	2251	30	2908	31	3797	32	4902	33	5873	34	6945	35	7748	36	8286	37	8536	38	8272	39	7602	40	6880	41	5748	42	4499	43	3351	44	2424	45	1723	46	1031	47	717	48	370	49	242	50	126	51	61	52	34	53	8	54	17	60	1
1000	2	1	3	4	5	3	6	9	7	9	8	9	9	11	10	29	11	24	12	33	13	45	14	68	15	98	16	136	17	211	18	264	19	296	20	320	21	418	22	368	23	379	24	427	25	531	26	661	27	844	28	1193	29	1642	30	2208	31	2873	32	3774	33	4693	34	5737	35	6696	36	7575	37	7971	38	8278	39	8001	40	7342	41	6667	42	5627	43	4495	44	3393	45	2354	46	1688	47	1089	48	664	49	375	50	239	51	109	52	65	53	27	54	16	55	8	56	3
