1	1	100000
2	1	100000
3	1	100000
4	1	100000
5	1	100000
6	1	100000
7	1	100000
8	1	100000
9	1	100000
10	1	100000
11	1	100000
12	1	100000
13	1	100000
14	1	100000
15	1	100000
16	1	100000
17	1	100000
18	1	100000
19	1	100000
20	1	100000
21	1	100000
22	1	100000
23	1	100000
24	1	100000
25	1	100000
26	1	100000
27	1	100000
28	1	100000
29	1	100000
30	1	100000
31	1	100000
32	1	100000
33	1	100000
34	1	100000
35	1	100000
36	1	100000
37	1	100000
38	1	100000
39	1	100000
40	1	100000
41	1	100000
42	1	100000
43	1	100000
44	1	100000
45	1	100000
46	1	100000
47	1	100000
48	1	100000
49	1	100000
50	1	100000
51	1	100000
52	1	100000
53	1	100000
54	1	100000
55	1	100000
56	1	100000
57	1	100000
58	1	100000
59	1	100000
60	1	100000
61	1	100000
62	1	100000
63	1	100000
64	1	100000
65	1	100000
66	1	100000
67	1	100000
68	1	100000
69	1	100000
70	1	100000
71	1	100000
72	1	100000
73	1	100000
74	1	100000
75	1	100000
76	1	100000
77	1	100000
78	1	100000
79	1	100000
80	1	100000
81	1	100000
82	1	100000
83	1	100000
84	1	100000
85	1	100000
86	1	100000
87	1	100000
88	1	100000
89	1	100000
90	1	100000
91	1	100000
92	1	100000
93	1	100000
94	1	100000
95	1	100000
96	1	100000
97	1	100000
98	1	100000
99	1	100000
100	1	100000
101	1	100000
102	1	100000
103	1	100000
104	1	100000
105	1	100000
106	1	100000
107	1	100000
108	1	100000
109	1	100000
110	1	100000
111	1	100000
112	1	100000
113	1	100000
114	1	100000
115	1	100000
116	1	100000
117	1	100000
118	1	100000
119	1	100000
120	1	100000
121	1	100000
122	1	100000
123	1	100000
124	1	100000
125	1	100000
126	1	100000
127	1	100000
128	1	100000
129	1	100000
130	1	100000
131	1	100000
132	1	100000
133	1	100000
134	1	100000
135	1	100000
136	1	100000
137	1	100000
138	1	100000
139	1	100000
140	1	100000
141	1	100000
142	1	100000
143	1	100000
144	1	100000
145	1	100000
146	1	100000
147	1	100000
148	1	100000
149	1	100000
150	1	100000
151	1	100000
152	1	100000
153	1	100000
154	1	100000
155	1	100000
156	1	100000
157	1	100000
158	1	100000
159	1	100000
160	1	100000
161	1	100000
162	1	100000
163	1	100000
164	1	100000
165	1	100000
166	1	100000
167	1	100000
168	1	100000
169	1	100000
170	1	100000
171	1	100000
172	1	100000
173	1	100000
174	1	100000
175	1	100000
176	1	100000
177	1	100000
178	1	100000
179	1	100000
180	1	100000
181	1	100000
182	1	100000
183	1	100000
184	1	100000
185	1	100000
186	1	100000
187	1	100000
188	1	100000
189	1	100000
190	1	100000
191	1	100000
192	1	100000
193	1	100000
194	1	100000
195	1	100000
196	1	100000
197	1	100000
198	1	100000
199	1	100000
200	1	100000
201	1	100000
202	1	100000
203	1	100000
204	1	100000
205	1	100000
206	1	100000
207	1	100000
208	1	100000
209	1	100000
210	1	100000
211	1	100000
212	1	100000
213	1	100000
214	1	100000
215	1	100000
216	1	100000
217	1	100000
218	1	100000
219	1	100000
220	1	100000
221	1	100000
222	1	100000
223	1	100000
224	1	100000
225	1	100000
226	1	100000
227	1	100000
228	1	100000
229	1	100000
230	1	100000
231	1	100000
232	1	100000
233	1	100000
234	1	100000
235	1	100000
236	1	100000
237	1	100000
238	1	100000
239	1	100000
240	1	100000
241	1	100000
242	1	100000
243	1	100000
244	1	100000
245	1	100000
246	1	100000
247	1	100000
248	1	100000
249	1	100000
250	1	100000
251	1	100000
252	1	100000
253	1	100000
254	1	100000
255	1	100000
256	1	100000
257	1	100000
258	1	100000
259	1	100000
260	1	100000
261	1	100000
262	1	100000
263	1	100000
264	1	100000
265	1	100000
266	1	100000
267	1	100000
268	1	100000
269	1	100000
270	1	100000
271	1	100000
272	1	100000
273	1	100000
274	1	100000
275	1	100000
276	1	100000
277	1	100000
278	1	100000
279	1	100000
280	1	100000
281	1	100000
282	1	100000
283	1	100000
284	1	100000
285	1	100000
286	1	100000
287	1	100000
288	1	100000
289	1	100000
290	1	100000
291	1	100000
292	1	100000
293	1	100000
294	1	100000
295	1	100000
296	1	100000
297	1	100000
298	1	100000
299	1	100000
300	1	100000
301	1	100000
302	1	100000
303	1	100000
304	1	100000
305	1	100000
306	1	100000
307	1	100000
308	1	100000
309	1	100000
310	1	100000
311	1	100000
312	1	100000
313	1	100000
314	1	100000
315	1	100000
316	1	100000
317	1	100000
318	1	100000
319	1	100000
320	1	100000
321	1	100000
322	1	100000
323	1	100000
324	1	100000
325	1	100000
326	1	100000
327	1	100000
328	1	100000
329	1	100000
330	1	100000
331	1	100000
332	1	100000
333	1	100000
334	1	100000
335	1	100000
336	1	100000
337	1	100000
338	1	100000
339	1	100000
340	1	100000
341	1	100000
342	1	100000
343	1	100000
344	1	100000
345	1	100000
346	1	100000
347	1	100000
348	1	100000
349	1	100000
350	1	100000
351	1	100000
352	1	100000
353	1	100000
354	1	100000
355	1	100000
356	1	100000
357	1	100000
358	1	100000
359	1	100000
360	1	100000
361	1	100000
362	1	100000
363	1	100000
364	1	100000
365	1	100000
366	1	100000
367	1	100000
368	1	100000
369	1	100000
370	1	100000
371	1	100000
372	1	100000
373	1	100000
374	1	100000
375	1	100000
376	1	100000
377	1	100000
378	1	100000
379	1	100000
380	1	100000
381	1	100000
382	1	100000
383	1	100000
384	1	100000
385	1	100000
386	1	100000
387	1	100000
388	1	100000
389	1	100000
390	1	100000
391	1	100000
392	1	100000
393	1	100000
394	1	100000
395	1	100000
396	1	100000
397	1	100000
398	1	100000
399	1	100000
400	1	100000
401	1	100000
402	1	100000
403	1	100000
404	1	100000
405	1	100000
406	1	100000
407	1	100000
408	1	100000
409	1	100000
410	1	100000
411	1	100000
412	1	100000
413	1	100000
414	1	100000
415	1	100000
416	1	100000
417	1	100000
418	1	100000
419	1	100000
420	1	100000
421	1	100000
422	1	100000
423	1	100000
424	1	100000
425	1	100000
426	1	100000
427	1	100000
428	1	100000
429	1	100000
430	1	100000
431	1	100000
432	1	100000
433	1	100000
434	1	100000
435	1	100000
436	1	100000
437	1	100000
438	1	100000
439	1	100000
440	1	100000
441	1	100000
442	1	100000
443	1	100000
444	1	100000
445	1	100000
446	1	100000
447	1	100000
448	1	100000
449	1	100000
450	1	100000
451	1	100000
452	1	100000
453	1	100000
454	1	100000
455	1	100000
456	1	100000
457	1	100000
458	1	100000
459	1	100000
460	1	100000
461	1	100000
462	1	100000
463	1	100000
464	1	100000
465	1	100000
466	1	100000
467	1	100000
468	1	100000
469	1	100000
470	1	100000
471	1	100000
472	1	100000
473	1	100000
474	1	100000
475	1	100000
476	1	100000
477	1	100000
478	1	100000
479	1	100000
480	1	100000
481	1	100000
482	1	100000
483	1	100000
484	1	100000
485	1	100000
486	1	100000
487	1	100000
488	1	100000
489	1	100000
490	1	100000
491	1	100000
492	1	100000
493	1	100000
494	1	100000
495	1	100000
496	1	100000
497	1	100000
498	1	100000
499	1	100000
500	1	100000
501	1	13234	2	86766
502	1	24737	2	75263
503	1	34543	2	65457
504	1	43156	2	56844
505	1	50697	2	49303
506	1	57067	2	42933
507	1	62671	2	37329
508	1	67662	2	32338
509	1	71776	2	28224
510	1	75371	2	24629
511	1	78945	2	21055
512	1	81654	2	18346
513	1	84044	2	15956
514	1	86021	2	13979
515	1	87918	2	12082
516	1	89417	2	10583
517	1	90818	2	9182
518	1	92003	2	7997
519	1	93098	2	6902
520	1	93981	2	6019
521	1	94878	2	5122
522	1	95498	2	4502
523	1	96168	2	3832
524	1	96611	2	3389
525	1	97071	2	2929
526	1	97426	2	2574
527	1	97805	2	2195
528	1	98056	2	1944
529	1	98434	2	1566
530	1	98613	2	1387
531	1	98693	2	1307
532	1	98840	2	1160
533	1	99042	2	958
534	1	99167	2	833
535	1	99322	2	678
536	1	99381	2	619
537	1	99438	2	562
538	1	99515	2	485
539	1	99614	2	386
540	1	99666	2	334
541	1	99691	2	309
542	1	99730	2	270
543	1	99743	2	257
544	1	99779	2	221
545	1	99826	2	174
546	1	99862	2	138
547	1	99871	2	129
548	1	99899	2	101
549	1	99901	2	99
550	1	99925	2	75
551	1	99908	2	92
552	1	99943	2	57
553	1	99952	2	48
554	1	99945	2	55
555	1	99964	2	36
556	1	99974	2	26
557	1	99968	2	32
558	1	99973	2	27
559	1	99963	2	37
560	1	99986	2	14
561	1	99982	2	18
562	1	99989	2	11
563	1	99984	2	16
564	1	99987	2	13
565	1	99989	2	11
566	1	99998	2	2
567	1	99990	2	10
568	1	99991	2	9
569	1	99992	2	8
570	1	99998	2	2
571	1	99995	2	5
572	1	99994	2	6
573	1	99996	2	4
574	1	99997	2	3
575	1	99998	2	2
576	1	99999	2	1
577	1	99999	2	1
578	1	99999	2	1
579	1	99998	2	2
580	1	100000
581	1	99999	2	1
582	1	99998	2	2
583	1	99998	2	2
584	1	100000
585	1	100000
586	1	99999	2	1
587	1	99999	2	1
588	1	100000
589	1	100000
590	1	99999	2	1
591	1	100000
592	1	100000
593	1	100000
594	1	99999	2	1
595	1	100000
596	1	100000
597	1	100000
598	1	100000
599	1	100000
600	1	99999	2	1
601	1	100000
602	1	100000
603	1	100000
604	1	100000
605	1	100000
606	1	100000
607	1	99998	2	2
608	1	100000
609	1	100000
610	1	100000
611	1	99999	2	1
612	1	99999	2	1
613	1	100000
614	1	99999	2	1
615	1	100000
616	1	100000
617	1	100000
618	1	100000
619	1	100000
620	1	100000
621	1	99999	2	1
622	1	100000
623	1	100000
624	1	100000
625	1	100000
626	1	100000
627	1	99999	2	1
628	1	100000
629	1	100000
630	1	100000
631	1	100000
632	1	99999	2	1
633	1	100000
634	1	100000
635	1	100000
636	1	99999	2	1
637	1	100000
638	1	100000
639	1	99999	2	1
640	1	100000
641	1	99999	2	1
642	1	100000
643	1	100000
644	1	100000
645	1	100000
646	1	99999	2	1
647	1	100000
648	1	100000
649	1	99999	2	1
650	1	100000
651	1	99999	2	1
652	1	100000
653	1	99999	2	1
654	1	100000
655	1	99999	2	1
656	1	100000
657	1	99999	2	1
658	1	99997	2	3
659	1	99999	2	1
660	1	99999	2	1
661	1	99998	2	2
662	1	99998	2	2
663	1	99994	2	6
664	1	99994	2	6
665	1	99996	2	4
666	1	99992	2	8
667	1	100000
668	1	99992	2	8
669	1	99998	2	2
670	1	100000
671	1	99998	2	2
672	1	99996	2	4
673	1	99998	2	2
674	1	99996	2	4
675	1	99997	2	3
676	1	99992	2	8
677	1	99998	2	2
678	1	99995	2	5
679	1	99998	2	2
680	1	99995	2	5
681	1	99997	2	3
682	1	99998	2	2
683	1	99997	2	3
684	1	99998	2	2
685	1	99998	2	2
686	1	99998	2	2
687	1	99994	2	6
688	1	99992	2	8
689	1	99999	2	1
690	1	99991	2	9
691	1	99997	2	3
692	1	99992	2	8
693	1	99995	2	5
694	1	99988	2	12
695	1	99992	2	8
696	1	99992	2	8
697	1	99989	2	11
698	1	99995	2	5
699	1	99993	2	7
700	1	99982	2	18
701	1	99996	2	4
702	1	99994	2	6
703	1	99994	2	6
704	1	99978	2	22
705	1	99987	2	13
706	1	99991	2	9
707	1	99988	2	12
708	1	99984	2	16
709	1	99988	2	12
710	1	99986	2	14
711	1	99977	2	23
712	1	99985	2	15
713	1	99983	2	17
714	1	99982	2	18
715	1	99973	2	27
716	1	99966	2	34
717	1	99970	2	30
718	1	99984	2	16
719	1	99981	2	19
720	1	99949	2	51
721	1	99982	2	18
722	1	99975	2	25
723	1	99976	2	24
724	1	99970	2	30
725	1	99970	2	30
726	1	99966	2	34
727	1	99973	2	27
728	1	99971	2	29
729	1	99965	2	35
730	1	99963	2	37
731	1	99959	2	41
732	1	99954	2	46
733	1	99967	2	33
734	1	99945	2	55
735	1	99949	2	51
736	1	99948	2	52
737	1	99950	2	50
738	1	99940	2	60
739	1	99939	2	61
740	1	99933	2	67
741	1	99960	2	40
742	1	99942	2	58
743	1	99932	2	68
744	1	99939	2	61
745	1	99921	2	79
746	1	99920	2	80
747	1	99925	2	75
748	1	99921	2	79
749	1	99918	2	82
750	1	99916	2	84
751	1	99719	2	281
752	1	99765	2	233	3	2
753	1	99762	2	238
754	1	99758	2	242
755	1	99756	2	244
756	1	99772	2	228
757	1	99813	2	187
758	1	99770	2	230
759	1	99779	2	221
760	1	99769	2	231
761	1	99763	2	237
762	1	99791	2	209
763	1	99753	2	246	3	1
764	1	99771	2	229
765	1	99781	2	218	3	1
766	1	99739	2	261
767	1	99736	2	263	3	1
768	1	99729	2	269	3	2
769	1	99711	2	289
770	1	99722	2	277	3	1
771	1	99729	2	270	3	1
772	1	99702	2	298
773	1	99698	2	301	3	1
774	1	99654	2	346
775	1	99663	2	337
776	1	99683	2	317
777	1	99640	2	358	3	2
778	1	99632	2	368
779	1	99647	2	353
780	1	99560	2	437	3	3
781	1	99608	2	392
782	1	99523	2	476	3	1
783	1	99556	2	442	3	2
784	1	99505	2	494	3	1
785	1	99495	2	501	3	4
786	1	99444	2	555	3	1
787	1	99460	2	539	3	1
788	1	99448	2	550	3	2
789	1	99416	2	581	3	3
790	1	99373	2	625	3	2
791	1	99362	2	637	3	1
792	1	99273	2	723	3	4
793	1	99264	2	732	3	4
794	1	99191	2	808	3	1
795	1	99155	2	837	3	8
796	1	99104	2	893	3	3
797	1	99079	2	917	3	4
798	1	98922	2	1075	3	3
799	1	98956	2	1041	3	3
800	1	99143	2	852	3	5
801	1	99132	2	864	3	4
802	1	99100	2	896	3	4
803	1	99065	2	932	3	3
804	1	99015	2	980	3	5
805	1	98883	2	1109	3	8
806	1	98844	2	1146	3	10
807	1	98687	2	1305	3	8
808	1	98686	2	1301	3	13
809	1	98715	2	1277	3	8
810	1	98538	2	1454	3	8
811	1	98499	2	1491	3	10
812	1	98436	2	1547	3	17
813	1	98254	2	1733	3	13
814	1	98298	2	1682	3	20
815	1	98214	2	1763	3	23
816	1	98090	2	1888	3	21	4	1
817	1	98048	2	1938	3	12	4	2
818	1	97873	2	2112	3	15
819	1	97791	2	2181	3	28
820	1	97813	2	2168	3	19
821	1	97656	2	2316	3	28
822	1	97515	2	2446	3	39
823	1	97276	2	2691	3	33
824	1	97353	2	2617	3	30
825	1	97290	2	2671	3	39
826	1	97245	2	2715	3	40
827	1	96940	2	3007	3	53
828	1	96826	2	3141	3	32	4	1
829	1	96789	2	3166	3	45
830	1	96532	2	3419	3	48	4	1
831	1	96468	2	3475	3	55	4	2
832	1	96293	2	3653	3	52	4	2
833	1	96073	2	3848	3	77	4	2
834	1	95405	2	4509	3	85	4	1
835	1	95611	2	4299	3	89	4	1
836	1	95175	2	4709	3	115	4	1
837	1	95184	2	4701	3	113	4	2
838	1	94956	2	4929	3	114	4	1
839	1	94975	2	4897	3	126	4	2
840	1	94377	2	5493	3	126	4	4
841	1	94461	2	5387	3	151	4	1
842	1	93573	2	6244	3	180	4	3
843	1	94175	2	5654	3	166	4	4	5	1
844	1	93825	2	6002	3	171	4	2
845	1	93441	2	6358	3	198	4	3
846	1	93106	2	6666	3	225	4	3
847	1	92986	2	6762	3	246	4	6
848	1	92340	2	7387	3	268	4	5
849	1	92181	2	7504	3	309	4	6
850	1	91789	2	7911	3	291	4	9
851	1	91331	2	8285	3	377	4	7
852	1	90750	2	8835	3	400	4	15
853	1	90901	2	8692	3	397	4	10
854	1	90089	2	9440	3	455	4	15	5	1
855	1	89393	2	10082	3	509	4	15	5	1
856	1	88694	2	10721	3	561	4	22	5	2
857	1	88289	2	11016	3	673	4	21	5	1
858	1	90800	2	8787	3	402	4	11
859	1	89295	2	10105	3	576	4	24
860	1	89052	2	10280	3	645	4	21	5	2
861	1	88164	2	11145	3	667	4	24
862	1	87782	2	11428	3	751	4	38	5	1
863	1	86860	2	12256	3	844	4	38	5	1	6	1
864	1	86549	2	12544	3	858	4	49
865	1	86355	2	12678	3	920	4	44	5	3
866	1	85193	2	13648	3	1105	4	52	5	2
867	1	84603	2	14213	3	1118	4	65	5	1
868	1	83842	2	14839	3	1256	4	59	5	3	6	1
869	1	83183	2	15392	3	1333	4	88	5	4
870	1	82857	2	15609	3	1458	4	73	5	3
871	1	82443	2	15936	3	1522	4	96	5	3
872	1	81195	2	17007	3	1694	4	93	5	11
873	1	81269	2	16925	3	1688	4	110	5	8
874	1	79926	2	17966	3	1961	4	140	5	7
875	1	79326	2	18520	3	2004	4	145	5	5
876	1	77044	2	20169	3	2573	4	198	5	15	6	1
877	1	76423	2	20647	3	2695	4	224	5	11
878	1	75281	2	21495	3	2951	4	253	5	19	6	1
879	1	75149	2	21661	3	2915	4	256	5	19
880	1	73744	2	22625	3	3320	4	287	5	23	6	1
881	1	73203	2	22904	3	3543	4	319	5	28	6	3
882	1	73458	2	22604	3	3549	4	354	5	33	6	2
883	1	71646	2	24007	3	3897	4	416	5	31	6	3
884	1	70710	2	24534	3	4243	4	466	5	46	6	1
885	1	68950	2	25898	3	4576	4	537	5	39
886	1	68461	2	26113	3	4801	4	570	5	49	6	5	7	1
887	1	67070	2	27011	3	5210	4	651	5	51	6	6	7	1
888	1	64783	2	28420	3	5964	4	757	5	71	6	4	7	1
889	1	68074	2	26180	3	5067	4	622	5	53	6	4
890	1	65934	2	27593	3	5661	4	724	5	78	6	9	8	1
891	1	63769	2	28842	3	6397	4	893	5	86	6	13
892	1	63913	2	28518	3	6487	4	957	5	115	6	10
893	1	61348	2	29916	3	7404	4	1188	5	138	6	6
894	1	61068	2	30276	3	7326	4	1186	5	128	6	13	7	2	8	1
895	1	59327	2	31257	3	7947	4	1298	5	154	6	15	7	2
896	1	57547	2	31906	3	8865	4	1488	5	174	6	19	7	1
897	1	56648	2	32488	3	9035	4	1571	5	232	6	21	7	5
898	1	55967	2	32436	3	9584	4	1769	5	227	6	16	7	1
899	1	53502	2	33977	3	10143	4	2050	5	298	6	29	7	1
900	1	52688	2	33853	3	10935	4	2142	5	337	6	41	7	4
901	1	50419	2	34813	3	11768	4	2535	5	407	6	51	7	7
902	1	48788	2	35388	3	12401	4	2886	5	476	6	55	7	5	8	1
903	1	47544	2	35705	3	13115	4	3048	5	506	6	74	7	8
904	1	46811	2	35969	3	13297	4	3261	5	566	6	88	7	8
905	1	44133	2	36685	3	14660	4	3690	5	702	6	108	7	20	8	2
906	1	43094	2	36805	3	15143	4	4056	5	763	6	122	7	16	8	1
907	1	41436	2	37291	3	15826	4	4415	5	890	6	120	7	20	8	2
908	1	38513	2	37264	3	17569	4	5234	5	1179	6	208	7	29	8	4
909	1	37420	2	37260	3	18048	4	5738	5	1262	6	240	7	27	8	4	9	1
910	1	40223	2	36562	3	16811	4	5071	5	1119	6	181	7	30	8	3
911	1	38479	2	37035	3	17514	4	5488	5	1225	6	221	7	34	8	3	9	1
912	1	35591	2	36892	3	19180	4	6390	5	1580	6	314	7	48	8	5
913	1	33731	2	37033	3	19781	4	7131	5	1887	6	362	7	63	8	12
914	1	33424	2	36856	3	20150	4	7272	5	1833	6	380	7	75	8	7	9	3
915	1	30939	2	36873	3	21386	4	8029	5	2199	6	480	7	82	8	11	9	1
916	1	30477	2	36160	3	21807	4	8545	5	2358	6	538	7	94	8	20	11	1
917	1	28118	2	36172	3	22686	4	9439	5	2781	6	647	7	122	8	32	9	1	10	2
918	1	26245	2	35427	3	23916	4	10286	5	3213	6	734	7	145	8	27	9	7
919	1	25935	2	35447	3	23741	4	10553	5	3312	6	797	7	193	8	20	9	2
920	1	23833	2	34623	3	24732	4	11545	5	3924	6	1067	7	227	8	40	9	8	10	1
921	1	21398	2	34127	3	25724	4	12697	5	4512	6	1228	7	261	8	40	9	11	10	2
922	1	20779	2	33195	3	26106	4	13111	5	4920	6	1461	7	352	8	69	9	6	11	1
923	1	18899	2	32135	3	26931	4	14252	5	5567	6	1703	7	409	8	88	9	14	10	2
924	1	21012	2	32909	3	25692	4	13320	5	5161	6	1462	7	350	8	83	9	9	10	2
925	1	17949	2	31443	3	26941	4	15050	5	6107	6	1905	7	479	8	101	9	20	10	4	11	1
926	1	16694	2	30142	3	27045	4	16052	5	6851	6	2362	7	675	8	137	9	36	10	4	11	2
927	1	15485	2	29364	3	27451	4	16788	5	7439	6	2541	7	747	8	141	9	36	10	8
928	1	14713	2	28109	3	27668	4	17398	5	8071	6	2922	7	878	8	202	9	35	10	4
929	1	12961	2	27270	3	27977	4	18508	5	8740	6	3286	7	948	8	254	9	45	10	9	11	2
930	1	12112	2	26085	3	27582	4	19216	5	9619	6	3776	7	1202	8	325	9	70	10	12	11	1
931	1	10721	2	24599	3	27655	4	19988	5	10700	6	4399	7	1451	8	369	9	87	10	28	11	3
932	1	9666	2	23114	3	27111	4	20646	5	11802	6	5132	7	1780	8	566	9	149	10	29	11	4	13	1
933	1	8582	2	21950	3	26801	4	21715	5	12432	6	5622	7	2078	8	621	9	158	10	37	11	3	12	1
934	1	9392	2	22625	3	26792	4	21026	5	12126	6	5344	7	1935	8	571	9	149	10	31	11	7	12	1	13	1
935	1	7457	2	19851	3	26300	4	22146	5	13772	6	6707	7	2646	8	804	9	240	10	61	11	13	12	3
936	1	7848	2	20083	3	25869	4	21739	5	13890	6	6718	7	2661	8	868	9	258	10	46	11	17	12	3
937	1	6296	2	17998	3	25209	4	22921	5	14985	6	7829	7	3210	8	1137	9	323	10	75	11	15	12	1	13	1
938	1	5502	2	16193	3	23981	4	23127	5	16433	6	8811	7	3937	8	1380	9	473	10	133	11	23	12	5	13	2
939	1	4656	2	15131	3	23220	4	23229	5	17157	6	9902	7	4395	8	1656	9	479	10	132	11	33	12	6	13	3	14	1
940	1	4373	2	13746	3	22244	4	22923	5	17694	6	10613	7	5216	8	2141	9	740	10	240	11	56	12	14
941	1	3258	2	11628	3	20556	4	23398	5	18932	6	12010	7	6175	8	2732	9	921	10	304	11	70	12	12	13	4
942	1	3737	2	12294	3	20741	4	23048	5	18668	6	11673	7	5929	8	2539	9	974	10	291	11	80	12	22	13	3	14	1
943	1	2847	2	10460	3	19189	4	22484	5	19568	6	13300	7	7280	8	3127	9	1209	10	396	11	103	12	30	13	7
944	1	2871	2	10119	3	18397	4	22142	5	19604	6	13705	7	7513	8	3544	9	1420	10	494	11	140	12	44	13	5	14	1	15	1
945	1	1928	2	8236	3	16445	4	21339	5	20531	6	15297	7	8898	8	4491	9	1828	10	715	11	228	12	45	13	15	14	3	15	1
946	1	1921	2	8019	3	15680	4	20556	5	20106	6	15672	7	9627	8	5063	9	2142	10	836	11	276	12	77	13	21	14	3	15	1
947	1	1524	2	6731	3	14662	4	20580	5	20624	6	16359	7	10287	8	5392	9	2457	10	907	11	338	12	105	13	29	14	5
948	1	1658	2	6833	3	14189	4	19982	5	20539	6	16287	7	10565	8	5797	9	2591	10	1061	11	351	12	108	13	26	14	9	15	3	16	1
949	1	1042	2	4954	3	11802	4	18293	5	20463	6	17967	7	12285	8	7283	9	3537	10	1557	11	574	12	171	13	58	14	10	15	4
950	1	1055	2	4873	3	11286	4	17229	5	20052	6	17924	7	12897	8	8007	9	3920	10	1773	11	661	12	229	13	81	14	10	15	3
951	1	712	2	3749	3	9794	4	16313	5	19608	6	18594	7	14084	8	8795	9	4810	10	2219	11	858	12	319	13	107	14	27	15	8	16	2	18	1
952	1	754	2	3789	3	9008	4	15291	5	18914	6	18314	7	14498	8	9730	9	5451	10	2557	11	1143	12	375	13	129	14	35	15	9	16	3
953	1	499	2	2632	3	7610	4	13714	5	18154	6	18939	7	15846	8	10857	9	6344	10	3132	11	1414	12	588	13	180	14	68	15	15	16	4	17	3	18	1
954	1	523	2	2646	3	7153	4	12892	5	17338	6	18346	7	16316	8	11518	9	6982	10	3605	11	1652	12	665	13	251	14	82	15	23	16	4	17	4
955	1	259	2	1824	3	5412	4	11205	5	16223	6	18499	7	16971	8	13089	9	8403	10	4489	11	2122	12	980	13	357	14	123	15	32	16	7	17	3	18	2
956	1	370	2	1855	3	5144	4	10059	5	15154	6	17512	7	16825	8	13484	9	9327	10	5503	11	2694	12	1259	13	524	14	189	15	68	16	27	17	6
957	1	193	2	1390	3	4441	4	9385	5	14481	6	17676	7	17430	8	14152	9	9613	10	5850	11	2997	12	1467	13	585	14	233	15	70	16	28	17	5	18	3	19	1
958	1	209	2	1270	3	3928	4	8231	5	12982	6	16609	7	17064	8	14942	9	10916	10	6831	11	3751	12	1930	13	833	14	320	15	130	16	33	17	16	18	5
959	1	107	2	865	3	3020	4	6975	5	11710	6	16068	7	17273	8	15710	9	11885	10	7934	11	4416	12	2317	13	1039	14	443	15	152	16	50	17	25	18	11
960	1	180	2	988	3	2848	4	6331	5	10693	6	14754	7	16931	8	15511	9	12525	10	8700	11	5324	12	2836	13	1427	14	595	15	244	16	73	17	33	18	7
961	1	63	2	463	3	1908	4	5042	5	9391	6	13898	7	16380	8	16300	9	13822	10	9804	11	6344	12	3571	13	1711	14	798	15	337	16	117	17	34	18	13	19	1	20	3
962	1	82	2	589	3	2143	4	4800	5	8755	6	12839	7	15532	8	16145	9	13951	10	10550	11	6839	12	4088	13	2038	14	975	15	418	16	181	17	54	18	16	19	2	20	2	21	1
963	1	28	2	343	3	1371	4	3874	5	7699	6	12138	7	15349	8	16316	9	14571	10	11201	11	7719	12	4735	13	2580	14	1223	15	525	16	212	17	76	18	32	19	4	20	3	22	1
964	1	70	2	448	3	1341	4	3422	5	6672	6	10495	7	13944	8	15410	9	14681	10	12420	11	9007	12	5807	13	3358	14	1633	15	753	16	333	17	133	18	44	19	16	20	10	21	3
965	1	16	2	171	3	745	4	2289	5	5243	6	9163	7	12776	8	15443	9	15526	10	13433	11	10129	12	6808	13	4215	14	2168	15	1121	16	471	17	187	18	62	19	24	20	6	21	4
966	1	42	2	283	3	913	4	2389	5	4824	6	8147	7	11791	8	14372	9	15135	10	13621	11	11047	12	7656	13	4833	14	2617	15	1334	16	586	17	249	18	108	19	37	20	9	21	6	24	1
967	1	8	2	80	3	437	4	1428	5	3423	6	6767	7	10501	8	13878	9	15159	10	14574	11	11914	12	8820	13	5986	14	3582	15	1912	16	899	17	392	18	154	19	54	20	23	21	6	22	2	23	1
968	1	41	2	237	3	718	4	1846	5	3713	6	6620	7	9913	8	12775	9	14531	10	14073	11	12103	12	9347	13	6168	14	3933	15	2148	16	1038	17	461	18	202	19	86	20	32	21	8	22	5	23	2
969	1	8	2	48	3	269	4	914	5	2528	6	5220	7	8384	8	12168	9	14324	10	14877	11	13013	12	10667	13	7529	14	4711	15	2765	16	1427	17	680	18	298	19	117	20	34	21	13	22	4	23	1	24	1
970	1	10	2	85	3	349	4	961	5	2255	6	4178	7	6986	8	10175	9	13034	10	14447	11	13988	12	11514	13	8843	14	5928	15	3621	16	1856	17	998	18	452	19	198	20	75	21	30	22	10	23	6	24	1
971	1	1	2	32	3	119	4	530	5	1495	6	3190	7	6150	8	9164	9	12504	10	13961	11	14063	12	12362	13	9860	14	6947	15	4472	16	2562	17	1340	18	697	19	334	20	124	21	53	22	28	23	7	24	1	25	2	26	2
972	1	18	2	96	3	289	4	738	5	1583	6	3064	7	5295	8	8153	9	11034	10	13326	11	13733	12	12688	13	10471	14	7748	15	5264	16	3239	17	1687	18	889	19	404	20	177	21	65	22	25	23	10	24	3	25	1
973	2	15	3	54	4	220	5	715	6	1880	7	4003	8	6813	9	9810	10	12580	11	14095	12	13716	13	11700	14	9044	15	6564	16	4155	17	2338	18	1261	19	614	20	249	21	113	22	44	23	12	24	3	25	2
974	1	7	2	51	3	176	4	447	5	996	6	1848	7	3316	8	5708	9	8445	10	11116	11	12997	12	13285	13	12434	14	10240	15	7481	16	5148	17	3095	18	1680	19	848	20	397	21	172	22	67	23	29	24	13	25	2	26	1	27	1
975	2	4	3	43	4	147	5	481	6	1251	7	2597	8	4876	9	7731	10	10461	11	12482	12	13471	13	12834	14	10981	15	8452	16	5876	17	3804	18	2217	19	1238	20	617	21	254	22	122	23	35	24	15	25	5	26	3	27	3
976	1	13	2	53	3	151	4	324	5	737	6	1448	7	2620	8	4279	9	6585	10	9025	11	11267	12	12604	13	12617	14	11502	15	9448	16	6819	17	4557	18	2790	19	1611	20	857	21	395	22	179	23	76	24	28	25	9	26	5	27	1
977	3	18	4	54	5	248	6	657	7	1510	8	3072	9	5428	10	8004	11	10628	12	12525	13	12984	14	12326	15	10611	16	8077	17	5725	18	3775	19	2212	20	1172	21	546	22	244	23	109	24	49	25	16	26	6	27	3	28	1
978	1	3	2	14	3	66	4	175	5	425	6	766	7	1474	8	2522	9	4070	10	6416	11	8878	12	11235	13	12606	14	12843	15	11393	16	9377	17	6854	18	4667	19	2918	20	1652	21	897	22	394	23	202	24	102	25	30	26	16	27	4	28	1
979	3	2	4	22	5	72	6	267	7	749	8	1587	9	3104	10	5348	11	7765	12	10241	13	12232	14	12757	15	12122	16	10727	17	8270	18	5894	19	3980	20	2359	21	1300	22	690	23	290	24	135	25	51	26	24	27	10	29	1	30	1
980	1	4	2	19	3	75	4	145	5	330	6	577	7	1065	8	1813	9	2804	10	4642	11	6680	12	9046	13	10925	14	11877	15	11918	16	10991	17	9125	18	6792	19	4730	20	2907	21	1756	22	913	23	473	24	232	25	101	26	35	27	15	28	9	29	1
981	3	1	4	16	5	50	6	182	7	469	8	1061	9	2108	10	3669	11	5763	12	8290	13	10384	14	11896	15	12391	16	11576	17	9942	18	7800	19	5790	20	3740	21	2244	22	1292	23	735	24	335	25	151	26	66	27	32	28	11	29	5	30	1
982	1	1	2	2	3	26	4	77	5	187	6	337	7	624	8	1032	9	1547	10	2605	11	4050	12	6251	13	8374	14	10514	15	11894	16	12036	17	11099	18	9422	19	7320	20	4981	21	3444	22	1987	23	1129	24	574	25	280	26	115	27	52	28	28	29	8	30	2	31	1	33	1
983	4	7	5	24	6	72	7	215	8	565	9	1170	10	2094	11	3634	12	5693	13	7796	14	10040	15	11393	16	11879	17	11542	18	10117	19	8102	20	5911	21	4119	22	2599	23	1521	24	791	25	377	26	208	27	74	28	34	29	10	30	9	31	3	33	1
984	1	4	2	16	3	38	4	75	5	191	6	326	7	498	8	867	9	1282	10	2002	11	3071	12	4618	13	6574	14	8571	15	10172	16	11399	17	11391	18	10437	19	8894	20	6906	21	4872	22	3365	23	1998	24	1220	25	647	26	322	27	138	28	70	29	22	30	9	31	1	32	4
985	3	1	5	2	6	16	7	54	8	165	9	385	10	843	11	1678	12	2930	13	4647	14	6822	15	9013	16	10809	17	11781	18	11737	19	10839	20	8899	21	6963	22	4967	23	3160	24	1981	25	1173	26	624	27	281	28	137	29	59	30	25	31	7	33	1	34	1
986	3	7	4	30	5	87	6	165	7	318	8	507	9	775	10	1054	11	1564	12	2395	13	3881	14	5685	15	7659	16	9558	17	10781	18	11330	19	10822	20	9622	21	7824	22	5811	23	4195	24	2644	25	1582	26	859	27	454	28	210	29	99	30	57	31	19	32	2	33	3	34	1
987	5	2	6	12	7	57	8	115	9	268	10	594	11	1109	12	2081	13	3285	14	4945	15	6795	16	8625	17	10146	18	11080	19	11037	20	10270	21	8925	22	7016	23	5204	24	3467	25	2256	26	1318	27	732	28	377	29	153	30	75	31	38	32	11	33	4	34	2	35	1
988	2	2	3	15	4	28	5	70	6	124	7	213	8	378	9	524	10	784	11	1133	12	1576	13	2320	14	3569	15	5023	16	6972	17	8438	18	10056	19	10848	20	10785	21	9818	22	8313	23	6679	24	4608	25	3199	26	2092	27	1227	28	634	29	314	30	148	31	66	32	28	33	7	34	7	36	2
989	5	1	6	6	7	16	8	47	9	120	10	260	11	571	12	1024	13	1756	14	2978	15	4331	16	6131	17	7858	18	9333	19	10728	20	10928	21	10472	22	9334	23	7585	24	5796	25	4235	26	2744	27	1702	28	984	29	550	30	270	31	146	32	58	33	24	34	7	35	3	36	1	37	1
990	3	3	4	12	5	34	6	90	7	128	8	244	9	401	10	515	11	646	12	890	13	1312	14	1843	15	2971	16	4477	17	6169	18	7940	19	9399	20	10437	21	10774	22	10152	23	8945	24	7287	25	5475	26	3865	27	2513	28	1589	29	975	30	479	31	248	32	104	33	44	34	25	35	10	36	3	37	1
991	4	1	6	3	7	5	8	16	9	39	10	102	11	228	12	483	13	799	14	1404	15	2314	16	3411	17	4761	18	6711	19	8425	20	9694	21	10361	22	10737	23	10046	24	8803	25	7233	26	5213	27	3577	28	2358	29	1555	30	854	31	456	32	215	33	109	34	55	35	16	36	10	37	4	38	1	39	1
992	2	5	3	18	4	21	5	58	6	67	7	122	8	192	9	303	10	397	11	595	12	741	13	1012	14	1412	15	2017	16	2787	17	4051	18	5444	19	7034	20	8318	21	9548	22	10091	23	9932	24	9000	25	7806	26	6161	27	4716	28	3245	29	2156	30	1265	31	755	32	379	33	186	34	94	35	45	36	12	37	11	38	3	39	1
993	5	3	6	2	7	2	8	13	9	23	10	55	11	106	12	236	13	432	14	778	15	1283	16	2014	17	3194	18	4390	19	5975	20	7630	21	9014	22	9823	23	10150	24	9964	25	9086	26	7707	27	6104	28	4375	29	3026	30	1995	31	1261	32	671	33	336	34	190	35	95	36	33	37	21	38	9	39	3	40	1
994	4	3	5	10	6	24	7	48	8	105	9	211	10	323	11	385	12	504	13	595	14	721	15	891	16	1254	17	1939	18	2983	19	4118	20	5759	21	7420	22	8929	23	9687	24	9982	25	9984	26	8871	27	7540	28	5889	29	4351	30	3003	31	1987	32	1143	33	676	34	345	35	176	36	89	37	39	38	10	39	6
995	7	1	8	6	9	11	10	27	11	55	12	133	13	220	14	354	15	697	16	1126	17	1720	18	2519	19	3566	20	4789	21	6246	22	7713	23	8915	24	9793	25	10049	26	9398	27	8553	28	7247	29	5555	30	4169	31	2859	32	1855	33	1105	34	648	35	365	36	162	37	77	38	40	39	19	40	6	41	1	42	1
996	3	9	4	16	5	27	6	39	7	68	8	77	9	142	10	199	11	296	12	395	13	574	14	627	15	765	16	1019	17	1315	18	1833	19	2585	20	3516	21	4851	22	6272	23	7700	24	8611	25	9220	26	9501	27	9166	28	8115	29	6824	30	5449	31	4005	32	2721	33	1753	34	1102	35	596	36	307	37	156	38	99	39	35	40	11	41	2	43	1	44	1
997	9	3	10	11	11	18	12	43	13	74	14	176	15	324	16	481	17	813	18	1244	19	1942	20	2873	21	3878	22	5239	23	6497	24	7872	25	8963	26	9511	27	9608	28	9237	29	8277	30	6913	31	5436	32	3845	33	2726	34	1700	35	1104	36	587	37	324	38	162	39	70	40	33	41	11	42	3	43	2
998	4	1	6	10	7	24	8	45	9	96	10	151	11	193	12	329	13	403	14	483	15	560	16	609	17	659	18	826	19	1250	20	1799	21	2638	22	3819	23	5033	24	6410	25	7699	26	8882	27	9582	28	9474	29	9137	30	7924	31	6583	32	5162	33	3836	34	2576	35	1652	36	997	37	563	38	292	39	169	40	78	41	27	42	18	43	9	44	2
999	8	1	9	3	10	8	11	10	12	34	13	60	14	99	15	173	16	316	17	459	18	793	19	1144	20	1730	21	2293	22	3199	23	4326	24	5432	25	6611	26	7920	27	8586	28	9274	29	9303	30	8739	31	7838	32	6617	33	5147	34	3737	35	2497	36	1597	37	987	38	537	39	271	40	135	41	75	42	29	43	14	44	4	45	1	47	1
1000	2	3	3	1	4	12	5	19	6	28	7	43	8	52	9	101	10	125	11	159	12	232	13	329	14	430	15	493	16	573	17	668	18	825	19	967	20	1235	21	1657	22	2306	23	3106	24	4020	25	5290	26	6545	27	7514	28	8296	29	9253	30	9000	31	8446	32	7626	33	6291	34	4817	35	3532	36	2402	37	1618	38	897	39	550	40	302	41	127	42	57	43	39	44	9	45	3	46	1	48	1
