1	1	100000
2	1	100000
3	1	100000
4	1	100000
5	1	100000
6	1	100000
7	1	100000
8	1	100000
9	1	100000
10	1	100000
11	1	100000
12	1	100000
13	1	100000
14	1	100000
15	1	100000
16	1	100000
17	1	100000
18	1	100000
19	1	100000
20	1	100000
21	1	100000
22	1	100000
23	1	100000
24	1	100000
25	1	100000
26	1	100000
27	1	100000
28	1	100000
29	1	100000
30	1	100000
31	1	100000
32	1	100000
33	1	100000
34	1	100000
35	1	100000
36	1	100000
37	1	100000
38	1	100000
39	1	100000
40	1	100000
41	1	100000
42	1	100000
43	1	100000
44	1	100000
45	1	100000
46	1	100000
47	1	100000
48	1	100000
49	1	100000
50	1	100000
51	1	100000
52	1	100000
53	1	100000
54	1	100000
55	1	100000
56	1	100000
57	1	100000
58	1	100000
59	1	100000
60	1	100000
61	1	100000
62	1	100000
63	1	100000
64	1	100000
65	1	100000
66	1	100000
67	1	100000
68	1	100000
69	1	100000
70	1	100000
71	1	100000
72	1	100000
73	1	100000
74	1	100000
75	1	100000
76	1	100000
77	1	100000
78	1	100000
79	1	100000
80	1	100000
81	1	100000
82	1	100000
83	1	100000
84	1	100000
85	1	100000
86	1	100000
87	1	100000
88	1	100000
89	1	100000
90	1	100000
91	1	100000
92	1	100000
93	1	100000
94	1	100000
95	1	100000
96	1	100000
97	1	100000
98	1	100000
99	1	100000
100	1	100000
101	1	100000
102	1	100000
103	1	100000
104	1	100000
105	1	100000
106	1	100000
107	1	100000
108	1	100000
109	1	100000
110	1	100000
111	1	100000
112	1	100000
113	1	100000
114	1	100000
115	1	100000
116	1	100000
117	1	100000
118	1	100000
119	1	100000
120	1	100000
121	1	100000
122	1	100000
123	1	100000
124	1	100000
125	1	100000
126	1	100000
127	1	100000
128	1	100000
129	1	100000
130	1	100000
131	1	100000
132	1	100000
133	1	100000
134	1	100000
135	1	100000
136	1	100000
137	1	100000
138	1	100000
139	1	100000
140	1	100000
141	1	100000
142	1	100000
143	1	100000
144	1	100000
145	1	100000
146	1	100000
147	1	100000
148	1	100000
149	1	100000
150	1	100000
151	1	100000
152	1	100000
153	1	100000
154	1	100000
155	1	100000
156	1	100000
157	1	100000
158	1	100000
159	1	100000
160	1	100000
161	1	100000
162	1	100000
163	1	100000
164	1	100000
165	1	100000
166	1	100000
167	1	100000
168	1	100000
169	1	100000
170	1	100000
171	1	100000
172	1	100000
173	1	100000
174	1	100000
175	1	100000
176	1	100000
177	1	100000
178	1	100000
179	1	100000
180	1	100000
181	1	100000
182	1	100000
183	1	100000
184	1	100000
185	1	100000
186	1	100000
187	1	100000
188	1	100000
189	1	100000
190	1	100000
191	1	100000
192	1	100000
193	1	100000
194	1	100000
195	1	100000
196	1	100000
197	1	100000
198	1	100000
199	1	100000
200	1	100000
201	1	100000
202	1	100000
203	1	100000
204	1	100000
205	1	100000
206	1	100000
207	1	100000
208	1	100000
209	1	100000
210	1	100000
211	1	100000
212	1	100000
213	1	100000
214	1	100000
215	1	100000
216	1	100000
217	1	100000
218	1	100000
219	1	100000
220	1	100000
221	1	100000
222	1	100000
223	1	100000
224	1	100000
225	1	100000
226	1	100000
227	1	100000
228	1	100000
229	1	100000
230	1	100000
231	1	100000
232	1	100000
233	1	100000
234	1	100000
235	1	100000
236	1	100000
237	1	100000
238	1	100000
239	1	100000
240	1	100000
241	1	100000
242	1	100000
243	1	100000
244	1	100000
245	1	100000
246	1	100000
247	1	100000
248	1	100000
249	1	100000
250	1	100000
251	1	100000
252	1	100000
253	1	100000
254	1	100000
255	1	100000
256	1	100000
257	1	100000
258	1	100000
259	1	100000
260	1	100000
261	1	100000
262	1	100000
263	1	100000
264	1	100000
265	1	100000
266	1	100000
267	1	100000
268	1	100000
269	1	100000
270	1	100000
271	1	100000
272	1	100000
273	1	100000
274	1	100000
275	1	100000
276	1	100000
277	1	100000
278	1	100000
279	1	100000
280	1	100000
281	1	100000
282	1	100000
283	1	100000
284	1	100000
285	1	100000
286	1	100000
287	1	100000
288	1	100000
289	1	100000
290	1	100000
291	1	100000
292	1	100000
293	1	100000
294	1	100000
295	1	100000
296	1	100000
297	1	100000
298	1	100000
299	1	100000
300	1	100000
301	1	100000
302	1	100000
303	1	100000
304	1	100000
305	1	100000
306	1	100000
307	1	100000
308	1	100000
309	1	100000
310	1	100000
311	1	100000
312	1	100000
313	1	100000
314	1	100000
315	1	100000
316	1	100000
317	1	100000
318	1	100000
319	1	100000
320	1	100000
321	1	100000
322	1	100000
323	1	100000
324	1	100000
325	1	100000
326	1	100000
327	1	100000
328	1	100000
329	1	100000
330	1	100000
331	1	100000
332	1	100000
333	1	100000
334	1	100000
335	1	100000
336	1	100000
337	1	100000
338	1	100000
339	1	100000
340	1	100000
341	1	100000
342	1	100000
343	1	100000
344	1	100000
345	1	100000
346	1	100000
347	1	100000
348	1	100000
349	1	100000
350	1	100000
351	1	100000
352	1	100000
353	1	100000
354	1	100000
355	1	100000
356	1	100000
357	1	100000
358	1	100000
359	1	100000
360	1	100000
361	1	100000
362	1	100000
363	1	100000
364	1	100000
365	1	100000
366	1	100000
367	1	100000
368	1	100000
369	1	100000
370	1	100000
371	1	100000
372	1	100000
373	1	100000
374	1	100000
375	1	100000
376	1	100000
377	1	100000
378	1	100000
379	1	100000
380	1	100000
381	1	100000
382	1	100000
383	1	100000
384	1	100000
385	1	100000
386	1	100000
387	1	100000
388	1	100000
389	1	100000
390	1	100000
391	1	100000
392	1	100000
393	1	100000
394	1	100000
395	1	100000
396	1	100000
397	1	100000
398	1	100000
399	1	100000
400	1	100000
401	1	100000
402	1	100000
403	1	100000
404	1	100000
405	1	100000
406	1	100000
407	1	100000
408	1	100000
409	1	100000
410	1	100000
411	1	100000
412	1	100000
413	1	100000
414	1	100000
415	1	100000
416	1	100000
417	1	100000
418	1	100000
419	1	100000
420	1	100000
421	1	100000
422	1	100000
423	1	100000
424	1	100000
425	1	100000
426	1	100000
427	1	100000
428	1	100000
429	1	100000
430	1	100000
431	1	100000
432	1	100000
433	1	100000
434	1	100000
435	1	100000
436	1	100000
437	1	100000
438	1	100000
439	1	100000
440	1	100000
441	1	100000
442	1	100000
443	1	100000
444	1	100000
445	1	100000
446	1	100000
447	1	100000
448	1	100000
449	1	100000
450	1	100000
451	1	100000
452	1	100000
453	1	100000
454	1	100000
455	1	100000
456	1	100000
457	1	100000
458	1	100000
459	1	100000
460	1	100000
461	1	100000
462	1	100000
463	1	100000
464	1	100000
465	1	100000
466	1	100000
467	1	100000
468	1	100000
469	1	100000
470	1	100000
471	1	100000
472	1	100000
473	1	100000
474	1	100000
475	1	100000
476	1	100000
477	1	100000
478	1	100000
479	1	100000
480	1	100000
481	1	100000
482	1	100000
483	1	100000
484	1	100000
485	1	100000
486	1	100000
487	1	100000
488	1	100000
489	1	100000
490	1	100000
491	1	100000
492	1	100000
493	1	100000
494	1	100000
495	1	100000
496	1	100000
497	1	100000
498	1	100000
499	1	100000
500	1	100000
501	1	12018	2	87982
502	1	22563	2	77437
503	1	31843	2	68157
504	1	40022	2	59978
505	1	47405	2	52595
506	1	54007	2	45993
507	1	58970	2	41030
508	1	64242	2	35758
509	1	68577	2	31423
510	1	72368	2	27632
511	1	75410	2	24590
512	1	78515	2	21485
513	1	81019	2	18981
514	1	83293	2	16707
515	1	85391	2	14609
516	1	87242	2	12758
517	1	88841	2	11159
518	1	89905	2	10095
519	1	91158	2	8842
520	1	92340	2	7660
521	1	93175	2	6825
522	1	94113	2	5887
523	1	94690	2	5310
524	1	95430	2	4570
525	1	95954	2	4046
526	1	96475	2	3525
527	1	96851	2	3149
528	1	97236	2	2764
529	1	97513	2	2487
530	1	97771	2	2229
531	1	98125	2	1875
532	1	98399	2	1601
533	1	98539	2	1461
534	1	98753	2	1247
535	1	98943	2	1057
536	1	98960	2	1040
537	1	99144	2	856
538	1	99298	2	702
539	1	99355	2	645
540	1	99461	2	539
541	1	99475	2	525
542	1	99581	2	419
543	1	99577	2	423
544	1	99688	2	312
545	1	99695	2	305
546	1	99709	2	291
547	1	99759	2	241
548	1	99760	2	240
549	1	99802	2	198
550	1	99825	2	175
551	1	99868	2	132
552	1	99862	2	138
553	1	99875	2	125
554	1	99902	2	98
555	1	99920	2	80
556	1	99923	2	77
557	1	99922	2	78
558	1	99949	2	51
559	1	99955	2	45
560	1	99966	2	34
561	1	99973	2	27
562	1	99958	2	42
563	1	99969	2	31
564	1	99981	2	19
565	1	99973	2	27
566	1	99978	2	22
567	1	99977	2	23
568	1	99984	2	16
569	1	99985	2	15
570	1	99987	2	13
571	1	99982	2	18
572	1	99982	2	18
573	1	99992	2	8
574	1	99996	2	4
575	1	99998	2	2
576	1	99997	2	3
577	1	99991	2	9
578	1	99995	2	5
579	1	99998	2	2
580	1	99997	2	3
581	1	99998	2	2
582	1	99996	2	4
583	1	99998	2	2
584	1	99998	2	2
585	1	99998	2	2
586	1	99999	2	1
587	1	99999	2	1
588	1	99997	2	3
589	1	100000
590	1	100000
591	1	99999	2	1
592	1	99999	2	1
593	1	100000
594	1	99999	2	1
595	1	100000
596	1	100000
597	1	100000
598	1	100000
599	1	99999	2	1
600	1	100000
601	1	100000
602	1	99999	2	1
603	1	99999	2	1
604	1	100000
605	1	100000
606	1	100000
607	1	100000
608	1	100000
609	1	99999	2	1
610	1	99999	2	1
611	1	100000
612	1	99998	2	2
613	1	100000
614	1	100000
615	1	100000
616	1	100000
617	1	100000
618	1	100000
619	1	100000
620	1	100000
621	1	100000
622	1	100000
623	1	99999	2	1
624	1	100000
625	1	99999	2	1
626	1	100000
627	1	100000
628	1	99999	2	1
629	1	100000
630	1	99999	2	1
631	1	100000
632	1	100000
633	1	99999	2	1
634	1	100000
635	1	99998	2	2
636	1	99999	2	1
637	1	100000
638	1	99998	2	2
639	1	99998	2	2
640	1	99998	2	2
641	1	99998	2	2
642	1	99999	2	1
643	1	99998	2	2
644	1	99999	2	1
645	1	99997	2	3
646	1	99998	2	2
647	1	99999	2	1
648	1	99994	2	6
649	1	100000
650	1	99998	2	2
651	1	99996	2	4
652	1	99995	2	5
653	1	99996	2	4
654	1	99996	2	4
655	1	99994	2	6
656	1	99997	2	3
657	1	99994	2	6
658	1	99995	2	5
659	1	99994	2	6
660	1	99989	2	11
661	1	99996	2	4
662	1	99987	2	13
663	1	99987	2	13
664	1	99981	2	19
665	1	99982	2	18
666	1	99988	2	12
667	1	99996	2	4
668	1	99987	2	13
669	1	99997	2	3
670	1	99994	2	6
671	1	99996	2	4
672	1	99986	2	14
673	1	99994	2	6
674	1	99994	2	6
675	1	99995	2	5
676	1	99982	2	18
677	1	99987	2	13
678	1	99989	2	11
679	1	99994	2	6
680	1	99976	2	24
681	1	99987	2	13
682	1	99990	2	10
683	1	99985	2	15
684	1	99984	2	16
685	1	99980	2	20
686	1	99991	2	9
687	1	99984	2	16
688	1	99983	2	17
689	1	99987	2	13
690	1	99987	2	13
691	1	99984	2	16
692	1	99968	2	32
693	1	99978	2	22
694	1	99981	2	19
695	1	99976	2	24
696	1	99968	2	32
697	1	99981	2	19
698	1	99982	2	18
699	1	99980	2	20
700	1	99965	2	35
701	1	99966	2	34
702	1	99977	2	23
703	1	99968	2	32
704	1	99941	2	59
705	1	99967	2	33
706	1	99972	2	28
707	1	99965	2	35
708	1	99962	2	38
709	1	99971	2	29
710	1	99959	2	41
711	1	99960	2	40
712	1	99945	2	55
713	1	99962	2	38
714	1	99959	2	41
715	1	99939	2	61
716	1	99924	2	76
717	1	99948	2	52
718	1	99940	2	60
719	1	99935	2	65
720	1	99907	2	93
721	1	99950	2	50
722	1	99938	2	62
723	1	99939	2	61
724	1	99928	2	72
725	1	99908	2	92
726	1	99905	2	95
727	1	99897	2	103
728	1	99903	2	97
729	1	99916	2	84
730	1	99907	2	93
731	1	99892	2	108
732	1	99889	2	111
733	1	99908	2	92
734	1	99861	2	139
735	1	99873	2	127
736	1	99856	2	144
737	1	99880	2	120
738	1	99860	2	140
739	1	99869	2	131
740	1	99809	2	189	3	2
741	1	99856	2	143	3	1
742	1	99823	2	177
743	1	99827	2	173
744	1	99809	2	191
745	1	99786	2	214
746	1	99810	2	190
747	1	99794	2	206
748	1	99748	2	252
749	1	99750	2	250
750	1	99750	2	250
751	1	99454	2	546
752	1	99430	2	569	3	1
753	1	99434	2	566
754	1	99438	2	562
755	1	99474	2	526
756	1	99514	2	484	3	2
757	1	99533	2	467
758	1	99485	2	513	3	2
759	1	99408	2	586	3	6
760	1	99460	2	537	3	3
761	1	99468	2	529	3	3
762	1	99497	2	500	3	3
763	1	99453	2	544	3	3
764	1	99458	2	541	3	1
765	1	99468	2	528	3	4
766	1	99383	2	616	3	1
767	1	99327	2	672	3	1
768	1	99288	2	711	3	1
769	1	99296	2	698	3	6
770	1	99349	2	650	3	1
771	1	99341	2	657	3	2
772	1	99345	2	651	3	4
773	1	99293	2	705	3	2
774	1	99195	2	804	3	1
775	1	99223	2	769	3	8
776	1	99260	2	737	3	3
777	1	99149	2	847	3	4
778	1	99100	2	895	3	5
779	1	99110	2	883	3	7
780	1	98946	2	1049	3	5
781	1	99073	2	925	3	2
782	1	98895	2	1100	3	5
783	1	99018	2	974	3	8
784	1	98841	2	1151	3	8
785	1	98898	2	1095	3	7
786	1	98785	2	1206	3	9
787	1	98755	2	1238	3	7
788	1	98696	2	1293	3	11
789	1	98740	2	1253	3	7
790	1	98571	2	1420	3	9
791	1	98495	2	1492	3	13
792	1	98387	2	1599	3	14
793	1	98313	2	1676	3	11
794	1	98163	2	1827	3	10
795	1	98230	2	1753	3	17
796	1	98042	2	1944	3	14
797	1	97978	2	1998	3	24
798	1	97658	2	2311	3	31
799	1	97794	2	2184	3	20	4	2
800	1	97971	2	2008	3	21
801	1	98106	2	1877	3	17
802	1	98156	2	1823	3	21
803	1	97996	2	1984	3	20
804	1	97844	2	2136	3	20
805	1	97580	2	2386	3	32	4	2
806	1	97405	2	2560	3	35
807	1	97343	2	2616	3	40	4	1
808	1	97176	2	2783	3	40	4	1
809	1	97291	2	2670	3	39
810	1	97098	2	2859	3	43
811	1	97026	2	2929	3	45
812	1	96590	2	3354	3	53	4	3
813	1	96517	2	3412	3	70	4	1
814	1	96353	2	3591	3	56
815	1	96468	2	3470	3	62
816	1	96102	2	3827	3	71
817	1	96064	2	3851	3	84	4	1
818	1	95706	2	4193	3	100	4	1
819	1	95592	2	4322	3	83	4	3
820	1	95478	2	4409	3	113
821	1	95259	2	4640	3	101
822	1	95139	2	4767	3	90	4	3	5	1
823	1	94653	2	5215	3	131	4	1
824	1	94696	2	5150	3	152	4	2
825	1	94598	2	5269	3	130	4	3
826	1	94436	2	5408	3	152	4	4
827	1	94064	2	5763	3	171	4	2
828	1	93944	2	5866	3	187	4	3
829	1	93683	2	6113	3	200	4	4
830	1	93269	2	6511	3	215	4	5
831	1	93068	2	6723	3	207	4	2
832	1	92811	2	6905	3	280	4	4
833	1	92394	2	7327	3	270	4	9
834	1	91679	2	7980	3	326	4	14	5	1
835	1	91501	2	8136	3	355	4	8
836	1	90869	2	8694	3	414	4	23
837	1	91162	2	8468	3	367	4	3
838	1	90569	2	8978	3	437	4	16
839	1	90624	2	8962	3	400	4	13	5	1
840	1	89960	2	9522	3	502	4	16
841	1	89810	2	9670	3	506	4	14
842	1	88404	2	10930	3	640	4	24	5	2
843	1	89111	2	10344	3	521	4	22	5	2
844	1	88903	2	10487	3	593	4	17
845	1	88183	2	11107	3	670	4	37	5	3
846	1	87797	2	11448	3	718	4	37
847	1	87506	2	11697	3	762	4	34	5	1
848	1	86243	2	12782	3	943	4	31	5	1
849	1	86172	2	12809	3	977	4	40	5	2
850	1	85776	2	13209	3	978	4	33	5	4
851	1	84827	2	14031	3	1094	4	48
852	1	84173	2	14545	3	1224	4	52	5	6
853	1	84204	2	14529	3	1208	4	58	5	1
854	1	83183	2	15357	3	1394	4	64	5	2
855	1	82107	2	16297	3	1501	4	90	5	5
856	1	80957	2	17197	3	1724	4	113	5	9
857	1	80351	2	17595	3	1906	4	144	5	4
858	1	83965	2	14603	3	1367	4	63	5	2
859	1	81922	2	16291	3	1680	4	105	5	2
860	1	81334	2	16780	3	1746	4	133	5	7
861	1	80334	2	17641	3	1908	4	114	5	2	6	1
862	1	79310	2	18355	3	2135	4	189	5	10	6	1
863	1	78087	2	19273	3	2437	4	194	5	7	6	2
864	1	77876	2	19462	3	2441	4	204	5	17
865	1	77212	2	19946	3	2591	4	234	5	15	6	2
866	1	76049	2	20859	3	2810	4	266	5	16
867	1	75165	2	21567	3	2994	4	259	5	12	6	3
868	1	74049	2	22295	3	3328	4	304	5	23	6	1
869	1	73460	2	22764	3	3428	4	325	5	22	6	1
870	1	73155	2	22992	3	3464	4	364	5	24	7	1
871	1	71850	2	23897	3	3833	4	366	5	51	6	3
872	1	70972	2	24486	3	4049	4	460	5	33
873	1	70170	2	25028	3	4312	4	443	5	44	6	3
874	1	68826	2	25898	3	4715	4	507	5	50	6	4
875	1	67842	2	26558	3	4976	4	576	5	42	6	6
876	1	65096	2	28329	3	5757	4	744	5	66	6	8
877	1	64323	2	28637	3	6090	4	854	5	86	6	8	7	2
878	1	62655	2	29551	3	6737	4	946	5	105	6	4	7	2
879	1	62538	2	29609	3	6750	4	991	5	108	6	4
880	1	61295	2	30087	3	7326	4	1140	5	138	6	13	7	1
881	1	60312	2	30826	3	7469	4	1232	5	147	6	13	7	1
882	1	60033	2	30799	3	7795	4	1196	5	160	6	16	7	1
883	1	58345	2	31800	3	8322	4	1332	5	181	6	17	7	3
884	1	57028	2	32418	3	8730	4	1605	5	198	6	19	7	2
885	1	55475	2	33174	3	9422	4	1672	5	227	6	29	7	1
886	1	55061	2	33067	3	9719	4	1872	5	241	6	36	7	2	8	2
887	1	53034	2	34141	3	10433	4	2029	5	329	6	28	7	5	8	1
888	1	50508	2	34918	3	11699	4	2440	5	385	6	47	7	3
889	1	53708	2	33491	3	10341	4	2062	5	359	6	33	7	5	8	1
890	1	52348	2	33772	3	11020	4	2413	5	404	6	41	7	2
891	1	49502	2	34966	3	12193	4	2792	5	480	6	57	7	10
892	1	49498	2	35005	3	12131	4	2821	5	484	6	58	7	2	8	1
893	1	46203	2	35857	3	13829	4	3393	5	603	6	101	7	12	8	2
894	1	46017	2	35987	3	13743	4	3479	5	641	6	120	7	12	8	1
895	1	44167	2	36530	3	14704	4	3767	5	703	6	113	7	15	8	1
896	1	42443	2	36517	3	15689	4	4261	5	919	6	144	7	25	8	2
897	1	41713	2	36507	3	16063	4	4573	5	970	6	153	7	17	8	4
898	1	40613	2	36767	3	16575	4	4825	5	1047	6	145	7	23	8	3	9	2
899	1	38460	2	37181	3	17594	4	5294	5	1228	6	204	7	34	8	5
900	1	37585	2	37189	3	17852	4	5755	5	1348	6	235	7	33	8	3
901	1	35082	2	37186	3	19354	4	6411	5	1604	6	310	7	43	8	8	9	2
902	1	33866	2	37124	3	19969	4	6868	5	1754	6	352	7	59	8	7	9	1
903	1	32391	2	37199	3	20551	4	7505	5	1900	6	367	7	76	8	9	9	2
904	1	32034	2	36817	3	20738	4	7661	5	2230	6	435	7	72	8	11	9	2
905	1	29423	2	36740	3	22223	4	8562	5	2406	6	542	7	88	8	14	9	1	10	1
906	1	28675	2	36227	3	22537	4	9058	5	2784	6	577	7	124	8	16	9	1	10	1
907	1	27134	2	36023	3	23221	4	9871	5	2939	6	656	7	123	8	28	9	5
908	1	24538	2	35071	3	24502	4	11132	5	3587	6	928	7	196	8	39	9	4	10	2	11	1
909	1	23277	2	34663	3	25151	4	11611	5	4010	6	1044	7	192	8	43	9	7	10	1	11	1
910	1	25811	2	35064	3	23480	4	10854	5	3592	6	966	7	199	8	28	9	4	10	1	11	1
911	1	24482	2	34456	3	24541	4	11344	5	3869	6	1040	7	221	8	39	9	8
912	1	22217	2	33452	3	25254	4	12683	5	4634	6	1379	7	319	8	50	9	11	10	1
913	1	20341	2	32889	3	26002	4	13484	5	5201	6	1589	7	389	8	90	9	14	10	1
914	1	20544	2	32408	3	26255	4	13525	5	5216	6	1544	7	405	8	78	9	22	10	2	11	1
915	1	18356	2	31522	3	26888	4	14685	5	6049	6	1860	7	512	8	107	9	17	10	4
916	1	17943	2	30946	3	26657	4	15396	5	6290	6	2062	7	564	8	117	9	21	10	4
917	1	16006	2	29798	3	27371	4	16390	5	7098	6	2468	7	689	8	143	9	30	10	6	11	1
918	1	14839	2	28571	3	27261	4	17306	5	8018	6	2893	7	830	8	223	9	45	10	10	11	4
919	1	14089	2	28111	3	27784	4	17592	5	8290	6	3003	7	853	8	231	9	38	10	9
920	1	13131	2	26726	3	27648	4	18481	5	9013	6	3542	7	1113	8	277	9	59	10	10
921	1	11165	2	25550	3	27884	4	19536	5	10027	6	4067	7	1279	8	385	9	81	10	23	11	3
922	1	10760	2	24276	3	27343	4	20161	5	10799	6	4477	7	1581	8	469	9	108	10	22	11	3	12	1
923	1	9546	2	23172	3	27362	4	20804	5	11571	6	5079	7	1762	8	546	9	121	10	32	11	5
924	1	10955	2	24074	3	27369	4	20043	5	10641	6	4729	7	1600	8	452	9	107	10	23	11	5	12	2
925	1	8881	2	21918	3	26950	4	21439	5	12374	6	5529	7	2065	8	628	9	170	10	36	11	9	12	1
926	1	8200	2	20632	3	25989	4	21688	5	13515	6	6335	7	2570	8	777	9	213	10	64	11	15	12	2
927	1	7393	2	19486	3	25910	4	22381	5	14009	6	6833	7	2750	8	905	9	263	10	58	11	11	12	1
928	1	6909	2	18617	3	25079	4	22485	5	14711	6	7509	7	3079	8	1165	9	340	10	80	11	26
929	1	5779	2	17335	3	24588	4	23016	5	15695	6	8342	7	3506	8	1225	9	375	10	102	11	29	12	7	13	1
930	1	5496	2	16276	3	23527	4	22984	5	16495	6	8935	7	4080	8	1529	9	492	10	141	11	37	12	8
931	1	4481	2	14322	3	22971	4	23357	5	17448	6	10072	7	4710	8	1824	9	608	10	161	11	38	12	8
932	1	4072	2	13257	3	21686	4	23127	5	18047	6	11062	7	5377	8	2270	9	776	10	244	11	73	12	6	13	2	14	1
933	1	3433	2	12294	3	20891	4	23396	5	18516	6	11652	7	5995	8	2500	9	945	10	271	11	85	12	20	13	2
934	1	3901	2	12747	3	21199	4	22847	5	18267	6	11444	7	5836	8	2489	9	861	10	294	11	82	12	23	13	8	14	2
935	1	2970	2	10665	3	19247	4	22468	5	19475	6	12994	7	7076	8	3264	9	1260	10	421	11	113	12	35	13	10	14	1	15	1
936	1	3210	2	10760	3	19139	4	22158	5	19163	6	13025	7	7418	8	3210	9	1328	10	422	11	129	12	29	13	6	14	3
937	1	2317	2	9016	3	17602	4	22174	5	20087	6	14304	7	8192	8	3953	9	1524	10	591	11	185	12	39	13	12	14	2	15	2
938	1	1976	2	8057	3	16023	4	21101	5	20519	6	15115	7	9338	8	4756	9	2026	10	764	11	233	12	68	13	16	14	6	15	2
939	1	1679	2	6982	3	14983	4	20537	5	20695	6	16222	7	9941	8	5222	9	2341	10	947	11	319	12	93	13	34	14	5
940	1	1546	2	6349	3	13735	4	19299	5	20262	6	16839	7	11100	8	6081	9	2937	10	1221	11	459	12	122	13	38	14	10	15	2
941	1	978	2	4947	3	12039	4	18326	5	20509	6	17867	7	12424	8	7050	9	3534	10	1470	11	579	12	196	13	64	14	13	15	3	16	1
942	1	1304	2	5482	3	12285	4	18238	5	19980	6	17572	7	12160	8	7177	9	3398	10	1555	11	552	12	195	13	75	14	18	15	8	16	1
943	1	833	2	4398	3	10640	4	17074	5	19802	6	18138	7	13399	8	8243	9	4335	10	1978	11	771	12	263	13	99	14	17	15	8	16	2
944	1	944	2	4315	3	10189	4	16055	5	19300	6	18117	7	13881	8	8686	9	4784	10	2318	11	896	12	362	13	108	14	37	15	3	16	4	17	1
945	1	565	2	3110	3	8498	4	14788	5	18749	6	18593	7	15054	8	10128	9	5737	10	2823	11	1242	12	472	13	163	14	55	15	19	16	3	17	1
946	1	590	2	3088	3	7935	4	13975	5	18116	6	18346	7	15333	8	10755	9	6317	10	3287	11	1398	12	571	13	203	14	55	15	25	16	5	17	1
947	1	424	2	2461	3	6905	4	12968	5	17594	6	18518	7	16013	8	11522	9	7061	10	3790	11	1676	12	676	13	259	14	96	15	29	16	6	17	2
948	1	506	2	2586	3	6784	4	12473	5	17231	6	18272	7	15903	8	11894	9	7402	10	3927	11	1813	12	792	13	267	14	103	15	33	16	12	17	2
949	1	245	2	1593	3	5079	4	10467	5	15594	6	18000	7	17330	8	13454	9	8847	10	5068	11	2518	12	1119	13	454	14	159	15	49	16	19	17	3	18	2
950	1	296	2	1696	3	4916	4	9887	5	14763	6	17515	7	17089	8	13577	9	9445	10	5649	11	2950	12	1377	13	550	14	196	15	60	16	30	17	2	18	2
951	1	148	2	1120	3	3794	4	8598	5	13723	6	17244	7	17173	8	14748	9	10657	10	6504	11	3483	12	1672	13	694	14	300	15	98	16	32	17	8	18	2	19	2
952	1	259	2	1207	3	3781	4	7932	5	12777	6	16302	7	17176	8	14850	9	11215	10	7139	11	3913	12	1993	13	898	14	354	15	133	16	52	17	14	18	5
953	1	99	2	755	3	2635	4	6570	5	11349	6	15697	7	17140	8	15838	9	12249	10	8338	11	4772	12	2554	13	1195	14	534	15	198	16	56	17	17	18	4
954	1	135	2	829	3	2553	4	5997	5	10553	6	14600	7	16689	8	15808	9	12915	10	8998	11	5471	12	3034	13	1440	14	615	15	234	16	86	17	27	18	11	19	2	20	2	21	1
955	1	46	2	428	3	1774	4	4587	5	8978	6	13368	7	16403	8	16288	9	14016	10	10340	11	6506	12	3869	13	1960	14	875	15	360	16	135	17	46	18	12	19	5	20	4
956	1	99	2	568	3	1818	4	4430	5	8121	6	12234	7	15370	8	15725	9	14272	10	11063	11	7493	12	4445	13	2393	14	1151	15	508	16	206	17	75	18	17	19	9	20	3
957	1	40	2	319	3	1328	4	3709	5	7564	6	11832	7	15100	8	16312	9	14786	10	11609	11	7921	12	4781	13	2568	14	1255	15	543	16	218	17	79	18	22	19	11	20	2	21	1
958	1	60	2	370	3	1306	4	3246	5	6397	6	10359	7	13954	8	15477	9	14798	10	12460	11	9095	12	5872	13	3486	14	1768	15	778	16	356	17	154	18	49	19	12	20	3
959	1	16	2	189	3	778	4	2468	5	5540	6	9398	7	13226	8	15315	9	15345	10	13226	11	10036	12	6718	13	3962	14	2078	15	993	16	419	17	192	18	79	19	14	20	8
960	1	45	2	292	3	958	4	2405	5	4935	6	8240	7	11822	8	14401	9	14850	10	13404	11	10929	12	7697	13	4841	14	2625	15	1411	16	674	17	271	18	132	19	49	20	16	21	3
961	1	12	2	98	3	510	4	1576	5	3645	6	7238	7	10884	8	13926	9	15205	10	14330	11	11847	12	8530	13	5716	14	3309	15	1735	16	837	17	375	18	146	19	62	20	12	21	6	22	1
962	1	19	2	178	3	646	4	1664	5	3601	6	6531	7	9783	8	13076	9	14692	10	14338	11	12298	12	9222	13	6138	14	3764	15	2207	16	1018	17	475	18	219	19	88	20	24	21	11	22	8
963	1	1	2	61	3	330	4	1097	5	2795	6	5560	7	9232	8	12184	9	14510	10	14725	11	12857	12	10252	13	6995	14	4442	15	2530	16	1360	17	637	18	269	19	108	20	40	21	13	22	2
964	1	21	2	133	3	420	4	1170	5	2560	6	4750	7	7559	8	11062	9	13296	10	14342	11	13324	12	10919	13	8277	14	5427	15	3316	16	1800	17	949	18	418	19	148	20	69	21	22	22	12	23	3	24	3
965	2	27	3	152	4	563	5	1685	6	3645	7	6717	8	9889	9	12651	10	14054	11	14107	12	12027	13	9398	14	6518	15	4099	16	2295	17	1193	18	569	19	262	20	105	21	26	22	11	23	4	24	2	25	1
966	1	8	2	78	3	305	4	732	5	1750	6	3281	7	5689	8	8979	9	11743	10	13800	11	13806	12	12498	13	9974	14	7192	15	4523	16	2761	17	1523	18	755	19	342	20	162	21	68	22	28	23	1	24	2
967	1	2	2	14	3	86	4	294	5	1031	6	2344	7	4601	8	7532	9	10835	10	13119	11	13859	12	13496	13	11059	14	8243	15	5828	16	3658	17	1978	18	1078	19	555	20	230	21	99	22	40	23	12	24	5	25	1	26	1
968	1	16	2	76	3	271	4	619	5	1328	6	2700	7	4632	8	7171	9	10055	10	12303	11	13271	12	12985	13	11135	14	8703	15	6103	16	3834	17	2386	18	1255	19	655	20	295	21	123	22	47	23	27	24	6	25	4
969	1	1	2	5	3	47	4	180	5	597	6	1541	7	3382	8	5782	9	8915	10	11757	11	13211	12	13648	13	12247	14	9945	15	7331	16	4998	17	3083	18	1701	19	912	20	416	21	167	22	74	23	41	24	10	25	8	26	1
970	1	1	2	31	3	109	4	350	5	744	6	1480	7	2645	8	4805	9	7377	10	10162	11	12356	12	13205	13	12912	14	10841	15	8570	16	6001	17	3782	18	2233	19	1212	20	659	21	301	22	133	23	51	24	27	25	8	26	4	27	1
971	2	2	3	20	4	113	5	347	6	962	7	2104	8	3922	9	6348	10	9114	11	11643	12	13139	13	13108	14	11738	15	9581	16	6945	17	4792	18	2900	19	1609	20	875	21	424	22	189	23	84	24	26	25	14	26	1
972	1	3	2	37	3	85	4	261	5	566	6	1069	7	1978	8	3430	9	5577	10	7992	11	10522	12	12213	13	12782	14	11986	15	10030	16	8032	17	5516	18	3516	19	2192	20	1103	21	594	22	287	23	145	24	49	25	21	26	13	28	1
973	2	1	3	5	4	37	5	145	6	434	7	1098	8	2353	9	4397	10	7007	11	9428	12	11766	13	12799	14	12640	15	11246	16	9155	17	6881	18	4432	19	2893	20	1637	21	866	22	428	23	204	24	93	25	37	26	12	27	4	28	1	29	1
974	1	1	2	9	3	55	4	160	5	348	6	680	7	1219	8	2028	9	3601	10	5640	11	8159	12	10361	13	11994	14	12584	15	11671	16	10093	17	7650	18	5499	19	3607	20	2231	21	1252	22	621	23	290	24	148	25	61	26	23	27	12	28	2	30	1
975	2	2	3	6	4	11	5	91	6	259	7	713	8	1501	9	2927	10	4996	11	7389	12	9736	13	11553	14	12500	15	12050	16	10836	17	8607	18	6441	19	4347	20	2680	21	1632	22	866	23	472	24	235	25	85	26	42	27	17	28	2	29	4
976	1	3	2	24	3	52	4	136	5	293	6	484	7	956	8	1619	9	2667	10	4212	11	6288	12	8535	13	10240	14	11759	15	11986	16	10987	17	9472	18	7360	19	5116	20	3420	21	2055	22	1175	23	619	24	305	25	146	26	54	27	26	28	9	29	1	30	1
977	3	1	4	13	5	25	6	119	7	372	8	849	9	1795	10	3242	11	5259	12	7605	13	9741	14	11503	15	12373	16	11736	17	10391	18	8358	19	6377	20	4271	21	2648	22	1597	23	883	24	441	25	226	26	100	27	45	28	15	29	11	30	2	31	1	32	1
978	2	5	3	23	4	65	5	171	6	344	7	530	8	886	9	1570	10	2486	11	4002	12	6051	13	8213	14	10386	15	11447	16	11923	17	11089	18	9516	19	7554	20	5324	21	3620	22	2241	23	1268	24	682	25	322	26	153	27	77	28	35	29	12	30	3	31	2
979	4	6	5	9	6	61	7	146	8	375	9	894	10	1709	11	3150	12	5025	13	7201	14	9248	15	11019	16	12030	17	11752	18	10476	19	8588	20	6692	21	4563	22	3073	23	1795	24	1111	25	568	26	270	27	133	28	64	29	28	30	8	31	3	32	1	33	1	35	1
980	1	2	2	7	3	40	4	68	5	115	6	246	7	406	8	741	9	1157	10	1703	11	2790	12	4256	13	6148	14	8093	15	10096	16	11289	17	11309	18	10703	19	9334	20	7327	21	5388	22	3646	23	2302	24	1360	25	744	26	384	27	179	28	90	29	50	30	17	31	5	32	3	33	2
981	3	1	4	3	5	8	6	28	7	94	8	229	9	582	10	1195	11	2085	12	3631	13	5236	14	7431	15	9633	16	10745	17	11541	18	11285	19	10276	20	8234	21	6253	22	4467	23	3025	24	1839	25	1066	26	590	27	271	28	133	29	67	30	32	31	9	32	7	33	2	34	2
982	2	1	3	6	4	27	5	58	6	147	7	242	8	467	9	657	10	909	11	1454	12	2323	13	3715	14	5462	15	7571	16	9514	17	10942	18	11549	19	11011	20	9659	21	7934	22	5899	23	4112	24	2801	25	1707	26	877	27	493	28	254	29	110	30	60	31	27	32	7	33	4	34	1
983	3	1	5	4	6	19	7	38	8	107	9	292	10	600	11	1113	12	2046	13	3344	14	5189	15	6935	16	8927	17	10414	18	11212	19	11254	20	10176	21	8576	22	6703	23	4962	24	3364	25	2073	26	1275	27	691	28	372	29	171	30	68	31	46	32	24	33	4
984	1	3	2	5	3	18	4	40	5	84	6	121	7	217	8	380	9	565	10	819	11	1190	12	1847	13	2857	14	4040	15	5700	16	7565	17	9331	18	10198	19	10739	20	10533	21	9404	22	7688	23	5986	24	4137	25	2718	26	1748	27	1050	28	528	29	270	30	119	31	67	32	18	33	11	34	2	35	2
985	5	1	7	7	8	22	9	72	10	181	11	394	12	807	13	1572	14	2767	15	4152	16	6059	17	7774	18	9601	19	10899	20	11170	21	10802	22	9527	23	7625	24	5941	25	4240	26	2699	27	1653	28	1029	29	505	30	261	31	128	32	59	33	32	34	13	35	4	36	3	37	1
986	3	2	4	8	5	31	6	67	7	114	8	256	9	392	10	526	11	652	12	996	13	1337	14	2117	15	3203	16	4796	17	6566	18	8496	19	10184	20	10704	21	10639	22	9861	23	8285	24	6883	25	5075	26	3513	27	2302	28	1394	29	759	30	432	31	220	32	108	33	48	34	19	35	12	36	2	38	1
987	6	3	7	9	8	24	9	69	10	153	11	305	12	583	13	1046	14	1936	15	2871	16	4180	17	5895	18	7566	19	9171	20	10153	21	10507	22	10301	23	9242	24	7737	25	6100	26	4542	27	3086	28	1975	29	1193	30	687	31	355	32	155	33	80	34	47	35	16	36	5	37	4	38	2	39	2
988	1	1	2	3	3	4	4	20	5	37	6	70	7	110	8	183	9	297	10	411	11	590	12	724	13	1057	14	1407	15	2035	16	3049	17	4305	18	5920	19	7515	20	8923	21	10099	22	10273	23	9945	24	8812	25	7271	26	5811	27	4323	28	2798	29	1744	30	1068	31	588	32	329	33	159	34	66	35	29	36	11	37	11	38	2
989	5	1	7	3	8	9	9	27	10	80	11	135	12	297	13	556	14	959	15	1624	16	2506	17	3653	18	5355	19	7063	20	8436	21	9685	22	10257	23	10072	24	9393	25	8290	26	6846	27	5131	28	3623	29	2460	30	1569	31	934	32	522	33	253	34	149	35	69	36	21	37	14	38	4	39	3	40	1
990	4	1	5	11	6	27	7	64	8	125	9	206	10	317	11	395	12	531	13	586	14	750	15	1064	16	1509	17	2367	18	3599	19	5198	20	6806	21	8378	22	9923	23	10169	24	10328	25	9254	26	8120	27	6571	28	4878	29	3457	30	2302	31	1375	32	800	33	449	34	227	35	114	36	51	37	30	38	14	39	4
991	6	1	8	2	9	6	10	20	11	54	12	108	13	214	14	406	15	652	16	1227	17	1983	18	2872	19	4090	20	5549	21	7290	22	8813	23	9886	24	10299	25	10053	26	9317	27	7848	28	6239	29	4616	30	3230	31	2224	32	1327	33	790	34	450	35	226	36	112	37	60	38	20	39	11	40	4	41	1
992	1	1	2	4	3	2	4	9	5	15	6	45	7	53	8	103	9	138	10	231	11	317	12	416	13	536	14	724	15	890	16	1133	17	1682	18	2456	19	3386	20	4579	21	5991	22	7391	23	8724	24	9479	25	9485	26	9105	27	8427	28	6958	29	5717	30	4328	31	2960	32	2040	33	1177	34	710	35	421	36	198	37	95	38	48	39	15	40	5	41	4	42	2
993	9	7	10	16	11	30	12	67	13	123	14	248	15	373	16	687	17	1191	18	1745	19	2720	20	3811	21	5060	22	6512	23	7854	24	8905	25	9659	26	9643	27	9266	28	8302	29	6967	30	5447	31	4161	32	2850	33	1793	34	1155	35	674	36	368	37	179	38	108	39	47	40	23	41	5	42	2	43	2
994	5	3	6	8	7	17	8	41	9	80	10	150	11	215	12	320	13	375	14	439	15	498	16	588	17	697	18	1098	19	1624	20	2351	21	3513	22	4826	23	6334	24	7902	25	8992	26	9457	27	9603	28	9166	29	8280	30	6941	31	5223	32	4039	33	2793	34	1860	35	1177	36	640	37	389	38	190	39	93	40	48	41	17	42	10	43	3
995	8	2	9	2	10	7	11	13	12	33	13	65	14	109	15	181	16	377	17	576	18	899	19	1377	20	2113	21	2898	22	4069	23	5303	24	6730	25	7782	26	8881	27	9384	28	9518	29	8975	30	7961	31	6725	32	5219	33	3958	34	2745	35	1644	36	1106	37	630	38	358	39	172	40	102	41	55	42	17	43	8	44	4	45	2
996	2	1	3	1	4	7	5	20	6	28	7	27	8	55	9	67	10	104	11	146	12	222	13	323	14	443	15	522	16	556	17	653	18	815	19	1096	20	1469	21	2092	22	2952	23	4032	24	5189	25	6486	26	7911	27	8769	28	9079	29	9137	30	8612	31	7604	32	6353	33	4959	34	3619	35	2615	36	1671	37	1037	38	624	39	378	40	188	41	72	42	38	43	16	44	7	45	3	46	1	47	1
997	9	2	10	1	11	7	12	8	13	28	14	41	15	82	16	153	17	288	18	430	19	666	20	1045	21	1643	22	2278	23	3281	24	4298	25	5450	26	6932	27	8029	28	8808	29	9564	30	9380	31	8678	32	7608	33	6276	34	4903	35	3589	36	2521	37	1680	38	1051	39	595	40	336	41	188	42	82	43	41	44	22	45	10	46	4	47	1	48	1
998	4	1	6	4	7	5	8	22	9	50	10	73	11	117	12	169	13	247	14	336	15	355	16	415	17	457	18	521	19	508	20	669	21	954	22	1509	23	2179	24	3155	25	4277	26	5611	27	6826	28	7821	29	8944	30	9183	31	9025	32	8421	33	7400	34	6143	35	4841	36	3443	37	2502	38	1647	39	999	40	560	41	308	42	161	43	68	44	48	45	18	46	4	47	2	48	1	49	1
999	7	1	9	1	10	2	11	2	12	12	13	21	14	33	15	59	16	110	17	168	18	271	19	432	20	636	21	984	22	1387	23	1950	24	2720	25	3439	26	4588	27	5758	28	7152	29	8164	30	8699	31	8880	32	9012	33	8185	34	7189	35	6030	36	4771	37	3341	38	2354	39	1564	40	911	41	544	42	324	43	163	44	81	45	33	46	15	47	10	48	3	49	1
1000	3	3	4	5	5	6	6	18	7	21	8	40	9	43	10	48	11	92	12	144	13	205	14	290	15	364	16	434	17	492	18	469	19	583	20	673	21	799	22	999	23	1419	24	1844	25	2498	26	3534	27	4542	28	5609	29	6872	30	7648	31	8411	32	8613	33	8777	34	7952	35	7073	36	5759	37	4527	38	3303	39	2303	40	1497	41	921	42	517	43	325	44	177	45	90	46	29	47	19	48	10	49	2	51	1
