1	1	100000
2	1	100000
3	1	100000
4	1	100000
5	1	100000
6	1	100000
7	1	100000
8	1	100000
9	1	100000
10	1	100000
11	1	100000
12	1	100000
13	1	100000
14	1	100000
15	1	100000
16	1	100000
17	1	100000
18	1	100000
19	1	100000
20	1	100000
21	1	100000
22	1	100000
23	1	100000
24	1	100000
25	1	100000
26	1	100000
27	1	100000
28	1	100000
29	1	100000
30	1	100000
31	1	100000
32	1	100000
33	1	100000
34	1	100000
35	1	100000
36	1	100000
37	1	100000
38	1	100000
39	1	100000
40	1	100000
41	1	100000
42	1	100000
43	1	100000
44	1	100000
45	1	100000
46	1	100000
47	1	100000
48	1	100000
49	1	100000
50	1	100000
51	1	100000
52	1	100000
53	1	100000
54	1	100000
55	1	100000
56	1	100000
57	1	100000
58	1	100000
59	1	100000
60	1	100000
61	1	100000
62	1	100000
63	1	100000
64	1	100000
65	1	100000
66	1	100000
67	1	100000
68	1	100000
69	1	100000
70	1	100000
71	1	100000
72	1	100000
73	1	100000
74	1	100000
75	1	100000
76	1	100000
77	1	100000
78	1	100000
79	1	100000
80	1	100000
81	1	100000
82	1	100000
83	1	100000
84	1	100000
85	1	100000
86	1	100000
87	1	100000
88	1	100000
89	1	100000
90	1	100000
91	1	100000
92	1	100000
93	1	100000
94	1	100000
95	1	100000
96	1	100000
97	1	100000
98	1	100000
99	1	100000
100	1	100000
101	1	100000
102	1	100000
103	1	100000
104	1	100000
105	1	100000
106	1	100000
107	1	100000
108	1	100000
109	1	100000
110	1	100000
111	1	100000
112	1	100000
113	1	100000
114	1	100000
115	1	100000
116	1	100000
117	1	100000
118	1	100000
119	1	100000
120	1	100000
121	1	100000
122	1	100000
123	1	100000
124	1	100000
125	1	100000
126	1	100000
127	1	100000
128	1	100000
129	1	100000
130	1	100000
131	1	100000
132	1	100000
133	1	100000
134	1	100000
135	1	100000
136	1	100000
137	1	100000
138	1	100000
139	1	100000
140	1	100000
141	1	100000
142	1	100000
143	1	100000
144	1	100000
145	1	100000
146	1	100000
147	1	100000
148	1	100000
149	1	100000
150	1	100000
151	1	100000
152	1	100000
153	1	100000
154	1	100000
155	1	100000
156	1	100000
157	1	100000
158	1	100000
159	1	100000
160	1	100000
161	1	100000
162	1	100000
163	1	100000
164	1	100000
165	1	100000
166	1	100000
167	1	100000
168	1	100000
169	1	100000
170	1	100000
171	1	100000
172	1	100000
173	1	100000
174	1	100000
175	1	100000
176	1	100000
177	1	100000
178	1	100000
179	1	100000
180	1	100000
181	1	100000
182	1	100000
183	1	100000
184	1	100000
185	1	100000
186	1	100000
187	1	100000
188	1	100000
189	1	100000
190	1	100000
191	1	100000
192	1	100000
193	1	100000
194	1	100000
195	1	100000
196	1	100000
197	1	100000
198	1	100000
199	1	100000
200	1	100000
201	1	100000
202	1	100000
203	1	100000
204	1	100000
205	1	100000
206	1	100000
207	1	100000
208	1	100000
209	1	100000
210	1	100000
211	1	100000
212	1	100000
213	1	100000
214	1	100000
215	1	100000
216	1	100000
217	1	100000
218	1	100000
219	1	100000
220	1	100000
221	1	100000
222	1	100000
223	1	100000
224	1	100000
225	1	100000
226	1	100000
227	1	100000
228	1	100000
229	1	100000
230	1	100000
231	1	100000
232	1	100000
233	1	100000
234	1	100000
235	1	100000
236	1	100000
237	1	100000
238	1	100000
239	1	100000
240	1	100000
241	1	100000
242	1	100000
243	1	100000
244	1	100000
245	1	100000
246	1	100000
247	1	100000
248	1	100000
249	1	100000
250	1	100000
251	1	100000
252	1	100000
253	1	100000
254	1	100000
255	1	100000
256	1	100000
257	1	100000
258	1	100000
259	1	100000
260	1	100000
261	1	100000
262	1	100000
263	1	100000
264	1	100000
265	1	100000
266	1	100000
267	1	100000
268	1	100000
269	1	100000
270	1	100000
271	1	100000
272	1	100000
273	1	100000
274	1	100000
275	1	100000
276	1	100000
277	1	100000
278	1	100000
279	1	100000
280	1	100000
281	1	100000
282	1	100000
283	1	100000
284	1	100000
285	1	100000
286	1	100000
287	1	100000
288	1	100000
289	1	100000
290	1	100000
291	1	100000
292	1	100000
293	1	100000
294	1	100000
295	1	100000
296	1	100000
297	1	100000
298	1	100000
299	1	100000
300	1	100000
301	1	100000
302	1	100000
303	1	100000
304	1	100000
305	1	100000
306	1	100000
307	1	100000
308	1	100000
309	1	100000
310	1	100000
311	1	100000
312	1	100000
313	1	100000
314	1	100000
315	1	100000
316	1	100000
317	1	100000
318	1	100000
319	1	100000
320	1	100000
321	1	100000
322	1	100000
323	1	100000
324	1	100000
325	1	100000
326	1	100000
327	1	100000
328	1	100000
329	1	100000
330	1	100000
331	1	100000
332	1	100000
333	1	100000
334	1	100000
335	1	100000
336	1	100000
337	1	100000
338	1	100000
339	1	100000
340	1	100000
341	1	100000
342	1	100000
343	1	100000
344	1	100000
345	1	100000
346	1	100000
347	1	100000
348	1	100000
349	1	100000
350	1	100000
351	1	100000
352	1	100000
353	1	100000
354	1	100000
355	1	100000
356	1	100000
357	1	100000
358	1	100000
359	1	100000
360	1	100000
361	1	100000
362	1	100000
363	1	100000
364	1	100000
365	1	100000
366	1	100000
367	1	100000
368	1	100000
369	1	100000
370	1	100000
371	1	100000
372	1	100000
373	1	100000
374	1	100000
375	1	100000
376	1	100000
377	1	100000
378	1	100000
379	1	100000
380	1	100000
381	1	100000
382	1	100000
383	1	100000
384	1	100000
385	1	100000
386	1	100000
387	1	100000
388	1	100000
389	1	100000
390	1	100000
391	1	100000
392	1	100000
393	1	100000
394	1	100000
395	1	100000
396	1	100000
397	1	100000
398	1	100000
399	1	100000
400	1	100000
401	1	100000
402	1	100000
403	1	100000
404	1	100000
405	1	100000
406	1	100000
407	1	100000
408	1	100000
409	1	100000
410	1	100000
411	1	100000
412	1	100000
413	1	100000
414	1	100000
415	1	100000
416	1	100000
417	1	100000
418	1	100000
419	1	100000
420	1	100000
421	1	100000
422	1	100000
423	1	100000
424	1	100000
425	1	100000
426	1	100000
427	1	100000
428	1	100000
429	1	100000
430	1	100000
431	1	100000
432	1	100000
433	1	100000
434	1	100000
435	1	100000
436	1	100000
437	1	100000
438	1	100000
439	1	100000
440	1	100000
441	1	100000
442	1	100000
443	1	100000
444	1	100000
445	1	100000
446	1	100000
447	1	100000
448	1	100000
449	1	100000
450	1	100000
451	1	100000
452	1	100000
453	1	100000
454	1	100000
455	1	100000
456	1	100000
457	1	100000
458	1	100000
459	1	100000
460	1	100000
461	1	100000
462	1	100000
463	1	100000
464	1	100000
465	1	100000
466	1	100000
467	1	100000
468	1	100000
469	1	100000
470	1	100000
471	1	100000
472	1	100000
473	1	100000
474	1	100000
475	1	100000
476	1	100000
477	1	100000
478	1	100000
479	1	100000
480	1	100000
481	1	100000
482	1	100000
483	1	100000
484	1	100000
485	1	100000
486	1	100000
487	1	100000
488	1	100000
489	1	100000
490	1	100000
491	1	100000
492	1	100000
493	1	100000
494	1	100000
495	1	100000
496	1	100000
497	1	100000
498	1	100000
499	1	100000
500	1	100000
501	1	12848	2	87152
502	1	23796	2	76204
503	1	33543	2	66457
504	1	42121	2	57879
505	1	49427	2	50573
506	1	56112	2	43888
507	1	61637	2	38363
508	1	66731	2	33269
509	1	70638	2	29362
510	1	74607	2	25393
511	1	77716	2	22284
512	1	80773	2	19227
513	1	82981	2	17019
514	1	85078	2	14922
515	1	86991	2	13009
516	1	88867	2	11133
517	1	90157	2	9843
518	1	91428	2	8572
519	1	92791	2	7209
520	1	93555	2	6445
521	1	94337	2	5663
522	1	95156	2	4844
523	1	95592	2	4408
524	1	96207	2	3793
525	1	96756	2	3244
526	1	97131	2	2869
527	1	97555	2	2445
528	1	97830	2	2170
529	1	98095	2	1905
530	1	98387	2	1613
531	1	98632	2	1368
532	1	98782	2	1218
533	1	98860	2	1140
534	1	99044	2	956
535	1	99180	2	820
536	1	99281	2	719
537	1	99379	2	621
538	1	99446	2	554
539	1	99501	2	499
540	1	99578	2	422
541	1	99624	2	376
542	1	99694	2	306
543	1	99760	2	240
544	1	99770	2	230
545	1	99799	2	201
546	1	99825	2	175
547	1	99842	2	158
548	1	99883	2	117
549	1	99888	2	112
550	1	99894	2	106
551	1	99918	2	82
552	1	99930	2	70
553	1	99919	2	81
554	1	99938	2	62
555	1	99962	2	38
556	1	99955	2	45
557	1	99958	2	42
558	1	99969	2	31
559	1	99973	2	27
560	1	99974	2	26
561	1	99983	2	17
562	1	99987	2	13
563	1	99977	2	23
564	1	99980	2	20
565	1	99986	2	14
566	1	99987	2	13
567	1	99988	2	12
568	1	99991	2	9
569	1	99996	2	4
570	1	99994	2	6
571	1	99995	2	5
572	1	99996	2	4
573	1	99995	2	5
574	1	99995	2	5
575	1	99998	2	2
576	1	99998	2	2
577	1	99998	2	2
578	1	99997	2	3
579	1	99996	2	4
580	1	100000
581	1	100000
582	1	100000
583	1	100000
584	1	99999	2	1
585	1	99999	2	1
586	1	100000
587	1	99999	2	1
588	1	99999	2	1
589	1	99999	2	1
590	1	99998	2	2
591	1	100000
592	1	99999	2	1
593	1	100000
594	1	100000
595	1	100000
596	1	100000
597	1	100000
598	1	99999	2	1
599	1	100000
600	1	99999	2	1
601	1	100000
602	1	100000
603	1	100000
604	1	100000
605	1	100000
606	1	100000
607	1	100000
608	1	100000
609	1	100000
610	1	100000
611	1	100000
612	1	99999	2	1
613	1	100000
614	1	100000
615	1	100000
616	1	99999	2	1
617	1	100000
618	1	100000
619	1	100000
620	1	100000
621	1	100000
622	1	99999	2	1
623	1	100000
624	1	100000
625	1	100000
626	1	99999	2	1
627	1	100000
628	1	100000
629	1	100000
630	1	100000
631	1	100000
632	1	99998	2	2
633	1	100000
634	1	100000
635	1	100000
636	1	99999	2	1
637	1	100000
638	1	100000
639	1	99999	2	1
640	1	100000
641	1	99999	2	1
642	1	99999	2	1
643	1	99999	2	1
644	1	100000
645	1	100000
646	1	100000
647	1	99999	2	1
648	1	99999	2	1
649	1	100000
650	1	99999	2	1
651	1	99998	2	2
652	1	99998	2	2
653	1	99999	2	1
654	1	100000
655	1	99997	2	3
656	1	99999	2	1
657	1	99999	2	1
658	1	99995	2	5
659	1	99997	2	3
660	1	99996	2	4
661	1	100000
662	1	99997	2	3
663	1	99997	2	3
664	1	99990	2	10
665	1	99994	2	6
666	1	99989	2	11
667	1	100000
668	1	99991	2	9
669	1	99999	2	1
670	1	99997	2	3
671	1	99997	2	3
672	1	99993	2	7
673	1	99997	2	3
674	1	99998	2	2
675	1	99994	2	6
676	1	99995	2	5
677	1	99995	2	5
678	1	99997	2	3
679	1	99994	2	6
680	1	99988	2	12
681	1	99995	2	5
682	1	99998	2	2
683	1	99999	2	1
684	1	99995	2	5
685	1	99994	2	6
686	1	99994	2	6
687	1	99993	2	7
688	1	99990	2	10
689	1	99994	2	6
690	1	99991	2	9
691	1	99996	2	4
692	1	99989	2	11
693	1	99993	2	7
694	1	99994	2	6
695	1	99991	2	9
696	1	99986	2	14
697	1	99994	2	6
698	1	99994	2	6
699	1	99990	2	10
700	1	99981	2	19
701	1	99990	2	10
702	1	99986	2	14
703	1	99988	2	12
704	1	99971	2	29
705	1	99990	2	10
706	1	99987	2	13
707	1	99984	2	16
708	1	99984	2	16
709	1	99982	2	18
710	1	99985	2	15
711	1	99979	2	21
712	1	99974	2	26
713	1	99976	2	24
714	1	99982	2	18
715	1	99975	2	25
716	1	99969	2	31
717	1	99982	2	18
718	1	99975	2	25
719	1	99978	2	22
720	1	99948	2	52
721	1	99977	2	23
722	1	99978	2	22
723	1	99953	2	47
724	1	99957	2	43
725	1	99945	2	55
726	1	99944	2	56
727	1	99945	2	55
728	1	99960	2	40
729	1	99965	2	35
730	1	99953	2	47
731	1	99953	2	47
732	1	99931	2	69
733	1	99937	2	63
734	1	99941	2	59
735	1	99947	2	53
736	1	99903	2	97
737	1	99922	2	78
738	1	99921	2	79
739	1	99932	2	68
740	1	99920	2	80
741	1	99923	2	77
742	1	99914	2	86
743	1	99919	2	80	3	1
744	1	99906	2	94
745	1	99883	2	117
746	1	99892	2	108
747	1	99878	2	122
748	1	99872	2	127	3	1
749	1	99874	2	126
750	1	99884	2	116
751	1	99661	2	339
752	1	99690	2	309	3	1
753	1	99704	2	295	3	1
754	1	99703	2	296	3	1
755	1	99666	2	334
756	1	99690	2	310
757	1	99730	2	270
758	1	99709	2	291
759	1	99708	2	290	3	2
760	1	99684	2	316
761	1	99685	2	315
762	1	99682	2	318
763	1	99693	2	306	3	1
764	1	99663	2	337
765	1	99678	2	321	3	1
766	1	99657	2	343
767	1	99631	2	368	3	1
768	1	99571	2	429
769	1	99617	2	383
770	1	99687	2	313
771	1	99640	2	360
772	1	99620	2	379	3	1
773	1	99601	2	398	3	1
774	1	99595	2	403	3	2
775	1	99563	2	434	3	3
776	1	99522	2	475	3	3
777	1	99530	2	470
778	1	99519	2	480	3	1
779	1	99539	2	461
780	1	99459	2	539	3	2
781	1	99465	2	532	3	3
782	1	99371	2	626	3	3
783	1	99442	2	558
784	1	99308	2	691	3	1
785	1	99361	2	634	3	5
786	1	99264	2	734	3	2
787	1	99334	2	662	3	4
788	1	99241	2	756	3	3
789	1	99200	2	797	3	3
790	1	99198	2	797	3	5
791	1	99103	2	894	3	3
792	1	99051	2	944	3	5
793	1	99010	2	985	3	5
794	1	98896	2	1100	3	4
795	1	98988	2	1009	3	3
796	1	98870	2	1124	3	6
797	1	98816	2	1172	3	12
798	1	98633	2	1362	3	5
799	1	98646	2	1343	3	11
800	1	98741	2	1247	3	12
801	1	98815	2	1173	3	12
802	1	98876	2	1123	3	1
803	1	98730	2	1256	3	14
804	1	98697	2	1293	3	10
805	1	98521	2	1469	3	10
806	1	98490	2	1494	3	16
807	1	98367	2	1617	3	16
808	1	98309	2	1669	3	22
809	1	98296	2	1696	3	8
810	1	98249	2	1730	3	21
811	1	98153	2	1834	3	13
812	1	98018	2	1959	3	23
813	1	97950	2	2026	3	24
814	1	97782	2	2187	3	30	4	1
815	1	97839	2	2146	3	15
816	1	97609	2	2370	3	21
817	1	97495	2	2485	3	18	4	2
818	1	97416	2	2552	3	32
819	1	97219	2	2757	3	24
820	1	97119	2	2845	3	36
821	1	97046	2	2907	3	47
822	1	96928	2	3033	3	39
823	1	96794	2	3151	3	53	4	2
824	1	96681	2	3269	3	49	4	1
825	1	96531	2	3417	3	52
826	1	96407	2	3534	3	58	4	1
827	1	96114	2	3819	3	67
828	1	96033	2	3893	3	73	4	1
829	1	95842	2	4074	3	84
830	1	95766	2	4138	3	95	4	1
831	1	95585	2	4326	3	89
832	1	95205	2	4657	3	138
833	1	95022	2	4864	3	110	4	4
834	1	94492	2	5380	3	127	4	1
835	1	94660	2	5187	3	150	4	3
836	1	94113	2	5701	3	182	4	4
837	1	94001	2	5840	3	158	4	1
838	1	93746	2	6057	3	194	4	3
839	1	93818	2	5978	3	196	4	8
840	1	93307	2	6488	3	203	4	2
841	1	93210	2	6562	3	225	4	3
842	1	92036	2	7654	3	305	4	5
843	1	92850	2	6923	3	216	4	11
844	1	92453	2	7282	3	261	4	4
845	1	92042	2	7623	3	327	4	8
846	1	91599	2	8050	3	339	4	12
847	1	91494	2	8135	3	360	4	11
848	1	90596	2	8964	3	431	4	9
849	1	90396	2	9153	3	437	4	14
850	1	90091	2	9434	3	459	4	15	5	1
851	1	89570	2	9931	3	482	4	17
852	1	89002	2	10353	3	623	4	20	5	2
853	1	89032	2	10390	3	558	4	19	5	1
854	1	88089	2	11209	3	682	4	20
855	1	87533	2	11683	3	745	4	39
856	1	86485	2	12604	3	872	4	39
857	1	85935	2	13056	3	964	4	44	5	1
858	1	88788	2	10574	3	607	4	30	5	1
859	1	87250	2	11895	3	823	4	31	5	1
860	1	86848	2	12205	3	915	4	32
861	1	86184	2	12834	3	930	4	51	5	1
862	1	85263	2	13568	3	1121	4	46	5	2
863	1	84212	2	14441	3	1299	4	47	5	1
864	1	84078	2	14624	3	1238	4	58	5	2
865	1	83655	2	14943	3	1331	4	68	5	3
866	1	82482	2	15919	3	1498	4	96	5	4	6	1
867	1	82181	2	16174	3	1543	4	93	5	9
868	1	80967	2	17161	3	1760	4	107	5	5
869	1	80298	2	17735	3	1826	4	131	5	10
870	1	79959	2	17924	3	1963	4	143	5	11
871	1	79402	2	18358	3	2077	4	155	5	8
872	1	78353	2	19220	3	2255	4	157	5	14	6	1
873	1	78320	2	19200	3	2281	4	186	5	11	6	2
874	1	76915	2	20333	3	2512	4	226	5	13	6	1
875	1	75979	2	21017	3	2788	4	204	5	12
876	1	73571	2	22851	3	3260	4	297	5	21
877	1	72899	2	23281	3	3451	4	350	5	19
878	1	71396	2	24225	3	3939	4	416	5	21	6	3
879	1	71248	2	24257	3	4062	4	397	5	35	6	1
880	1	70178	2	24989	3	4303	4	481	5	46	6	3
881	1	69761	2	25273	3	4430	4	500	5	29	6	7
882	1	69311	2	25436	3	4670	4	535	5	46	6	2
883	1	67740	2	26650	3	4987	4	568	5	52	6	3
884	1	66317	2	27379	3	5545	4	686	5	69	6	4
885	1	65200	2	28005	3	5936	4	765	5	84	6	10
886	1	64146	2	28713	3	6225	4	823	5	88	6	5
887	1	63131	2	29157	3	6661	4	947	5	100	6	4
888	1	60474	2	30708	3	7483	4	1177	5	143	6	10	7	5
889	1	63387	2	28980	3	6588	4	945	5	86	6	14
890	1	62035	2	29652	3	7089	4	1086	5	127	6	10	7	1
891	1	59461	2	30847	3	8167	4	1357	5	155	6	12	7	1
892	1	59901	2	30676	3	7883	4	1345	5	176	6	19
893	1	56302	2	32676	3	9136	4	1643	5	218	6	22	7	3
894	1	56100	2	32771	3	9159	4	1686	5	261	6	20	7	3
895	1	54476	2	33381	3	9965	4	1872	5	271	6	32	7	3
896	1	52995	2	33825	3	10652	4	2169	5	318	6	39	7	2
897	1	52067	2	34206	3	11043	4	2297	5	343	6	42	7	2
898	1	50990	2	34511	3	11548	4	2450	5	442	6	46	7	10	8	3
899	1	48819	2	35221	3	12592	4	2857	5	441	6	64	7	6
900	1	47911	2	35499	3	12923	4	3069	5	519	6	69	7	8	8	2
901	1	45486	2	36205	3	14036	4	3528	5	647	6	83	7	13	8	1	9	1
902	1	44150	2	36410	3	14755	4	3862	5	705	6	104	7	13	8	1
903	1	42559	2	36796	3	15583	4	4148	5	781	6	114	7	15	8	4
904	1	42031	2	36719	3	15713	4	4447	5	934	6	141	7	14	8	1
905	1	39632	2	37135	3	17001	4	5009	5	1038	6	159	7	21	8	5
906	1	38400	2	37072	3	17760	4	5293	5	1198	6	246	7	30	8	1
907	1	36852	2	37366	3	18296	4	5933	5	1286	6	219	7	42	8	5	9	1
908	1	33521	2	37272	3	20205	4	6941	5	1701	6	308	7	48	8	4
909	1	32603	2	36931	3	20657	4	7377	5	1961	6	382	7	73	8	15	9	1
910	1	35032	2	36795	3	19290	4	6696	5	1747	6	369	7	62	8	9
911	1	34071	2	36613	3	19988	4	7068	5	1793	6	400	7	58	8	9
912	1	31092	2	36548	3	21159	4	8169	5	2393	6	532	7	88	8	17	9	2
913	1	29200	2	36317	3	21998	4	9108	5	2633	6	613	7	117	8	12	9	1	10	1
914	1	28956	2	36368	3	22196	4	9077	5	2639	6	629	7	116	8	18	9	1
915	1	26552	2	35689	3	23644	4	10028	5	3146	6	776	7	135	8	24	9	6
916	1	26020	2	35128	3	23785	4	10633	5	3379	6	824	7	186	8	39	9	5	10	1
917	1	24055	2	34742	3	24695	4	11341	5	3885	6	1034	7	197	8	43	9	7	10	1
918	1	22004	2	33993	3	25405	4	12512	5	4454	6	1286	7	280	8	57	9	9
919	1	21564	2	33615	3	25814	4	12778	5	4592	6	1241	7	325	8	58	9	13
920	1	19919	2	32846	3	26014	4	13702	5	5399	6	1618	7	395	8	97	9	8	10	2
921	1	17926	2	31708	3	26869	4	15009	5	6092	6	1801	7	466	8	106	9	21	10	2
922	1	16862	2	30584	3	27240	4	15671	5	6682	6	2238	7	580	8	117	9	20	10	5	11	1
923	1	15321	2	29793	3	27733	4	16456	5	7300	6	2521	7	688	8	147	9	33	10	5	11	3
924	1	17217	2	30665	3	26984	4	15467	5	6610	6	2245	7	629	8	158	9	21	10	4
925	1	14485	2	28715	3	27699	4	17218	5	7884	6	2932	7	827	8	185	9	44	10	8	11	3
926	1	13289	2	27212	3	27811	4	18152	5	8828	6	3386	7	969	8	256	9	82	10	12	11	3
927	1	12257	2	26564	3	27847	4	18887	5	9270	6	3693	7	1106	8	292	9	69	10	10	11	5
928	1	11568	2	25451	3	27349	4	19633	5	10004	6	4113	7	1413	8	362	9	82	10	24	12	1
929	1	10124	2	24071	3	27516	4	20418	5	11089	6	4701	7	1526	8	439	9	90	10	22	11	4
930	1	9414	2	23043	3	27105	4	20921	5	11679	6	5215	7	1911	8	535	9	141	10	33	11	2	12	1
931	1	8212	2	21534	3	26907	4	21606	5	12796	6	5836	7	2230	8	668	9	163	10	36	11	8	12	3	13	1
932	1	7368	2	19735	3	25772	4	22328	5	13926	6	6891	7	2692	8	961	9	239	10	69	11	18	12	1
933	1	6583	2	18582	3	25426	4	22837	5	14627	6	7424	7	3057	8	1061	9	306	10	74	11	19	12	3	13	1
934	1	7362	2	19188	3	25502	4	22205	5	14318	6	7096	7	2984	8	962	9	301	10	68	11	12	12	2
935	1	5619	2	16862	3	24130	4	23454	5	15615	6	8657	7	3765	8	1336	9	421	10	104	11	30	12	5	13	2
936	1	5967	2	16849	3	23938	4	22496	5	16061	6	8716	7	3852	8	1503	9	461	10	113	11	36	12	8
937	1	4718	2	14726	3	23238	4	23389	5	16972	6	9935	7	4499	8	1752	9	582	10	149	11	31	12	6	13	3
938	1	4049	2	13250	3	21729	4	23016	5	18307	6	11037	7	5316	8	2208	9	761	10	239	11	69	12	18	15	1
939	1	3445	2	11980	3	20922	4	23245	5	18748	6	11937	7	5944	8	2481	9	925	10	267	11	85	12	16	13	5
940	1	3165	2	11062	3	19396	4	22603	5	19271	6	12838	7	6898	8	3119	9	1140	10	382	11	95	12	26	13	4	14	1
941	1	2224	2	9197	3	17653	4	22350	5	20126	6	14467	7	8020	8	3759	9	1451	10	529	11	164	12	38	13	15	14	5	15	1	16	1
942	1	2648	2	9928	3	18152	4	22143	5	19580	6	13859	7	7714	8	3750	9	1488	10	526	11	143	12	43	13	24	14	1	15	1
943	1	1958	2	8197	3	16178	4	21524	5	20451	6	15131	7	9048	8	4540	9	1897	10	771	11	218	12	64	13	19	14	4
944	1	2078	2	7869	3	15885	4	20560	5	20100	6	15415	7	9568	8	5119	9	2150	10	864	11	280	12	77	13	28	14	7
945	1	1287	2	6294	3	13787	4	19753	5	20445	6	16866	7	11006	8	5987	9	2862	10	1171	11	375	12	116	13	37	14	14
946	1	1351	2	6043	3	12999	4	19042	5	20136	6	17028	7	11529	8	6742	9	3079	10	1292	11	518	12	179	13	44	14	11	15	5	16	2
947	1	980	2	5162	3	11966	4	17982	5	20418	6	17671	7	12327	8	7463	9	3578	10	1613	11	566	12	187	13	61	14	21	15	4	16	1
948	1	1224	2	5096	3	11716	4	17723	5	20100	6	17623	7	12647	8	7521	9	3770	10	1636	11	619	12	227	13	75	14	19	15	2	16	2
949	1	683	2	3580	3	9381	4	15840	5	19496	6	18728	7	14317	8	9291	9	5009	10	2229	11	967	12	328	13	116	14	29	15	4	16	2
950	1	694	2	3508	3	9080	4	15111	5	18632	6	18631	7	14631	8	9790	9	5522	10	2595	11	1157	12	432	13	168	14	36	15	8	16	5
951	1	460	2	2639	3	7543	4	13664	5	18362	6	18761	7	15644	8	10936	9	6323	10	3273	11	1478	12	606	13	211	14	75	15	17	16	5	17	1	18	1	19	1
952	1	534	2	2697	3	7167	4	12567	5	17189	6	18399	7	16203	8	11484	9	7088	10	3854	11	1758	12	685	13	252	14	91	15	27	16	4	19	1
953	1	284	2	1921	3	5511	4	11168	5	16336	6	18226	7	16983	8	12965	9	8360	10	4535	11	2219	12	934	13	368	14	138	15	36	16	14	17	1	18	1
954	1	357	2	1820	3	5343	4	10334	5	15532	6	17858	7	16957	8	13493	9	8815	10	5023	11	2639	12	1160	13	447	14	156	15	50	16	12	17	4
955	1	179	2	1187	3	3920	4	8740	5	14197	6	17327	7	17604	8	14529	9	10343	10	6205	11	3307	12	1504	13	627	14	220	15	80	16	22	17	7	18	2
956	1	226	2	1251	3	3691	4	8122	5	12794	6	16324	7	16870	8	14797	9	11158	10	7245	11	4052	12	1996	13	885	14	391	15	145	16	40	17	7	18	5	19	1
957	1	149	2	881	3	3100	4	7298	5	12251	6	16139	7	17438	8	15308	9	11512	10	7604	11	4372	12	2317	13	1007	14	395	15	167	16	41	17	14	18	5	19	1	20	1
958	1	141	2	803	3	2839	4	6275	5	10898	6	15092	7	16672	8	15573	9	12556	10	8705	11	5279	12	2855	13	1405	14	564	15	227	16	74	17	32	18	5	19	4	21	1
959	1	66	2	530	3	2056	4	5268	5	9678	6	14130	7	16588	8	16330	9	13460	10	9507	11	6183	12	3308	13	1693	14	717	15	324	16	109	17	33	18	15	19	4	20	1
960	1	123	2	669	3	2052	4	4596	5	8677	6	12706	7	15570	8	15820	9	13994	10	10733	11	7096	12	4087	13	2159	14	1043	15	419	16	170	17	64	18	17	19	1	20	4
961	1	27	2	280	3	1247	4	3490	5	7258	6	11701	7	14998	8	16017	9	14896	10	11799	11	8170	12	5001	13	2711	14	1355	15	658	16	252	17	99	18	29	19	8	20	3	21	1
962	1	66	2	408	3	1467	4	3505	5	6893	6	10624	7	14067	8	15919	9	15008	10	12085	11	8653	12	5460	13	3065	14	1529	15	733	16	347	17	106	18	43	19	18	20	4
963	1	23	2	217	3	901	4	2682	5	5801	6	9783	7	13497	8	15676	9	15190	10	13141	11	9541	12	6278	13	3672	14	1981	15	952	16	419	17	168	18	49	19	19	20	7	21	1	22	2
964	1	50	2	308	3	938	4	2437	5	4866	6	8613	7	11971	8	14586	9	15083	10	13421	11	10710	12	7389	13	4620	14	2631	15	1341	16	622	17	250	18	115	19	39	20	7	21	1	22	2
965	1	11	2	91	3	497	4	1535	5	3750	6	7033	7	11033	8	13969	9	15114	10	14413	11	11767	12	8647	13	5716	14	3243	15	1737	16	830	17	375	18	143	19	59	20	30	21	3	22	3	24	1
966	1	30	2	157	3	626	4	1644	5	3606	6	6203	7	9661	8	12934	9	14696	10	14403	11	12349	12	9340	13	6484	14	3892	15	2083	16	1065	17	471	18	230	19	80	20	35	21	8	22	2	23	1
967	1	3	2	45	3	241	4	974	5	2477	6	4986	7	8454	8	12029	9	14271	10	14674	11	13077	12	10584	13	7585	14	4859	15	2917	16	1524	17	775	18	325	19	120	20	54	21	19	22	4	23	1	24	2
968	1	40	2	159	3	573	4	1280	5	2713	6	5178	7	8022	8	11055	9	13262	10	14035	11	13222	12	10805	13	8043	14	5271	15	3193	16	1632	17	853	18	384	19	174	20	73	21	23	22	10
969	1	3	2	22	3	156	4	616	5	1670	6	3796	7	6499	8	10016	9	12923	10	14382	11	13791	12	12103	13	9300	14	6320	15	4034	16	2309	17	1123	18	560	19	237	20	94	21	26	22	12	23	7	24	1
970	1	3	2	63	3	252	4	688	5	1516	6	3118	7	5421	8	8382	9	11207	10	13507	11	14053	12	12720	13	10458	14	7652	15	4981	16	2915	17	1617	18	820	19	391	20	151	21	49	22	30	23	4	24	2
971	1	2	2	19	3	83	4	328	5	927	6	2270	7	4436	8	7399	9	10371	10	12794	11	13946	12	13495	13	11266	14	8695	15	5969	16	3820	17	2068	18	1176	19	519	20	260	21	112	22	31	23	9	24	2	25	2	26	1
972	1	12	2	63	3	202	4	493	5	1094	6	2139	7	3961	8	6407	9	9297	10	11765	11	13228	12	13171	13	11843	14	9501	15	6822	16	4542	17	2689	18	1464	19	761	20	308	21	153	22	44	23	29	24	11	28	1
973	2	2	3	18	4	127	5	478	6	1305	7	2765	8	5010	9	7825	10	10917	11	13080	12	13583	13	12741	14	10810	15	8037	16	5580	17	3633	18	2060	19	1111	20	539	21	207	22	111	23	43	24	12	25	6
974	1	4	2	26	3	100	4	345	5	693	6	1310	7	2479	8	4135	9	6610	10	9295	11	11609	12	13062	13	12944	14	11472	15	9350	16	6619	17	4345	18	2682	19	1533	20	767	21	330	22	168	23	78	24	29	25	6	26	7	27	1	28	1
975	2	1	3	16	4	72	5	286	6	748	7	1790	8	3447	9	6054	10	8542	11	11226	12	12473	13	13156	14	11879	15	10001	16	7719	17	5287	18	3454	19	1951	20	988	21	528	22	209	23	100	24	54	25	14	26	2	27	2	29	1
976	1	10	2	38	3	95	4	255	5	555	6	1037	7	1857	8	3191	9	5046	10	7226	11	9796	12	11473	13	12648	14	12174	15	10689	16	8462	17	6308	18	3959	19	2467	20	1361	21	744	22	357	23	145	24	67	25	26	26	9	27	4	28	1
977	2	1	3	8	4	41	5	128	6	396	7	1027	8	2128	9	3842	10	6233	11	8853	12	11248	13	12669	14	12755	15	11437	16	9690	17	7268	18	5111	19	3213	20	1976	21	1067	22	507	23	243	24	86	25	40	26	14	27	13	28	4	29	2
978	2	8	3	47	4	116	5	323	6	619	7	996	8	1798	9	2959	10	4845	11	7181	12	9813	13	11471	14	12355	15	12122	16	10596	17	8696	18	6306	19	4179	20	2607	21	1474	22	785	23	379	24	197	25	78	26	29	27	14	28	6	31	1
979	3	4	4	13	5	49	6	156	7	474	8	1094	9	2091	10	3946	11	5897	12	8593	13	10751	14	12230	15	12559	16	11465	17	9724	18	7631	19	5398	20	3523	21	2124	22	1164	23	614	24	290	25	123	26	45	27	26	28	12	29	3	30	1
980	1	4	2	14	3	51	4	123	5	244	6	456	7	779	8	1290	9	2142	10	3514	11	5153	12	7412	13	9495	14	11194	15	11927	16	11411	17	10346	18	8260	19	6215	20	4135	21	2644	22	1580	23	834	24	421	25	184	26	97	27	49	28	17	29	6	30	1	31	1	32	1
981	1	1	2	1	3	2	4	8	5	32	6	114	7	298	8	666	9	1476	10	2661	11	4447	12	6571	13	8833	14	10894	15	11817	16	11884	17	10944	18	9297	19	7130	20	5167	21	3387	22	2068	23	1170	24	611	25	286	26	134	27	64	28	22	29	8	30	6	32	1
982	2	2	3	13	4	47	5	137	6	280	7	453	8	765	9	1165	10	1904	11	3007	12	4789	13	6747	14	8917	15	10750	16	11738	17	11684	18	10665	19	8823	20	6664	21	4709	22	2950	23	1857	24	951	25	545	26	260	27	106	28	40	29	21	30	7	31	4
983	4	7	5	18	6	38	7	113	8	326	9	733	10	1560	11	2559	12	4270	13	6305	14	8376	15	10114	16	11337	17	11681	18	11038	19	9460	20	7398	21	5580	22	3789	23	2393	24	1446	25	734	26	397	27	194	28	86	29	29	30	10	31	4	32	3	33	1	34	1
984	1	4	2	10	3	25	4	61	5	142	6	271	7	403	8	648	9	968	10	1493	11	2244	12	3445	13	5229	14	7051	15	8968	16	10483	17	11111	18	11131	19	9992	20	8290	21	6426	22	4638	23	2989	24	1848	25	1048	26	575	27	282	28	135	29	56	30	22	31	5	32	4	33	3
985	5	1	6	11	7	35	8	89	9	234	10	526	11	1104	12	2076	13	3538	14	5263	15	7283	16	9264	17	10949	18	11714	19	11422	20	10160	21	8383	22	6542	23	4512	24	2942	25	1843	26	1072	27	555	28	256	29	124	30	59	31	31	32	8	33	2	34	2
986	3	2	4	24	5	49	6	134	7	267	8	390	9	595	10	743	11	1196	12	1795	13	2743	14	4190	15	6014	16	7935	17	9709	18	10992	19	11087	20	10622	21	9226	22	7451	23	5553	24	3778	25	2386	26	1497	27	828	28	411	29	211	30	96	31	44	32	16	33	11	34	3	35	1	36	1
987	5	5	6	15	7	33	8	70	9	169	10	362	11	767	12	1416	13	2380	14	3585	15	5424	16	7221	17	8934	18	10310	19	11013	20	10925	21	9889	22	8394	23	6560	24	4688	25	3246	26	2060	27	1250	28	626	29	359	30	164	31	86	32	28	33	10	34	9	35	2
988	2	4	3	7	4	37	5	54	6	93	7	185	8	267	9	436	10	618	11	891	12	1228	13	1770	14	2663	15	3930	16	5402	17	7234	18	8745	19	10219	20	10699	21	10447	22	9475	23	7870	24	6122	25	4380	26	2988	27	1935	28	1041	29	647	30	338	31	152	32	77	33	33	34	10	35	1	36	2
989	5	1	6	1	7	17	8	24	9	77	10	174	11	358	12	677	13	1287	14	2060	15	3294	16	4802	17	6446	18	8263	19	9527	20	10526	21	10776	22	10077	23	8774	24	7267	25	5548	26	3960	27	2607	28	1579	29	928	30	488	31	254	32	106	33	61	34	25	35	13	36	2	37	1
990	1	1	3	1	4	7	5	22	6	51	7	89	8	182	9	314	10	448	11	560	12	735	13	978	14	1346	15	2096	16	3233	17	4780	18	6538	19	8083	20	9736	21	10540	22	10631	23	9791	24	8489	25	6851	26	5210	27	3721	28	2339	29	1466	30	860	31	465	32	229	33	105	34	56	35	24	36	14	37	6	39	3
991	7	5	8	7	9	30	10	63	11	133	12	268	13	619	14	960	15	1550	16	2488	17	3918	18	5328	19	6918	20	8635	21	9783	22	10492	23	10447	24	9733	25	8128	26	6733	27	5006	28	3460	29	2290	30	1382	31	806	32	439	33	212	34	80	35	36	36	32	37	14	38	3	39	1	42	1
992	1	1	2	7	3	8	4	16	5	39	6	71	7	103	8	168	9	259	10	368	11	502	12	664	13	845	14	1119	15	1500	16	2157	17	3051	18	4285	19	5481	20	7243	21	8594	22	9467	23	9794	24	9752	25	8747	26	7567	27	6003	28	4356	29	3184	30	1972	31	1252	32	697	33	399	34	172	35	103	36	31	37	14	38	5	39	3	40	1
993	8	4	9	9	10	44	11	80	12	167	13	288	14	535	15	874	16	1507	17	2254	18	3439	19	4746	20	6209	21	7670	22	9159	23	9897	24	10091	25	9705	26	8641	27	7335	28	5748	29	4178	30	2954	31	1889	32	1193	33	696	34	354	35	168	36	94	37	40	38	18	39	11	40	3
994	4	6	5	4	6	16	7	50	8	92	9	144	10	248	11	319	12	462	13	524	14	584	15	669	16	955	17	1360	18	2129	19	3082	20	4489	21	6024	22	7590	23	8931	24	10063	25	10081	26	9596	27	8672	28	7092	29	5590	30	4119	31	2891	32	1740	33	1151	34	655	35	356	36	166	37	86	38	37	39	16	40	6	41	5
995	7	2	8	5	9	9	10	10	11	37	12	76	13	146	14	258	15	469	16	762	17	1237	18	1826	19	2725	20	3768	21	5134	22	6532	23	7900	24	9024	25	9536	26	9802	27	9271	28	8207	29	7032	30	5459	31	3964	32	2697	33	1791	34	1074	35	613	36	316	37	184	38	76	39	33	40	17	41	6	42	1	44	1
996	3	4	4	11	5	18	6	31	7	47	8	71	9	131	10	144	11	232	12	390	13	501	14	568	15	693	16	858	17	1005	18	1407	19	1944	20	2733	21	3796	22	5000	23	6437	24	7672	25	8596	26	9454	27	9528	28	8793	29	7978	30	6406	31	5119	32	3754	33	2699	34	1715	35	1004	36	600	37	338	38	177	39	81	40	35	41	20	42	7	43	1	45	1	46	1
997	9	4	10	4	11	17	12	37	13	60	14	107	15	171	16	319	17	524	18	933	19	1455	20	2133	21	3051	22	4180	23	5415	24	6697	25	8084	26	8997	27	9565	28	9488	29	8829	30	7804	31	6688	32	5188	33	3756	34	2588	35	1692	36	1049	37	575	38	304	39	159	40	70	41	35	42	13	43	4	44	3	45	2
998	5	4	6	8	7	19	8	28	9	76	10	120	11	194	12	295	13	337	14	437	15	483	16	543	17	576	18	666	19	893	20	1271	21	1926	22	2829	23	4112	24	5281	25	6681	26	7919	27	8953	28	9301	29	9388	30	8627	31	7769	32	6469	33	4993	34	3641	35	2440	36	1609	37	957	38	578	39	313	40	155	41	55	42	35	43	11	44	5	45	2	47	1
999	8	1	9	3	11	13	12	28	13	60	14	76	15	150	16	210	17	317	18	556	19	857	20	1241	21	1749	22	2465	23	3388	24	4501	25	5625	26	6784	27	7882	28	8780	29	9178	30	9317	31	8615	32	7740	33	6184	34	4734	35	3551	36	2354	37	1569	38	932	39	545	40	322	41	151	42	70	43	21	44	16	45	13	46	1	49	1
1000	2	2	3	8	4	5	5	11	6	15	7	32	8	49	9	79	10	97	11	145	12	191	13	258	14	346	15	435	16	516	17	586	18	671	19	759	20	1003	21	1303	22	1773	23	2423	24	3216	25	4323	26	5499	27	6595	28	7794	29	8620	30	9005	31	8904	32	8187	33	7319	34	6156	35	4572	36	3396	37	2274	38	1464	39	929	40	519	41	285	42	121	43	68	44	28	45	10	46	6	47	2	48	1
