1	0	100	
2	0	100	
3	0	100	
4	0	100	
5	0	100	
6	0	93	1	4	2	3	
7	0	100	
8	0	91	1	5	3	4	
9	0	91	2	9	
10	0	87	1	8	4	5	
11	0	100	
12	0	77	1	8	2	7	3	5	5	3	
13	0	100	
14	0	79	1	21	
15	0	74	2	21	4	5	
16	0	79	1	12	3	7	7	2	
17	0	100	
18	0	69	1	21	2	5	5	5	
19	0	100	
20	0	76	1	13	3	8	4	1	9	2	
21	0	89	2	10	6	1	
22	0	69	1	29	10	2	
23	0	100	
24	0	81	1	10	2	2	3	2	5	2	7	3	
25	0	99	4	1	
26	0	86	1	13	12	1	
27	0	98	2	2	
28	0	92	1	7	3	1	
29	0	100	
30	0	96	1	3	2	1	
31	0	100	
32	0	97	1	3	
33	0	100	
34	0	97	1	3	
35	0	100	
36	0	98	1	2	
37	0	100	
38	0	97	1	3	
39	0	100	
40	0	100	
41	0	100	
42	0	96	1	4	
43	0	100	
44	0	98	1	2	
45	0	100	
46	0	100	
47	0	100	
48	0	100	
49	0	100	
50	0	99	1	1	
51	0	100	
52	0	98	1	2	
53	0	100	
54	0	98	1	2	
55	0	100	
56	0	99	1	1	
57	0	100	
58	0	99	1	1	
59	0	100	
60	0	98	1	2	
61	0	100	
62	0	98	1	2	
63	0	100	
64	0	99	1	1	
65	0	100	
66	0	99	1	1	
67	0	100	
68	0	100	
69	0	100	
70	0	96	1	4	
71	0	100	
72	0	98	1	2	
73	0	100	
74	0	98	1	2	
75	0	100	
76	0	99	1	1	
77	0	100	
78	0	99	1	1	
79	0	100	
80	0	99	1	1	
81	0	100	
82	0	98	1	2	
83	0	100	
84	0	100	
85	0	100	
86	0	98	1	2	
87	0	100	
88	0	99	1	1	
89	0	100	
90	0	99	1	1	
91	0	100	
92	0	98	1	2	
93	0	100	
94	0	97	1	3	
95	0	100	
96	0	99	1	1	
97	0	100	
98	0	100	
99	0	100	
100	0	99	1	1	
101	0	100	
102	0	99	1	1	
103	0	100	
104	0	100	
105	0	98	1	2	
106	0	99	1	1	
107	0	100	
108	0	98	1	2	
109	0	100	
110	0	100	
111	0	100	
112	0	99	1	1	
113	0	100	
114	0	100	
115	0	99	1	1	
116	0	100	
117	0	97	1	3	
118	0	99	2	1	
119	0	95	1	5	
120	0	97	1	3	
121	0	100	
122	0	97	1	3	
123	0	99	1	1	
124	0	97	1	3	
125	0	96	1	4	
126	0	92	2	8	
127	0	99	1	1	
128	0	91	1	9	
129	0	93	1	7	
130	0	100	
131	0	97	1	3	
132	0	97	1	3	
133	0	80	1	20	
134	0	100	
135	0	94	1	6	
136	0	89	1	11	
137	0	97	1	3	
138	0	98	1	2	
139	0	69	1	31	
140	0	98	1	2	
141	0	95	1	5	
142	0	100	
143	0	32	1	68	
144	0	66	1	1	2	33	
145	0	99	1	1	
146	0	88	1	12	
147	0	92	1	7	2	1	
148	0	76	1	23	2	1	
149	0	97	1	3	
150	0	91	1	9	
151	0	94	1	6	
152	0	87	1	13	
153	0	67	1	30	2	3	
154	0	100	
155	0	26	1	74	
156	0	87	1	6	2	7	
157	0	86	1	14	
158	0	68	1	30	2	2	
159	0	96	1	4	
160	0	38	1	55	2	7	
161	0	98	1	2	
162	0	67	1	33	
163	0	85	1	12	2	3	
164	0	91	1	9	
165	0	88	1	12	
166	0	66	1	33	2	1	
167	0	4	1	76	2	20	
168	0	42	2	23	3	34	4	1	
169	0	82	1	14	4	3	5	1	
170	0	86	1	14	
171	0	75	1	25	
172	0	76	1	20	2	4	
173	0	72	1	24	2	4	
174	0	91	1	8	2	1	
175	0	46	1	49	2	5	
176	0	83	1	9	2	8	
177	0	47	1	47	2	5	3	1	
178	0	77	1	12	2	11	
179	0	54	1	42	2	2	3	2	
180	0	80	1	12	2	8	
181	0	44	1	46	2	9	3	1	
182	0	100	
183	0	5	1	95	
184	0	49	1	3	2	48	
185	0	63	1	23	3	14	
186	0	27	1	48	2	17	4	8	
187	0	88	1	7	2	5	
188	0	19	1	72	2	3	3	6	
189	0	85	1	6	2	9	
190	0	33	1	65	2	2	
191	0	91	1	5	2	4	
192	0	64	1	35	2	1	
193	0	46	1	38	2	16	
194	0	74	1	21	2	4	3	1	
195	0	37	1	52	2	8	3	2	4	1	
196	0	74	1	9	2	15	3	2	
197	0	83	1	14	2	3	
198	0	74	1	25	2	1	
199	0	40	1	53	2	7	
200	0	2	1	49	2	41	3	8	
201	0	2	2	40	3	44	4	14	
202	0	50	1	4	3	4	4	37	5	5	
203	0	74	1	22	6	4	
204	0	57	1	37	2	5	7	1	
205	0	63	1	19	2	17	3	1	
206	0	70	1	27	2	2	3	1	
207	0	75	1	21	2	4	
208	0	43	1	46	2	11	
209	0	59	1	14	2	25	3	2	
210	0	22	1	46	2	16	3	14	4	2	
211	0	85	1	4	2	10	3	1	
212	0	40	1	53	2	5	3	2	
213	0	64	1	16	2	20	
214	0	49	1	38	2	8	3	5	
215	0	11	1	41	2	41	3	4	4	3	
216	0	60	1	8	2	15	3	15	5	2	
217	0	78	1	16	2	1	3	2	4	3	
218	0	20	1	66	2	13	5	1	
219	0	62	1	10	2	28	
220	0	39	1	41	2	5	3	15	
221	0	12	1	39	2	33	3	3	4	12	5	1	
222	1	15	2	41	3	29	4	5	5	9	6	1	
223	0	100	
224	0	6	1	94	
225	0	35	1	3	2	62	
226	0	31	1	24	2	4	3	41	
227	0	57	1	24	2	12	4	7	
228	0	22	1	53	2	12	3	3	5	10	
229	0	75	1	8	2	12	3	3	6	2	
230	0	56	1	38	2	6	
231	0	16	1	46	2	28	3	5	4	5	
232	0	40	1	8	2	28	3	23	4	1	
233	0	57	1	21	2	5	3	12	4	5	
234	0	29	1	46	2	12	3	3	4	9	5	1	
235	0	9	1	30	2	43	3	11	5	5	6	2	
236	0	85	2	8	3	6	4	1	
237	0	18	1	72	3	8	4	2	
238	0	43	1	14	2	41	4	2	
239	0	25	1	44	2	10	3	21	
240	0	7	1	32	2	39	3	6	4	15	6	1	
241	0	78	1	1	2	8	3	8	5	5	
242	0	12	1	75	2	3	3	7	4	1	6	2	
243	0	75	1	7	2	17	4	1	
244	0	62	1	31	2	3	3	4	
245	0	53	1	28	2	16	4	3	
246	0	41	1	36	2	18	3	3	4	2	
247	0	47	1	26	2	22	3	5	
248	0	23	1	44	2	21	3	9	4	3	
249	0	9	1	23	2	28	3	23	4	13	5	4	
250	1	14	2	36	3	31	4	11	5	7	6	1	
251	2	8	3	27	4	41	5	16	6	7	7	1	
252	0	5	1	2	4	38	5	30	6	17	7	4	8	4	
253	0	34	1	7	6	35	7	13	8	10	9	1	
254	0	55	1	18	2	1	3	1	8	13	9	12	
255	0	38	1	31	2	19	3	3	10	8	11	1	
256	0	39	1	23	2	26	3	10	12	2	
257	0	56	1	16	2	9	3	16	4	2	5	1	
258	0	8	1	58	2	22	3	6	4	6	
259	0	74	1	1	2	16	3	7	4	2	
260	0	23	1	61	3	13	4	1	5	1	6	1	
261	0	70	1	10	2	19	4	1	
262	0	6	1	69	2	6	3	16	5	2	6	1	
263	0	29	1	3	2	56	3	1	4	11	
264	0	11	1	34	2	1	3	46	4	2	5	6	
265	0	34	1	8	2	25	3	3	4	25	5	1	6	4	
266	0	15	1	36	2	7	3	19	4	3	5	20	
267	0	87	1	4	2	7	6	2	
268	1	86	2	4	3	7	5	2	7	1	
269	0	20	1	1	2	70	3	1	4	6	6	2	
270	0	5	1	21	3	68	4	2	5	4	
271	0	62	1	3	2	14	4	21	
272	0	42	1	34	2	4	3	9	5	11	
273	0	3	1	40	2	36	3	1	4	9	6	11	
274	0	21	1	1	2	28	3	34	4	3	5	4	7	9	
275	0	44	1	17	2	1	3	15	4	15	6	1	8	7	
276	0	70	1	16	2	7	4	5	5	2	
277	0	20	1	60	2	12	3	5	5	2	6	1	
278	0	6	1	20	2	55	3	8	4	2	6	8	7	1	
279	0	18	1	8	2	10	3	53	4	7	5	3	7	1	
280	0	54	1	7	3	11	4	25	5	2	6	1	
281	0	34	1	45	2	4	3	3	4	4	5	8	6	2	
282	0	13	1	32	2	33	3	7	4	2	5	2	6	10	7	1	
283	0	10	1	12	2	24	3	31	4	2	6	5	7	16	
284	0	2	1	8	2	19	3	22	4	24	5	3	7	7	8	15	
285	2	16	3	13	4	23	5	31	6	3	8	5	9	9	
286	0	100	
287	1	100	
288	2	100	
289	0	6	1	1	3	93	
290	0	24	1	7	2	1	4	68	
291	0	25	1	23	2	3	3	1	5	48	
292	0	4	1	24	2	14	3	6	6	52	
293	0	44	1	3	2	18	3	14	4	1	7	20	
294	0	17	1	46	2	1	3	9	4	9	5	2	8	16	
295	0	7	1	14	2	41	3	3	4	16	5	12	9	7	
296	0	12	1	3	2	10	3	39	4	3	5	9	6	6	10	18	
297	0	54	1	14	2	3	3	12	4	11	5	3	6	1	7	2	
298	0	33	1	47	2	9	3	1	4	4	5	5	7	1	
299	0	22	1	30	2	31	3	7	4	3	5	2	6	5	
300	0	1	1	26	2	29	3	35	4	6	6	2	7	1	
301	1	5	2	17	3	35	4	31	5	2	6	3	7	3	8	2	10	2	
302	0	40	1	2	2	2	3	14	4	16	5	25	6	1	
303	1	38	2	2	3	1	4	17	5	16	6	22	7	2	10	2	
304	0	51	2	28	3	2	4	1	5	7	6	7	7	2	8	2	
305	0	2	1	50	3	27	4	3	6	10	7	4	8	4	
306	0	27	1	3	2	42	3	1	4	11	7	6	8	8	9	2	
307	0	2	1	26	2	6	3	44	5	16	8	3	9	1	10	2	
308	0	90	2	6	4	4	
309	1	93	3	3	5	4	
310	0	10	2	78	4	5	6	6	8	1	
311	0	2	1	7	2	1	3	83	5	3	7	3	9	1	
312	0	38	1	1	2	5	4	54	8	2	
313	1	50	2	4	3	9	5	36	9	1	
314	0	32	2	30	3	6	4	5	6	26	8	1	
315	0	9	1	30	3	21	4	3	5	8	7	28	9	1	
316	0	74	2	9	4	13	6	2	8	2	
317	0	7	1	80	3	6	5	4	7	1	9	2	
318	0	15	1	2	2	70	4	5	6	8	
319	0	10	1	11	2	3	3	63	5	4	7	6	11	3	
320	1	11	2	8	3	4	4	64	6	5	8	6	12	2	
321	0	70	2	5	3	5	4	3	5	16	7	1	
322	0	1	1	68	3	8	4	6	6	16	8	1	
323	0	52	1	4	2	39	4	1	6	2	7	2	
324	0	3	1	55	2	1	3	31	5	4	8	6	
325	0	46	1	2	2	27	4	15	6	3	7	5	9	2	
326	0	27	1	44	2	2	3	15	4	1	5	9	10	2	
327	0	19	1	32	2	22	3	1	4	16	5	1	6	8	9	1	
328	0	47	1	13	2	16	3	14	4	1	5	7	7	2	
329	0	17	1	31	2	19	3	10	4	16	5	1	6	5	8	1	
330	0	10	1	15	2	30	3	14	4	14	5	12	6	1	7	4	
331	1	17	2	17	3	18	4	17	5	14	6	14	8	3	
332	1	2	2	11	3	15	4	23	5	13	6	18	7	12	9	6	
333	2	3	3	11	4	13	5	22	6	18	7	13	8	15	10	5	
334	3	4	4	7	5	8	6	27	7	19	8	18	9	12	11	5	
335	4	1	5	12	6	11	7	30	8	13	9	13	10	15	12	5	
336	5	4	6	13	7	11	8	26	9	15	10	15	11	13	13	3	
337	0	1	7	17	8	14	9	28	10	10	11	11	12	17	14	2	
338	0	9	1	3	3	1	4	2	5	2	9	17	10	26	11	13	12	11	13	14	15	2	
339	0	31	1	10	2	3	6	1	11	18	12	14	13	12	14	8	16	3	
340	0	21	1	29	2	7	3	1	6	2	13	14	14	6	15	16	17	4	
341	0	21	1	16	2	18	3	3	4	3	7	3	8	1	15	18	16	11	18	6	
342	0	34	1	13	2	13	3	10	4	2	5	1	7	2	8	2	9	7	17	15	19	1	
343	0	31	1	24	2	17	3	4	4	13	5	1	6	3	7	1	20	6	
344	1	36	2	27	3	11	4	4	5	10	6	3	7	4	8	2	21	3	
345	0	50	2	26	3	9	4	4	5	2	6	3	7	1	8	4	9	1	
346	0	2	1	45	3	20	4	13	5	6	6	1	7	4	8	3	9	2	10	4	
347	0	8	1	1	2	38	4	31	5	12	6	2	7	2	8	2	9	2	10	2	
348	0	62	1	4	2	2	3	14	5	8	6	5	7	1	8	1	9	1	11	1	14	1	
349	1	67	2	2	3	2	4	14	6	9	7	5	8	1	
350	0	7	2	63	3	4	4	1	5	14	6	1	7	3	8	3	9	2	10	1	11	1	
351	0	11	1	12	3	50	5	2	6	13	8	8	9	1	10	1	11	2	
352	1	13	2	3	4	52	5	5	7	18	9	8	10	1	
353	0	78	2	5	3	4	5	9	8	3	10	1	
354	1	78	3	7	4	2	6	9	9	4	
355	0	1	2	80	4	6	5	1	7	11	10	1	
356	0	21	1	3	3	66	5	1	6	2	8	7	
357	0	5	1	29	2	1	4	58	6	3	7	2	9	2	
358	1	3	2	29	3	3	5	54	7	4	8	1	10	4	13	2	
359	0	37	1	1	2	2	3	11	4	4	6	40	8	4	11	1	
360	1	25	2	1	3	6	4	19	5	1	7	42	9	4	10	1	12	1	
361	0	9	2	44	4	2	5	6	6	2	8	33	10	1	13	3	
362	0	2	1	10	2	1	3	32	5	1	6	17	9	35	11	1	14	1	
363	1	1	2	6	3	1	4	36	6	4	7	15	10	32	13	2	15	1	17	2	
364	0	94	5	5	8	1	
365	1	94	6	2	9	3	12	1	
366	0	1	2	91	7	6	10	2	
367	3	86	8	7	11	6	14	1