1	0	100000	
2	0	100000	
3	0	100000	
4	0	98793	1	1207	
5	0	100000	
6	0	91944	1	5463	2	2593	
7	0	100000	
8	0	89865	1	6815	3	3320	
9	0	93191	2	6809	
10	0	81676	1	14813	4	3511	
11	0	100000	
12	0	72754	1	8908	2	7649	3	7150	5	3539	
13	0	100000	
14	0	73451	1	23328	6	3221	
15	0	80282	2	13431	4	6287	
16	0	74925	1	16089	3	6186	7	2800	
17	0	100000	
18	0	65967	1	20640	2	6576	5	4621	8	2196	
19	0	100000	
20	0	72716	1	14409	3	7587	4	3782	9	1506	
21	0	86033	2	11161	6	2806	
22	0	78981	1	20051	10	968	
23	0	100000	
24	0	78265	1	10823	2	5148	3	2466	5	1522	7	1205	11	571	
25	0	97937	4	2063	
26	0	87959	1	11827	12	214	
27	0	96661	2	3031	8	308	
28	0	91377	1	7185	3	1144	6	233	13	61	
29	0	100000	
30	0	94205	1	4713	2	876	4	111	5	71	9	19	14	5	
31	0	100000	
32	0	97271	1	2671	3	57	7	1	
33	0	99766	2	234	
34	0	98176	1	1824	
35	0	99891	1	107	4	2	
36	0	97940	1	1901	2	139	3	19	5	1	
37	0	100000	
38	0	98154	1	1846	
39	0	99842	1	23	2	135	
40	0	98142	1	1840	3	13	4	5	
41	0	100000	
42	0	98062	1	1819	2	119	
43	0	100000	
44	0	98275	1	1717	3	8	
45	0	99896	2	104	
46	0	98337	1	1663	
47	0	100000	
48	0	98275	1	1605	2	108	3	12	
49	0	100000	
50	0	98332	1	1668	
51	0	99896	2	104	
52	0	98390	1	1604	3	6	
53	0	99999	1	1	
54	0	98485	1	1434	2	81	
55	0	100000	
56	0	98520	1	1479	3	1	
57	0	99932	2	68	
58	0	98702	1	1298	
59	0	100000	
60	0	98575	1	1344	2	76	3	5	
61	0	100000	
62	0	98614	1	1386	
63	0	99955	2	45	
64	0	98693	1	1305	3	2	
65	0	100000	
66	0	98754	1	1192	2	54	
67	0	100000	
68	0	98814	1	1186	
69	0	99969	2	31	
70	0	98830	1	1170	
71	0	100000	
72	0	98755	1	1210	2	35	
73	0	100000	
74	0	98842	1	1158	
75	0	99984	2	16	
76	0	99025	1	975	
77	0	100000	
78	0	98986	1	996	2	18	
79	0	100000	
80	0	99041	1	959	
81	0	99980	2	20	
82	0	99045	1	955	
83	0	100000	
84	0	99015	1	969	2	16	
85	0	100000	
86	0	99017	1	983	
87	0	99989	2	11	
88	0	99201	1	799	
89	0	100000	
90	0	99229	1	761	2	10	
91	0	100000	
92	0	99271	1	729	
93	0	99958	1	29	2	13	
94	0	99249	1	751	
95	0	99975	1	25	
96	0	99231	1	769	
97	0	100000	
98	0	99248	1	752	
99	0	99964	1	36	
100	0	99299	1	701	
101	0	99956	1	44	
102	0	99247	1	753	
103	0	99955	1	45	
104	0	99245	1	755	
105	0	99659	1	341	
106	0	99528	1	472	
107	0	99949	1	51	
108	0	97647	1	2353	
109	0	99938	1	62	
110	0	99459	1	541	
111	0	99944	1	56	
112	0	97215	1	2710	2	75	
113	0	99940	1	60	
114	0	99031	1	969	
115	0	99613	1	387	
116	0	98950	1	1050	
117	0	98690	1	1310	
118	0	99578	1	212	2	210	
119	0	96526	1	3474	
120	0	97566	1	2434	
121	0	97350	1	2650	
122	0	98434	1	1566	
123	0	98415	1	1585	
124	0	98563	1	1437	
125	0	95901	1	4099	
126	0	95509	1	420	2	4071	
127	0	98924	1	1076	
128	0	93352	1	6583	2	65	
129	0	92159	1	7713	2	128	
130	0	99032	1	968	
131	0	94606	1	5394	
132	0	96739	1	3261	
133	0	81924	1	17953	2	123	
134	0	99782	2	218	
135	0	93514	1	6486	
136	0	94671	1	5329	
137	0	94170	1	5830	
138	0	96304	1	3696	
139	0	75010	1	24548	2	442	
140	0	95635	1	4108	2	257	
141	0	92090	1	7910	
142	0	97355	1	2645	
143	0	36649	1	62910	2	441	
144	0	62667	1	185	2	36931	3	217	
145	0	98842	1	1158	
146	0	83253	1	16747	
147	0	92074	1	7691	2	235	
148	0	73522	1	25420	2	1058	
149	0	95285	1	4510	2	205	
150	0	87971	1	12029	
151	0	92364	1	7508	2	128	
152	0	82777	1	17070	2	153	
153	0	73221	1	24863	2	1916	
154	0	99831	2	169	
155	0	28014	1	71832	3	154	
156	0	87100	1	5199	2	7701	
157	0	84217	1	15436	3	347	
158	0	70884	1	26704	2	2412	
159	0	87754	1	10657	2	1589	
160	0	44625	1	50186	2	4730	3	459	
161	0	97530	1	1849	2	621	
162	0	59348	1	40438	2	214	
163	0	84563	1	12091	2	3346	
164	0	91286	1	8537	2	177	
165	0	88423	1	11476	2	101	
166	0	68161	1	31207	2	632	
167	0	3794	1	65227	2	30339	3	640	
168	0	41625	2	27696	3	30018	4	661	
169	0	84108	1	11849	4	3591	5	452	
170	0	89759	1	10016	2	225	
171	0	75706	1	23657	2	637	
172	0	78047	1	19462	2	2491	
173	0	79375	1	18835	2	1790	
174	0	91776	1	8030	2	194	
175	0	40532	1	56211	2	3257	
176	0	80221	1	11331	2	8448	
177	0	43470	1	49370	2	3825	3	3335	
178	0	83379	1	10981	2	5497	3	143	
179	0	45933	1	48561	2	2909	3	2597	
180	0	79894	1	13199	2	6838	3	69	
181	0	38430	1	52668	2	5473	3	3429	
182	0	100000	
183	0	7257	1	92743	
184	0	56096	1	3644	2	40260	
185	0	69186	1	21295	3	9519	
186	0	33113	1	49467	2	11505	4	5915	
187	0	87312	1	7067	2	5298	3	323	
188	0	26209	1	67341	2	2538	3	3596	4	316	
189	0	84434	1	7075	2	8419	3	72	
190	0	37232	1	56472	2	1038	3	5258	
191	0	86687	1	6991	2	6322	
192	0	54361	1	41758	2	2749	3	1132	
193	0	51365	1	31237	2	17083	3	315	
194	0	74394	1	17603	2	6390	3	1613	
195	0	29839	1	56075	2	9279	3	3870	4	937	
196	0	73042	1	10736	2	14576	3	1203	4	443	
197	0	82908	1	15106	2	1554	3	432	
198	0	70441	1	26767	2	2745	3	47	
199	0	45779	1	46112	2	8109	
200	0	2397	1	44976	2	44468	3	8159	
201	0	2030	1	405	2	45092	3	44367	4	8106	
202	0	40443	1	1463	3	5579	4	44410	5	8105	
203	0	75994	1	15901	2	45	6	8060	
204	0	54021	1	39106	2	5566	3	44	7	1263	
205	0	68588	1	19884	2	11031	3	497	
206	0	72989	1	21962	2	4008	3	1041	
207	0	78970	1	18316	2	2622	3	92	
208	0	36054	1	53320	2	9816	3	810	
209	0	58017	1	19662	2	20609	3	1712	
210	0	19311	1	49038	2	15734	3	14933	4	984	
211	0	86693	1	4064	2	7484	3	1361	4	398	
212	0	33993	1	59327	2	2315	3	3803	4	562	
213	0	66543	1	15532	2	17169	3	494	4	262	
214	0	47705	1	39453	2	6476	3	6366	
215	0	10369	1	43533	2	35497	3	4194	4	6407	
216	0	54163	1	6442	2	22885	3	14302	4	1283	5	925	
217	0	75937	1	16707	2	2163	3	4261	4	932	
218	0	19156	1	64469	2	12248	3	690	4	2522	5	915	
219	0	57294	1	11752	2	27347	3	3222	5	385	
220	0	44802	1	36522	2	5855	3	12164	4	657	
221	0	17399	1	39143	2	29920	3	2792	4	10053	5	693	
222	0	463	1	17447	2	38667	3	29850	4	2877	5	10041	6	655	
223	0	100000	
224	0	6308	1	93692	
225	0	31459	1	4689	2	63852	
226	0	31988	1	22971	2	2432	3	42609	
227	0	61352	1	16534	2	10538	4	11576	
228	0	23069	1	50927	2	11769	3	5230	5	9005	
229	0	70017	1	11007	2	15343	3	2381	4	643	6	609	
230	0	50632	1	38673	2	4776	3	5679	4	240	
231	0	12607	1	46429	2	33498	3	3380	4	3817	5	269	
232	0	43049	1	8357	2	29631	3	17005	4	785	5	1173	
233	0	55406	1	24993	2	4617	3	10795	4	4045	5	144	
234	0	30898	1	44572	2	14623	3	1567	4	6678	5	1662	
235	0	11295	1	27886	2	40850	3	11722	5	6530	6	1717	
236	0	88232	2	6656	3	3947	4	1165	
237	0	18920	1	72983	3	5015	4	2701	5	381	
238	0	46465	1	12875	2	38319	4	1626	5	715	
239	0	32307	1	35698	2	8402	3	22899	5	694	
240	0	5565	1	30864	2	34391	3	7117	4	21404	6	659	
241	0	82939	1	1995	2	7183	3	5658	4	908	5	1317	
242	0	15329	1	71340	2	1680	3	5796	4	4561	6	1294	
243	0	71760	1	7159	2	19767	3	397	4	663	5	254	
244	0	58798	1	31193	2	3776	3	6128	5	105	
245	0	46888	1	33398	2	15924	3	1685	4	2105	
246	0	36585	1	32145	2	21098	3	8675	4	798	5	699	
247	0	49348	1	22446	2	18174	3	8571	4	1461	
248	0	30636	1	34505	2	18881	3	13285	4	2693	
249	0	7234	1	28883	2	32909	3	16949	4	11258	5	2767	
250	1	7211	2	29084	3	33008	4	16838	5	11154	6	2705	
251	2	7250	3	28797	4	33224	5	16748	6	11304	7	2677	
252	0	6647	1	483	4	28898	5	33093	6	16745	7	11415	8	2719	
253	0	30529	1	5167	2	504	6	32904	7	16706	8	11457	9	2733	
254	0	49196	1	15834	2	4117	3	294	8	16600	9	11276	10	2683	
255	0	34393	1	35440	2	12434	3	3438	4	59	10	11480	11	2756	
256	0	43948	1	21202	2	22503	3	8253	4	1434	5	22	12	2638	
257	0	59236	1	20206	2	8967	3	9542	4	1503	5	546	
258	0	4311	1	57109	2	19624	3	8948	4	8839	5	975	6	194	
259	0	75130	1	2386	2	15940	3	4117	4	1619	5	808	
260	0	17596	1	64267	2	2055	3	12606	4	2479	5	796	6	201	
261	0	75252	1	6224	2	16066	3	791	4	1425	5	242	
262	0	4481	1	73109	2	5826	3	14873	4	550	5	955	6	206	
263	0	32783	1	3618	2	51515	3	3532	4	8163	5	71	6	283	7	35	
264	0	10766	1	29913	2	3056	3	46556	4	2916	5	6445	6	54	7	294	
265	0	36288	1	8711	2	21756	3	2365	4	26765	5	1727	6	2320	7	68	
266	0	16906	1	32311	2	7140	3	17994	4	2040	5	21060	6	1123	7	1426	
267	0	88859	1	2744	2	5316	4	2165	6	916	
268	0	1440	1	87589	2	2693	3	5102	5	2242	7	934	
269	0	23792	1	1207	2	69136	3	1688	4	3213	6	964	
270	0	6549	1	22560	2	1192	3	63950	4	1672	5	3160	7	917	
271	0	57324	1	4632	2	14063	3	701	4	22098	5	565	6	617	
272	0	39571	1	39497	2	2945	3	7548	4	503	5	9936	
273	0	1392	1	39589	2	38949	3	2959	4	7201	6	9910	
274	0	21028	1	1263	2	32351	3	33286	4	1315	5	3329	7	7428	
275	0	37422	1	16541	2	1092	3	22443	4	17879	5	918	6	1725	8	1980	
276	0	69481	1	13690	2	6784	3	636	4	6781	5	2368	7	260	
277	0	19500	1	59301	2	10263	3	5090	5	4519	6	1327	
278	0	4743	1	18866	2	57080	3	9907	4	4481	6	3534	7	1389	
279	0	11673	1	4200	2	16830	3	52059	4	8606	5	3008	7	2280	8	1344	
280	0	50049	1	8062	2	3110	3	10982	4	23378	5	3112	6	866	8	441	
281	0	32287	1	37679	2	5796	3	2321	4	6321	5	13982	6	1299	7	315	
282	0	14948	1	28264	2	33829	3	4722	4	1791	5	4645	6	11031	7	770	
283	0	9412	1	13937	2	26451	3	31349	4	3931	6	4161	7	9907	8	852	
284	0	2313	1	9378	2	14122	3	25848	4	30193	5	3152	7	4221	8	9910	9	863	
285	1	2293	2	9307	3	14159	4	25818	5	30531	6	3153	8	4125	9	9786	10	828	
286	0	100000	
287	1	100000	
288	0	453	2	99547	
289	0	8331	1	427	3	91242	
290	0	24447	1	6973	2	427	4	68153	
291	0	27277	1	18281	2	5984	3	410	5	48048	
292	0	2849	1	26875	2	18114	3	5633	6	46529	
293	0	44740	1	2519	2	18043	3	12063	4	3370	7	19265	
294	0	15294	1	40689	2	2208	3	15218	4	9463	5	1722	8	15406	
295	0	5001	1	14842	2	39704	3	2152	4	14217	5	8871	9	15213	
296	0	23956	1	4375	2	11967	3	32498	4	1763	5	8600	6	6017	10	10824	
297	0	61023	1	13392	2	2457	3	6413	4	10743	5	874	6	3217	7	1211	11	670	
298	0	34368	1	43239	2	8713	3	1886	4	4294	5	5572	7	1409	8	519	
299	0	23606	1	28421	2	34572	3	5952	4	1315	5	2821	6	2696	8	617	
300	0	2965	1	23085	2	28172	3	33639	4	5761	5	1167	6	1875	7	2683	9	653	
301	0	1846	1	2885	2	22798	3	28364	4	32599	5	5075	6	1165	7	1848	8	2771	10	649	
302	0	37870	1	1552	2	2480	3	14220	4	18992	5	21755	6	1647	9	1484	
303	0	867	1	38403	2	1576	3	2347	4	13924	5	18112	6	21614	7	1683	10	1474	
304	0	54127	1	472	2	23463	3	1529	4	1817	5	7733	6	6263	7	4226	8	370	
305	0	2744	1	53281	2	458	3	23325	4	1547	6	7698	7	6238	8	4333	9	376	
306	0	27626	1	2481	2	43309	3	648	4	15343	5	850	7	3281	8	3974	9	2488	
307	0	1429	1	27709	2	2538	3	42905	4	575	5	14948	8	3372	9	3905	10	2619	
308	0	90759	2	4500	4	3721	6	1020	
309	0	476	1	90164	3	4592	5	3818	7	950	
310	0	10871	1	490	2	79377	4	4538	6	3727	8	997	
311	0	3200	1	10338	2	444	3	76738	5	4547	7	3703	9	1030	
312	0	41547	1	2687	2	7707	3	487	4	44196	6	2223	8	1153	
313	1	41676	2	2629	3	7665	4	480	5	44214	7	2135	9	1201	
314	0	29693	2	30880	3	2369	4	5651	5	491	6	29967	8	949	
315	0	6107	1	28857	3	29777	4	1784	5	5099	7	27482	9	894	
316	0	78899	2	9775	4	7482	6	1592	8	2252	
317	0	2669	1	76402	3	9814	5	7441	7	1532	9	2142	
318	0	15861	1	2547	2	66381	4	7530	6	5579	8	1005	10	1097	
319	0	9614	1	14755	2	2340	3	61543	5	6469	7	4153	11	1126	
320	0	510	1	9483	2	14665	3	2350	4	61211	6	6660	8	4022	12	1099	
321	0	66611	2	5017	3	6412	4	1118	5	18868	7	1527	9	447	
322	0	2843	1	65474	3	4604	4	6458	5	1029	6	17595	8	1555	10	442	
323	0	50627	1	2275	2	33420	4	3088	5	3549	6	580	7	6098	9	363	
324	0	2563	1	50348	2	2157	3	32271	5	2995	6	3315	8	5962	10	389	
325	0	41392	1	2342	2	30372	3	1903	4	18329	6	2003	7	1715	9	1944	
326	0	34159	1	28576	2	2179	3	19392	4	1687	5	11684	7	1217	8	754	10	352	
327	0	24049	1	26157	2	23031	3	2006	4	14809	5	1491	6	7589	8	638	9	230	
328	0	31455	1	16233	2	18414	3	17907	4	1854	5	10078	6	1129	7	2930	
329	0	15953	1	27097	2	13910	3	16582	4	15839	5	1611	6	7587	7	823	8	598	
330	0	12585	1	13824	2	24892	3	13036	4	15083	5	14978	6	505	7	5097	
331	0	1606	1	12709	2	14014	3	25085	4	12757	5	15109	6	13668	8	5052	
332	1	1510	2	12585	3	13853	4	25097	5	12776	6	14988	7	14245	9	4946	
333	2	1562	3	12527	4	13691	5	24939	6	12890	7	15339	8	13941	10	5111	
334	3	1602	4	12508	5	14109	6	24961	7	12902	8	14814	9	14059	11	5045	
335	4	1569	5	12747	6	14035	7	24833	8	12880	9	14919	10	13929	12	5088	
336	5	1573	6	12686	7	13979	8	24911	9	12745	10	15012	11	14126	13	4968	
337	0	1485	2	467	3	1052	4	539	7	10757	8	13925	9	24814	10	12825	11	15069	12	14040	14	5027	
338	0	9586	1	1806	3	567	4	1077	5	1187	6	77	9	13879	10	24861	11	12864	12	15089	13	13909	15	5098	
339	0	26133	1	6659	2	2442	3	597	4	594	5	1070	6	1334	7	102	11	13903	12	13128	13	15042	14	13876	16	5120	
340	0	18969	1	21788	2	6043	3	2302	4	775	5	626	6	1250	7	1298	8	76	13	12754	14	15120	15	14133	17	4866	
341	0	23502	1	14000	2	16837	3	5004	4	2447	5	793	6	643	7	1197	8	1299	9	89	15	15122	16	13960	18	5107	
342	0	33657	1	15259	2	9379	3	12210	4	3898	5	2458	6	748	7	608	8	1253	9	1356	10	75	17	14020	19	5079	
343	0	40223	1	21184	2	9911	3	5943	4	8464	5	2956	6	2830	7	1301	8	548	9	688	10	788	11	99	20	5065	
344	1	40324	2	21103	3	9924	4	5960	5	8435	6	3509	7	2755	8	1324	9	612	10	141	11	792	12	99	21	5022	
345	0	51166	2	19747	3	10490	4	5367	5	3107	6	4271	7	2693	8	1605	9	1074	10	62	11	130	12	288	
346	0	2033	1	50519	3	19707	4	9956	5	5153	6	2977	7	4118	8	2158	9	2136	10	924	11	63	12	122	13	134	
347	0	4592	1	1861	2	48842	4	18967	5	9487	6	4791	7	2680	8	4530	9	1400	10	1895	11	738	13	122	14	95	
348	0	62871	1	3277	2	1937	3	17585	5	7170	6	3590	7	1411	8	1033	9	488	10	102	11	401	14	135	
349	1	62843	2	3303	3	1973	4	17736	6	6975	7	3579	8	1411	9	1076	10	464	11	107	12	391	15	142	
350	0	9228	2	58599	3	2828	4	1814	5	15861	6	126	7	6431	8	2658	9	1296	10	764	11	167	12	108	13	120	
351	0	13800	1	7858	3	51809	4	2334	5	1587	6	13116	7	657	8	4761	9	2039	10	1206	11	537	12	184	13	112	
352	0	585	1	14025	2	7937	4	50850	5	2368	6	1548	7	13292	8	649	9	4688	10	2012	11	1213	12	520	13	207	14	106	
353	0	80153	2	5843	3	2990	5	8433	8	2014	9	133	10	398	11	36	
354	1	79953	3	5808	4	2975	6	8679	9	2003	10	128	11	426	12	28	
355	0	3204	2	76728	4	5963	5	2988	7	8527	10	1996	11	128	12	441	13	25	
356	0	24358	1	2984	3	60362	5	4038	6	2024	7	171	8	5001	10	214	11	671	12	141	14	36	
357	0	3819	1	23836	2	2714	4	57221	6	3967	7	2148	8	172	9	5149	11	188	12	623	13	133	15	30	
358	0	556	1	3781	2	23741	3	2764	5	56640	7	4104	8	2055	9	152	10	5183	12	188	13	667	14	142	16	27	
359	0	38835	1	600	2	3263	3	15056	4	2258	6	33930	7	516	8	1960	9	1539	11	1760	13	173	15	110	
360	0	602	1	38550	2	607	3	3265	4	15001	5	2244	7	33770	8	482	9	1957	10	1513	12	1698	14	172	16	139	
361	0	8544	1	585	2	36841	3	568	4	3077	5	14087	6	2087	8	30648	10	1356	11	496	13	1503	15	208	
362	0	2095	1	8318	2	533	3	36986	4	571	5	2896	6	14008	7	1946	9	29103	11	1422	12	483	14	1448	16	191	
363	1	2235	2	8431	3	565	4	36493	5	605	6	3038	7	13953	8	1994	10	29054	12	1409	13	484	15	1538	17	201	
364	0	91294	5	5581	8	2209	9	60	11	856	
365	1	91134	6	5756	9	2195	10	46	12	869	
366	0	650	2	90592	7	5668	10	2165	11	36	13	889	
367	0	3414	1	666	3	86940	8	5795	11	2202	12	69	14	914	
368	0	16969	1	3211	2	615	4	73225	9	4389	12	1591	
369	1	17040	2	3217	3	612	5	73313	10	4268	13	1550	
370	0	6391	2	16208	3	3045	4	614	6	67965	11	4204	14	1573	
371	0	52768	1	4806	3	10322	4	2365	5	679	7	27517	9	429	12	1114	
372	1	52853	2	4763	4	10443	5	2242	6	677	8	27452	10	448	13	1122	
373	0	29546	2	42450	3	3595	5	7133	6	1878	7	656	9	14742	
374	0	4058	1	29253	3	41568	4	3466	6	6879	7	1657	10	13119	
375	1	4111	2	29146	4	41703	5	3216	7	6942	8	1722	11	13160	
376	2	4195	3	28981	5	41755	6	3284	8	6855	9	1684	12	13246	
377	0	4278	3	3983	4	28506	6	41033	7	3103	9	5882	13	13215	
378	0	10813	1	3911	4	3759	5	25567	7	38363	8	2551	10	4869	14	10167	
379	0	33378	1	8628	2	3595	5	3398	6	17990	8	25098	9	1817	11	2595	15	3501	
380	0	2418	1	33117	2	8768	3	3454	6	3312	7	17589	9	23486	10	1874	12	2464	16	3518	
381	0	65589	2	14233	3	5112	4	1945	7	1208	8	7509	10	3909	13	495	
382	1	65176	3	14300	4	5120	5	2055	8	1221	9	7559	11	4063	14	506	
383	0	17294	2	56783	4	11400	5	3834	6	1696	8	304	9	1078	10	5378	12	2233	
384	0	2310	1	16920	3	56592	5	11178	6	3526	7	1677	9	300	11	5236	13	2261	
385	1	2293	2	17084	4	56381	6	11122	7	3751	8	1536	10	342	12	5197	14	2294	
386	0	10108	2	2198	3	15625	5	52219	7	10007	8	2760	9	1387	11	299	13	3141	15	2256	
387	1	10045	3	2200	4	15440	6	52072	8	10208	9	2836	10	1362	12	338	14	3204	16	2295	
388	0	44038	1	57	2	8042	4	2153	5	10722	7	27057	9	4315	10	1657	11	1015	15	944	
389	0	3690	1	43607	2	53	3	7762	5	2067	6	10638	8	26007	10	3879	11	1363	16	934	
390	0	681	1	3760	2	43787	3	53	4	7727	6	2001	7	10442	9	25297	11	3885	12	1414	17	953	
391	0	22533	1	677	2	3427	3	35778	5	6554	7	1891	8	7473	10	18934	12	1917	13	816	
392	1	22741	2	730	3	3272	4	35935	6	6521	8	1894	9	7328	11	18797	13	2004	14	778	
393	0	10523	2	20777	3	908	4	3419	5	33414	7	5445	9	1721	10	6210	12	16350	14	1233	
394	0	5385	1	9687	2	650	3	19971	4	1210	5	3099	6	32914	8	5069	10	1540	11	5706	13	13562	15	1207	
395	0	1552	1	5589	2	9772	3	813	4	19811	5	1050	6	3875	7	32252	9	4761	12	5614	14	13635	16	1276	
396	0	690	1	1621	2	5508	3	9630	4	787	5	19762	6	1024	7	3735	8	32415	10	4141	13	5619	15	13804	17	1264	
397	1	692	2	1555	3	5607	4	9667	5	777	6	19557	7	1018	8	3727	9	32575	11	4202	14	5558	16	13741	18	1324	
398	2	644	3	1656	4	5524	5	9652	6	807	7	19896	8	1006	9	3758	10	32367	12	4168	15	5530	17	13681	19	1311	
399	3	622	4	1672	5	5517	6	9768	7	769	8	19999	9	1050	10	3634	11	32059	13	4160	16	5697	18	13796	20	1257	
400	4	696	5	1664	6	5616	7	9672	8	797	9	19902	10	991	11	3566	12	32303	14	4113	17	5572	19	13814	21	1294	
401	0	100000	
402	1	100000	
403	2	100000	
404	3	100000	
405	4	100000	
406	0	4045	5	95955	
407	0	4922	1	3846	6	91232	
408	1	4935	2	3889	7	91176	
409	0	14140	2	4520	3	3650	8	77690	
410	1	14340	3	4575	4	3555	9	77530	
411	0	28865	2	11408	4	4148	5	3398	10	52181	
412	1	28822	3	11390	5	4135	6	3374	11	52279	
413	0	4954	2	28250	4	11136	6	3649	7	3173	12	48838	
414	0	41982	1	4409	3	17696	5	7651	7	3225	8	2820	13	22217	
415	1	41795	2	4377	4	17939	6	7704	8	3156	9	2816	14	22213	
416	0	10640	2	39700	3	3990	5	16272	7	6837	9	2773	10	1799	15	17989	
417	1	10715	3	39810	4	3981	6	16195	8	6859	10	2742	11	1751	16	17947	
418	0	3322	2	10600	4	39013	5	3719	7	16230	9	6557	11	2525	17	18034	
419	0	23241	1	2961	3	8708	5	31506	6	3221	8	12345	10	4634	12	2032	18	11352	
420	1	23202	2	2909	4	8721	6	31841	7	3344	9	12295	11	4603	13	2168	19	10917	
421	2	23152	3	3054	5	8671	7	31804	8	3334	10	12219	12	4637	14	2032	20	11097	
422	0	55903	3	14528	6	5423	8	14095	9	1349	11	5166	13	2064	21	1472	
423	0	791	1	54675	4	14738	7	5493	9	14215	10	1455	12	5109	14	2083	22	1441	
424	1	883	2	54903	5	14434	8	5554	10	14215	11	1362	13	5225	15	2023	23	1401	
425	0	33813	2	848	3	40195	6	9833	9	3923	11	7224	12	1026	14	2283	16	855	
426	0	14775	1	30586	3	873	4	35706	7	7674	10	3108	12	5332	13	750	15	1196	
427	0	3892	1	14534	2	30247	4	832	5	33557	6	472	8	7441	11	2813	13	5064	16	1148	
428	1	3813	2	14522	3	30496	5	855	6	33760	7	425	9	7328	12	2731	14	4904	17	1166	
429	2	3920	3	14014	4	30355	6	861	7	33888	8	426	10	7424	13	2946	15	4953	18	1213	
430	3	3883	4	14424	5	30534	7	833	8	33514	9	428	11	7317	14	2849	16	5052	19	1166	
431	0	821	4	3844	5	14542	6	30336	8	823	9	32965	10	412	12	7344	15	2842	17	4906	20	1165	
432	0	9333	1	837	5	3618	6	13364	7	28464	8	667	9	895	10	30276	11	428	13	5997	18	4938	21	1183	
433	0	28542	1	7555	2	868	6	3366	7	10576	8	20199	9	702	10	864	11	21727	12	474	14	3401	19	1726	
434	1	28763	2	7537	3	854	7	3232	8	10386	9	20446	10	700	11	810	12	21648	13	455	15	3408	20	1761	
435	0	46621	2	17822	3	6133	4	922	8	2527	9	7327	10	10144	13	7501	16	1003	
436	1	46594	3	17810	4	6245	5	937	9	2511	10	7267	11	10060	14	7587	17	989	
437	0	4067	2	46518	4	17056	5	5749	6	1140	8	473	10	2312	11	6996	12	9481	15	5200	18	1008	
438	1	4073	3	46485	5	17134	6	5712	7	1135	9	497	11	2272	12	6875	13	9551	16	5238	19	1028	
439	2	4118	4	46600	6	17179	7	5619	8	1155	10	475	12	2347	13	6962	14	9478	17	5090	20	977	
440	0	22161	3	3486	5	38490	6	331	7	13097	8	4954	9	1228	10	555	11	476	13	1992	14	4811	15	6184	18	2235	
441	0	2253	1	22071	2	265	4	3810	6	38252	8	12987	9	5292	10	940	11	593	12	498	15	4696	16	6107	19	2236	
442	1	2345	2	22182	3	267	5	3775	7	38113	9	13346	10	5175	11	889	12	544	13	533	16	4717	17	5897	20	2217	
443	2	2390	3	22146	4	227	6	3791	8	38114	10	13258	11	5169	12	963	13	538	14	405	17	4591	18	6108	21	2300	
444	3	2219	4	22276	5	220	7	3848	9	38135	11	13343	12	4971	13	903	14	546	15	507	18	4579	19	6138	22	2315	
445	0	95174	10	4421	12	405	
446	1	95357	11	4269	13	374	
447	2	95321	12	4319	14	360	
448	0	1032	3	94327	13	4278	15	363	
449	0	11023	1	1100	4	83329	14	4173	16	375	
450	1	11009	2	935	5	83398	15	4257	17	401	
451	2	11013	3	1014	6	83290	16	4311	18	372	
452	0	30243	3	9190	4	1023	7	58384	17	1160	
453	0	5887	1	29446	4	8556	5	1109	8	53872	18	1130	
454	1	6045	2	29619	5	8463	6	1014	9	53673	19	1186	
455	2	6090	3	29727	6	8590	7	1006	10	53453	20	1134	
456	3	5916	4	29493	7	8648	8	1056	11	53658	21	1229	
457	0	3825	4	5670	5	29353	8	8350	9	1013	12	50587	22	1202	
458	0	24849	1	3462	5	5129	6	23205	9	6755	10	1040	13	35560	
459	1	24958	2	3365	6	4884	7	23195	10	6655	11	1093	14	35850	
460	0	1042	2	24777	3	3423	7	5061	8	23222	11	6643	12	1029	15	34803	
461	1	1036	3	25157	4	3513	8	5090	9	23134	12	6561	13	994	16	34515	
462	0	76563	4	10833	10	7956	17	4648	
463	1	76661	5	10894	11	7867	18	4578	
464	2	76454	6	11078	12	7798	19	4670	
465	3	76857	7	10913	13	7683	20	4547	
466	0	11855	4	69291	8	9372	14	6778	21	2704	
467	1	11993	5	69249	9	9438	15	6677	22	2643	
468	2	12063	6	69279	10	9306	16	6701	23	2651	
469	0	6198	3	11489	7	63413	11	9444	17	6732	24	2724	
470	1	6180	4	11234	8	63676	12	9510	18	6747	25	2653	
471	0	59439	2	4956	5	7455	9	22819	13	3810	19	1521	
472	1	59507	3	4935	6	7421	10	22782	14	3768	20	1587	
473	0	1088	2	58428	4	4893	7	7570	11	22718	15	3753	21	1550	
474	1	1113	3	58273	5	4968	8	7485	12	22917	16	3742	22	1502	
475	0	1089	2	1132	4	57129	6	5077	9	7598	13	22654	17	3789	23	1532	
476	1	1153	3	1079	5	57200	7	5044	10	7558	14	22511	18	3850	24	1605	
477	0	50302	2	1242	4	1218	6	27733	8	3892	11	4824	15	9680	19	1109	
478	1	50180	3	1196	5	1223	7	27786	9	3914	12	4857	16	9823	20	1021	
479	2	50818	4	1171	6	1191	8	27563	10	3925	13	4708	17	9602	21	1022	
480	3	50296	5	1175	7	1221	9	28041	11	3865	14	4757	18	9576	22	1069	
481	0	40913	4	29145	6	1252	8	1214	10	17399	12	2871	13	197	15	3006	19	4003	
482	1	41029	5	28887	7	1212	9	1233	11	17471	13	3039	14	212	16	2957	20	3960	
483	0	32519	2	29308	6	19298	8	1408	10	1211	12	11383	14	2192	17	1701	21	980	
484	1	32709	3	29505	7	19251	9	1381	11	1203	13	11079	15	2080	18	1753	22	1039	
485	0	27368	2	25269	4	22037	8	13521	10	1192	12	1200	14	7405	16	1345	19	663	
486	1	27332	3	25243	5	21905	9	13546	11	1273	13	1220	15	7389	17	1369	20	723	
487	0	17681	2	23370	4	21311	6	18624	10	10942	12	1157	14	1199	16	5026	18	690	
488	0	12367	1	16249	3	20603	5	19691	7	16554	11	8870	13	1228	15	1247	17	3191	
489	0	6706	1	11783	2	15428	4	20096	6	18829	8	15675	12	7795	14	1215	16	1252	18	1221	
490	0	4093	1	6534	2	11442	3	15243	4	359	5	19333	7	18161	9	15266	13	7134	15	1197	17	1238	
491	0	1151	1	4302	2	6529	3	11393	4	15151	5	363	6	19525	8	18137	10	15285	14	7012	16	1152	
492	1	1178	2	5356	3	6496	4	11304	5	15169	6	353	7	19478	9	18395	11	15250	15	7021	
493	2	1203	3	5439	4	6550	5	11295	6	15060	7	334	8	19482	10	18250	12	15408	16	6979	
494	3	1189	4	5342	5	6509	6	11421	7	14962	8	330	9	19399	11	18240	13	15524	17	7084	
495	4	1165	5	5295	6	6464	7	11456	8	14969	9	327	10	19526	12	18405	14	15271	18	7122	
496	5	1187	6	5327	7	6368	8	11265	9	15143	10	320	11	19500	13	18522	15	15209	19	7159	
497	6	1219	7	5338	8	6445	9	11424	10	15173	11	392	12	19422	14	18328	16	15290	20	6969	
498	7	1190	8	5503	9	6509	10	11216	11	15171	12	327	13	19524	15	18300	17	15275	21	6985	
499	8	1238	9	5322	10	6526	11	11492	12	15083	13	335	14	19542	16	18231	18	15164	22	7067	
500	9	1195	10	5405	11	6592	12	11358	13	15107	14	365	15	19611	17	18098	19	15228	23	7041	
501	10	1195	11	5456	12	6489	13	11491	14	14992	15	331	16	19590	18	18285	20	15238	24	6933	
502	11	1177	12	5426	13	6615	14	11514	15	14923	16	370	17	19463	19	18223	21	15243	25	7046	
503	12	1192	13	5408	14	6511	15	11372	16	14995	17	325	18	19668	20	18295	22	15234	26	7000	
504	13	1143	14	5385	15	6554	16	11296	17	15333	18	339	19	19495	21	18326	23	15043	27	7086	
505	14	1244	15	5312	16	6643	17	11413	18	15035	19	373	20	19592	22	18317	24	14988	28	7083	
506	15	1253	16	5227	17	6531	18	11611	19	15146	20	346	21	19608	23	18129	25	15176	29	6973	
507	16	1236	17	5316	18	6554	19	11373	20	14968	21	310	22	19485	24	18351	26	15378	30	7029	
508	17	1232	18	5334	19	6612	20	11276	21	14987	22	358	23	19460	25	18283	27	15244	31	7214	
509	18	1172	19	5329	20	6617	21	11533	22	15003	23	320	24	19360	26	18259	28	15311	32	7096	
510	18	1142	19	1231	20	4109	21	6514	22	11516	23	15027	24	314	25	19710	27	18099	29	15367	33	6971	
511	0	345	1	328	2	319	4	445	6	463	8	530	12	689	18	1196	19	1251	20	1220	22	6647	23	11385	24	15111	26	19677	28	18263	30	15170	34	6961	
512	0	780	1	713	2	321	3	1213	5	1263	7	1420	9	562	11	1103	13	773	17	1560	19	1556	20	1164	21	1153	24	11242	25	15063	27	19452	29	18298	31	15318	35	7046	
513	0	1741	2	3080	4	3214	6	3420	8	1397	10	2369	12	1047	14	739	16	1521	18	1882	20	1603	21	1878	22	1175	26	15114	28	19265	30	18497	32	15044	36	7014	
514	1	1789	3	3032	5	3176	7	3326	9	1389	11	2450	13	1008	15	729	17	1478	19	1847	21	1587	22	1886	23	1193	27	15204	29	19564	31	18400	33	15015	37	6927	
515	0	4204	2	3557	4	5753	6	2884	8	6150	10	1385	12	2443	14	3162	16	1005	18	1544	19	646	20	1894	22	1555	23	2631	24	1222	30	19572	32	18369	34	15053	38	6971	
516	1	4275	3	3618	5	5597	7	2866	9	6161	11	1452	13	2392	15	3097	17	1053	19	1522	20	639	21	1952	23	1558	24	2551	25	1196	31	19486	33	18538	35	14986	39	7061	
517	0	7587	2	7546	4	3681	6	9010	8	1985	10	5792	12	4861	14	2908	16	3164	17	776	18	1076	20	1556	21	2610	22	1873	24	1499	25	2617	26	1261	34	18387	36	14873	40	6938	
518	1	7538	3	7508	5	3645	7	9039	9	1986	11	5759	13	4791	15	2840	17	3040	18	829	19	1046	21	1609	22	2751	23	1898	25	1585	26	2505	27	1209	35	18231	37	15116	41	7075	
519	0	11832	4	17077	8	9021	10	5527	12	5443	14	4451	15	849	16	2936	18	3157	19	4463	20	1009	22	1605	23	3348	24	1958	26	1501	27	2558	28	1176	38	15169	42	6920	
520	1	12042	5	17162	9	9048	11	5412	13	5474	15	4348	16	787	17	2864	19	3173	20	4432	21	1119	23	1533	24	3418	25	1843	27	1572	28	2579	29	1187	39	15046	43	6961	
521	2	11975	6	17098	10	9139	12	5365	14	5282	16	4415	17	845	18	2835	20	3213	21	4459	22	1094	24	1607	25	3384	26	1871	28	1546	29	2538	30	1133	40	15155	44	7046	
522	0	21250	6	10024	7	9739	8	554	11	6748	13	5442	15	9558	17	3419	18	849	19	3741	21	3135	22	4380	23	1097	25	2597	26	3248	27	1875	29	1538	30	2626	31	1185	45	6995	
523	1	21131	7	10116	8	9702	9	543	12	6660	14	5430	16	9411	18	3529	19	790	20	3710	22	3143	23	4433	24	1027	26	2656	27	3361	28	1871	30	1631	31	2541	32	1243	46	7072	
524	2	21299	8	10170	9	9762	10	579	13	6635	15	5374	17	9383	19	3447	20	819	21	3709	23	3072	24	4504	25	1108	27	2581	28	3301	29	1927	31	1512	32	2546	33	1199	47	7073	
525	3	21286	9	10009	10	9760	11	536	14	6722	16	5321	18	9392	20	3484	21	842	22	3705	24	3244	25	4466	26	1100	28	2610	29	3335	30	1847	32	1552	33	2522	34	1212	48	7055	
526	4	21304	10	10100	11	9733	12	559	15	6640	17	5536	19	9405	21	3404	22	811	23	3590	25	3168	26	4489	27	1027	29	2676	30	3322	31	1925	33	1565	34	2558	35	1180	49	7008	
527	0	28717	2	647	5	1093	9	13244	11	10226	13	3300	16	907	18	5458	19	2819	20	6437	22	3518	23	780	24	1935	26	3668	27	4437	28	330	30	2714	31	3437	32	2022	34	1645	35	1369	36	1297	
528	1	28687	3	671	6	1099	10	13176	12	10372	14	3297	17	934	19	5632	20	2725	21	6535	23	3476	24	825	25	1858	27	3665	28	4488	29	353	31	2596	32	3409	33	1996	35	1627	36	1255	37	1324	
529	2	28566	4	705	7	1030	11	13301	13	10239	15	3195	18	948	20	5467	21	2714	22	6389	24	3601	25	814	26	1925	28	3779	29	4453	30	344	32	2742	33	3331	34	2072	36	1725	37	1334	38	1326	
530	3	28219	5	806	8	1070	12	13194	14	10202	16	3316	19	859	21	5679	22	2767	23	6438	25	3500	26	796	27	1857	29	3803	30	4490	31	332	33	2847	34	3397	35	2012	37	1663	38	1435	39	1318	
531	4	28843	6	715	9	1072	13	13075	15	10177	17	3351	20	911	21	1327	22	5570	23	2790	24	6489	26	3583	27	806	28	1816	30	3720	31	4411	32	346	34	2696	35	3322	36	2022	38	1646	39	1312	
532	5	28575	7	743	10	1103	14	13166	16	10351	18	3288	21	961	22	1353	23	5680	24	2680	25	6427	27	3510	28	781	29	1859	31	3692	32	4356	33	329	35	2759	36	3375	37	1997	39	1677	40	1338	
533	6	28361	8	702	11	1088	15	13149	17	10410	19	3192	22	909	23	1314	24	5595	25	2806	26	6612	28	3410	29	814	30	1833	32	3727	33	4396	34	358	36	2788	37	3380	38	2067	40	1705	41	1384	
534	0	39399	4	4001	10	5578	12	940	16	14510	17	7844	20	2711	23	689	26	2740	27	7147	30	595	31	1418	33	1536	34	4904	37	1024	38	3622	42	1342	
535	1	39475	5	4115	11	5521	13	916	17	14598	18	7757	21	2774	24	710	27	2690	28	6976	31	627	32	1430	34	1556	35	4945	38	999	39	3621	43	1290	
536	2	39475	6	4018	12	5529	14	906	18	14679	19	7703	22	2670	25	723	28	2785	29	7046	32	600	33	1396	35	1605	36	4828	39	1037	40	3645	44	1355	
537	0	5079	3	38053	7	3978	13	5600	19	14548	20	7903	23	2799	29	2668	30	6971	34	1458	36	1613	37	4270	40	1030	41	3120	45	910	
538	1	5031	4	38119	8	4014	14	5587	20	14568	21	7754	24	2789	30	2784	31	7057	35	1435	37	1533	38	4263	41	1093	42	3099	46	874	
539	2	5074	5	37988	9	3940	15	5692	21	14796	22	7751	25	2703	31	2820	32	7089	36	1362	38	1543	39	4250	42	1017	43	3102	47	873	
540	3	5074	6	38125	10	4056	16	5607	22	14727	23	7872	26	2761	32	2624	33	6909	37	1402	39	1525	40	4336	43	1044	44	3017	48	921	
541	0	8571	4	4648	6	1576	7	33773	11	3965	13	3088	17	5529	23	11405	24	7935	25	449	27	2789	33	2747	34	4992	38	1373	40	1607	41	2682	44	1064	45	1807	
542	1	8334	5	4598	7	1587	8	34032	12	4027	14	3060	18	5570	24	11499	25	7826	26	420	28	2727	34	2732	35	4969	39	1363	41	1483	42	2769	45	1081	46	1923	
543	2	8404	6	4648	8	1522	9	33702	13	4115	15	3104	19	5572	25	11524	26	7897	27	440	29	2715	35	2711	36	5042	40	1425	42	1492	43	2758	46	1048	47	1881	
544	3	8277	7	4684	9	1579	10	33714	14	4013	16	2992	20	5687	26	11399	27	7849	28	477	30	2713	36	2814	37	5080	41	1398	43	1624	44	2748	47	1042	48	1910	
545	4	8476	8	4645	10	1591	11	33817	15	3995	17	3093	21	5534	27	11585	28	7876	29	442	31	2674	37	2797	38	4898	42	1355	44	1519	45	2771	48	1001	49	1931	
546	0	67731	7	4872	10	3429	22	6447	29	10762	38	3165	45	2440	49	1154	
547	1	67657	8	4819	11	3617	23	6416	30	10652	39	3221	46	2423	50	1195	
548	2	67487	9	5135	12	3461	24	6523	31	10582	40	3312	47	2379	51	1121	
549	3	67810	10	4975	13	3428	25	6496	32	10543	41	3204	48	2392	52	1152	
550	4	67410	11	5025	14	3560	26	6282	33	10864	42	3297	49	2412	53	1150	
551	5	67594	12	4969	15	3585	27	6340	34	10649	43	3324	50	2333	54	1206	
552	0	22142	6	52815	10	2393	13	4980	16	3406	23	1180	35	10553	51	2531	
553	1	22236	7	52854	11	2361	14	4892	17	3403	24	1182	36	10718	52	2354	
554	0	1507	2	22180	8	51417	12	2366	15	4910	18	3431	25	1138	37	10633	53	2418	
555	1	1395	3	22320	9	51171	13	2320	16	4968	19	3496	26	1215	38	10683	54	2432	
556	2	1450	4	22164	10	51251	14	2315	17	5015	20	3493	27	1176	39	10718	55	2418	
557	3	1468	5	22059	11	51368	15	2317	18	4931	21	3479	28	1117	40	10842	56	2419	
558	4	1397	6	22112	12	51150	16	2365	19	5016	22	3513	29	1193	41	10909	57	2345	
559	0	1434	5	1515	7	22083	13	49909	17	2291	20	5003	23	3516	30	1198	42	10626	58	2425	
560	1	1487	6	1442	8	22497	14	49787	18	2324	21	4871	24	3511	31	1191	43	10570	59	2320	
561	0	31894	2	1432	7	1513	9	14741	13	3163	15	32930	19	2319	21	379	22	2968	25	3499	32	1420	44	3742	
562	1	31850	3	1490	8	1444	10	14726	14	3074	16	33054	20	2316	22	386	23	2954	26	3457	33	1523	45	3726	
563	2	31881	4	1480	9	1429	11	14562	15	3129	17	33221	21	2318	23	396	24	2950	27	3501	34	1472	46	3661	
564	3	31988	5	1484	10	1438	12	14459	16	3063	18	33114	22	2347	24	396	25	2918	28	3526	35	1446	47	3821	
565	0	5340	4	31276	6	1439	11	1452	13	14053	17	3206	19	28842	23	2338	25	405	26	2908	29	3533	36	1440	48	3768	
566	1	5323	5	31407	7	1494	12	1466	14	13992	18	2996	20	28862	24	2380	26	416	27	2936	30	3485	37	1468	49	3775	
567	2	5380	6	31322	8	1507	13	1454	15	14151	19	3105	21	28735	25	2334	27	383	28	2914	31	3565	38	1464	50	3686	
568	3	5361	7	31447	9	1418	14	1490	16	14028	20	3191	22	28724	26	2394	28	373	29	2888	32	3472	39	1433	51	3781	
569	4	5296	8	31466	10	1513	15	1562	17	14069	21	3185	23	28730	27	2321	29	395	30	2936	33	3449	40	1492	52	3586	
570	5	5320	9	31431	11	1453	16	1474	18	14230	22	3119	24	28592	28	2381	30	395	31	2986	34	3494	41	1434	53	3691	
571	6	5397	10	31316	12	1470	17	1429	19	13938	23	3138	25	28904	29	2359	31	383	32	2900	35	3533	42	1465	54	3768	
572	0	96219	21	1253	24	2528	
573	1	96281	22	1215	25	2504	
574	2	96323	23	1240	26	2437	
575	3	96300	24	1241	27	2459	
576	4	96429	25	1140	28	2431	
577	5	96215	26	1235	29	2550	
578	0	1917	6	94346	27	1286	30	2451	
579	1	1825	7	94350	28	1295	31	2530	
580	2	1828	8	94415	29	1232	32	2525	
581	0	15781	3	1751	9	78753	30	1229	33	2486	
582	1	15876	4	1820	10	78634	31	1196	34	2474	
583	2	15981	5	1837	11	78564	32	1221	35	2397	
584	3	15994	6	1747	12	78612	33	1213	36	2434	
585	4	15825	7	1790	13	78657	34	1330	37	2398	
586	0	1823	5	15878	8	1788	14	76853	35	1278	38	2380	
587	1	1801	6	16236	9	1818	15	76280	36	1247	39	2618	
588	2	1929	7	15997	10	1810	16	76571	37	1228	40	2465	
589	0	49590	3	2088	8	11498	17	35588	38	1236	
590	1	49291	4	2062	9	11767	18	35621	39	1259	
591	2	49289	5	2088	10	11483	19	35860	40	1280	
592	3	49616	6	2054	11	11668	20	35466	41	1196	
593	0	22405	4	42488	7	2082	12	9282	21	22494	42	1249	
594	1	22305	5	42318	8	2016	13	9207	22	22871	43	1283	
595	0	6195	2	21894	6	41546	9	2038	14	8627	23	18462	44	1238	
596	1	6281	3	21910	7	41457	10	2053	15	8596	24	18555	45	1148	
597	2	6199	4	21771	8	41247	11	2057	16	8776	25	18755	46	1195	
598	3	6212	5	21837	9	41201	12	2035	17	8708	26	18777	47	1230	
599	4	6306	6	21910	10	41059	13	1983	18	8866	27	18659	48	1217	
600	5	6361	7	21515	11	41341	14	2074	19	8756	28	18669	49	1284	
601	6	6290	8	21748	12	41243	15	2015	20	8808	29	18647	50	1249	
602	7	6235	9	21750	13	41305	16	2076	21	8740	30	18630	51	1264	
603	8	6495	10	21574	14	41297	17	2053	22	8877	31	18510	52	1194	
604	9	6325	11	21756	15	41284	18	2036	23	8774	32	18600	53	1225	
605	10	6243	12	21957	16	41361	19	2111	24	8744	33	18346	54	1238	
606	11	6340	13	21619	17	41211	20	2111	25	8749	34	18714	55	1256	
607	0	4191	9	5422	12	5683	14	20676	18	39856	21	2084	26	7591	35	13277	56	1220	
608	1	4264	10	5177	13	5730	15	20967	19	39639	22	2035	27	7539	36	13347	57	1302	
609	0	32708	2	4314	11	4016	14	4928	16	14321	20	27795	23	2077	28	4884	37	4957	
610	1	32716	3	4258	12	3911	15	5014	17	14033	21	28087	24	2070	29	4790	38	5121	
611	2	32853	4	4352	13	3876	16	4890	18	14210	22	28025	25	2070	30	4869	39	4855	
612	3	32624	5	4246	14	3846	17	4985	19	14447	23	28120	26	1991	31	4830	40	4911	
613	4	32549	6	4291	15	3916	18	4955	20	14348	24	28053	27	2084	32	4869	41	4935	
614	5	32775	7	4256	16	3948	19	5063	21	14176	25	27977	28	2047	33	4746	42	5012	
615	6	33084	8	4140	17	3896	20	4986	22	14331	26	27818	29	2133	34	4706	43	4906	
616	0	62242	5	618	7	17393	9	2839	18	1009	23	7903	27	6238	35	1758	
617	1	62424	6	611	8	17571	10	2718	19	1015	24	7820	28	6103	36	1738	
618	2	62036	7	637	9	17098	11	2889	20	1047	25	8157	29	6388	37	1748	
619	3	61979	8	613	10	17526	12	2723	21	1077	26	7929	30	6390	38	1763	
620	4	62148	9	620	11	17395	13	2884	22	1053	27	7867	31	6282	39	1751	
621	0	12128	4	2731	5	55287	9	727	10	662	12	14097	14	2064	21	1744	23	985	28	5830	32	3745	
622	1	11920	5	2845	6	55550	10	690	11	643	13	13982	15	2021	22	1759	24	1028	29	5853	33	3709	
623	2	12007	6	2840	7	55722	11	692	12	600	14	14046	16	2025	23	1653	25	1025	30	5724	34	3666	
624	3	11958	7	2624	8	55956	12	727	13	624	15	13967	17	2012	24	1778	26	984	31	5815	35	3555	
625	4	11891	8	2699	9	55958	13	761	14	629	16	13888	18	2103	25	1733	27	982	32	5692	36	3664	
626	5	11989	9	2680	10	55648	14	666	15	569	17	14205	19	2049	26	1812	28	971	33	5832	37	3579	
627	6	11917	10	2661	11	55780	15	777	16	617	18	14158	20	2014	27	1663	29	982	34	5824	38	3607	
628	7	12038	11	2659	12	55638	16	714	17	609	19	14088	21	2115	28	1797	30	988	35	5714	39	3640	
629	0	2206	8	12122	12	2692	13	53210	17	707	18	606	20	14139	22	2088	29	1828	31	1042	36	5758	40	3602	
630	1	2229	9	12169	13	2710	14	53583	18	704	19	642	21	13860	23	2072	30	1729	32	990	37	5710	41	3602	
631	2	2147	10	11988	14	2671	15	53390	19	741	20	622	22	14069	24	2026	31	1765	33	1045	38	5781	42	3755	
632	0	38903	3	2213	7	636	9	1006	11	9856	15	2006	16	31133	17	1722	20	742	23	7358	25	2050	39	2375	
633	1	38453	4	2137	8	614	10	1001	12	10126	16	1995	17	31092	18	1838	21	729	24	7575	26	2073	40	2367	
634	2	38431	5	2134	9	602	11	1013	13	10080	17	2098	18	31362	19	1718	22	704	25	7455	27	2019	41	2384	
635	3	38203	6	2154	10	609	12	1033	14	10205	18	2061	19	31338	20	1721	23	739	26	7495	28	2094	42	2348	
636	4	38322	7	2133	11	614	13	1077	15	10162	19	2015	20	31565	21	1730	24	724	27	7319	29	1987	43	2352	
637	5	38525	8	2235	12	622	14	1027	16	10189	20	2078	21	31083	22	1740	25	777	28	7376	30	2001	44	2347	
638	6	38587	9	2095	13	625	15	1022	17	10094	21	1935	22	31481	23	1802	26	699	29	7297	31	2033	45	2330	
639	7	38731	10	2018	14	647	16	1026	18	10212	22	2109	23	30986	24	1892	27	691	30	7441	32	1949	46	2298	
640	8	38262	11	2156	15	624	17	1025	19	10224	23	2075	24	31238	25	1807	28	716	31	7343	33	2112	47	2418	
641	0	16206	4	344	9	31623	11	740	12	2155	16	628	17	2375	18	1023	20	9727	21	1465	24	2076	25	23923	26	1702	29	740	32	3996	34	1277	
642	1	16116	5	332	10	31712	12	747	13	2149	17	593	18	2405	19	1034	21	9668	22	1459	25	2024	26	23858	27	1836	30	710	33	4018	35	1339	
643	2	16101	6	329	11	31333	13	738	14	2177	18	580	19	2421	20	987	22	9860	23	1453	26	2021	27	24131	28	1793	31	719	34	4022	36	1335	
644	3	16113	7	340	12	31509	14	731	15	2209	19	612	20	2390	21	1017	23	9828	24	1518	27	2084	28	23859	29	1720	32	697	35	4031	37	1342	
645	4	16047	8	342	13	31757	15	764	16	2154	20	629	21	2470	22	993	24	9910	25	1461	28	2073	29	23647	30	1664	33	741	36	3956	38	1392	
646	5	18228	8	993	9	332	12	1777	14	31598	17	2127	21	631	22	2375	25	9711	26	1451	28	727	29	2041	30	21851	31	1752	32	1329	37	3077	
647	6	18326	9	1039	10	309	13	1771	15	31540	18	2155	22	618	23	2457	26	9744	27	1456	29	756	30	2108	31	21601	32	1731	33	1294	38	3095	
648	7	18280	10	1045	11	343	14	1711	16	31688	19	2103	23	612	24	2465	27	9814	28	1454	30	757	31	2015	32	21634	33	1805	34	1289	39	2985	
649	8	18293	11	1001	12	333	13	2089	15	1759	17	31737	20	2148	24	663	25	2388	28	9696	29	1432	31	760	32	2015	33	19627	34	1749	35	1328	40	2982	
650	9	18197	12	1029	13	320	14	2143	16	1778	18	31597	21	2134	25	612	26	2464	29	9890	30	1453	32	734	33	2026	34	19678	35	1697	36	1313	41	2935	
651	10	18488	13	1011	14	326	15	2204	17	1725	19	31428	22	2109	26	630	27	2351	30	9840	31	1481	33	739	34	2089	35	19448	36	1715	37	1354	42	3062	
652	11	18390	14	1032	15	328	16	2129	18	1679	20	31473	23	2118	27	639	28	2423	31	9712	32	1520	34	752	35	1985	36	19740	37	1785	38	1303	43	2992	
653	12	17970	15	1014	16	331	17	2136	19	1762	21	31799	24	2107	28	617	29	2459	32	9588	33	1547	35	738	36	2056	37	19817	38	1757	39	1307	44	2995	
654	13	18089	16	1021	17	319	18	2150	20	1721	22	31651	25	2101	29	575	30	2372	33	9994	34	1385	36	723	37	2059	38	19691	39	1745	40	1349	45	3055	
655	14	18278	17	1007	18	336	19	2184	21	1693	23	31530	26	2160	30	611	31	2410	34	9829	35	1460	37	764	38	2006	39	19719	40	1745	41	1286	46	2982	
656	15	18131	18	1024	19	327	20	2165	22	1758	24	31841	27	2114	31	616	32	2398	35	9760	36	1564	38	705	39	2071	40	19649	41	1663	42	1281	47	2933	
657	16	18217	19	1052	20	343	21	2158	23	1878	25	31514	28	2115	32	631	33	2341	36	9752	37	1476	39	735	40	1963	41	19777	42	1754	43	1328	48	2966	
658	17	18186	20	1099	21	338	22	2180	24	1726	26	31605	29	2157	33	638	34	2398	37	9595	38	1494	40	734	41	2018	42	19875	43	1715	44	1291	49	2951	
659	18	18169	21	1047	22	343	23	2151	25	1784	27	31641	30	2082	34	606	35	2428	38	9912	39	1435	41	769	42	2040	43	19585	44	1719	45	1300	50	2989	
660	19	18339	22	966	23	323	24	2069	26	1642	28	31730	31	2104	35	595	36	2426	39	9851	40	1454	42	772	43	2078	44	19602	45	1711	46	1287	51	3051	
661	20	18192	23	960	24	332	25	2175	27	1722	29	31756	32	2221	36	605	37	2411	40	9741	41	1473	43	766	44	2133	45	19466	46	1765	47	1320	52	2962	
662	21	18464	24	967	25	326	26	2106	28	1705	30	31368	33	2086	37	672	38	2370	41	9758	42	1419	44	787	45	2072	46	19882	47	1752	48	1281	53	2985	
663	22	18154	25	1042	26	324	27	2149	29	1770	31	31502	34	2145	38	587	39	2354	42	9886	43	1458	45	729	46	2055	47	19686	48	1783	49	1326	54	3050	
664	23	18360	26	1074	27	344	28	2220	30	1784	32	31552	35	2194	39	586	40	2274	43	9934	44	1432	46	745	47	2020	48	19451	49	1739	50	1305	55	2986	
665	24	18178	27	1023	28	296	29	2107	31	1739	33	31618	36	2085	40	591	41	2435	44	9687	45	1444	47	719	48	2019	49	20039	50	1760	51	1311	56	2949	
666	25	18373	28	966	29	339	30	2146	32	1657	34	31501	37	2127	41	573	42	2446	45	10005	46	1394	48	735	49	2010	50	19593	51	1783	52	1339	57	3013	
667	0	100000	
668	1	100000	
669	2	100000	
670	3	100000	
671	4	100000	
672	5	100000	
673	6	100000	
674	7	100000	
675	8	100000	
676	9	100000	
677	10	100000	
678	11	100000	
679	12	100000	
680	13	100000	
681	14	100000	
682	15	100000	
683	16	100000	
684	17	100000	
685	18	100000	
686	19	100000	
687	20	100000	
688	21	100000	
689	22	100000	
690	0	6179	23	93821	
691	1	6268	24	93732	
692	2	6304	25	93696	
693	3	6285	26	93715	
694	4	6190	27	93810	
695	5	6116	28	93884	
696	0	16626	6	5607	29	77767	
697	1	16415	7	5559	30	78026	
698	2	16625	8	5622	31	77753	
699	3	16817	9	5631	32	77552	
700	4	16659	10	5776	33	77565	
701	5	16656	11	5703	34	77641	
702	6	16583	12	5674	35	77743	
703	7	16727	13	5694	36	77579	
704	8	16653	14	5767	37	77580	
705	9	16681	15	5616	38	77703	
706	0	47954	10	11912	16	4840	39	35294	
707	1	47910	11	12093	17	4829	40	35168	
708	2	48118	12	11883	18	4809	41	35190	
709	3	48064	13	11800	19	4895	42	35241	
710	4	48103	14	11858	20	4851	23	2222	43	32966	
711	5	47811	15	11938	21	4874	24	2137	44	33240	
712	6	47740	16	11857	22	4829	25	2170	45	33404	
713	7	47956	17	11894	23	4921	26	2263	46	32966	
714	8	48085	18	11812	24	4816	27	2299	47	32988	
715	9	47931	19	11893	25	4849	28	2254	48	33073	
716	10	47751	20	12122	26	4884	29	2273	49	32970	
717	11	48137	21	11888	27	4755	30	2187	50	33033	
718	12	47738	22	11990	28	4782	31	2194	51	33296	
719	13	47978	23	11846	29	4725	32	2247	52	33204	
720	14	48026	24	11933	30	4850	33	2162	53	33029	
721	0	2549	6	548	15	46663	25	10776	29	5850	31	4380	34	2228	54	27006	
722	1	2496	7	555	16	46824	26	10845	30	5821	32	4325	35	2246	55	26888	
723	2	2494	8	508	17	46459	27	11050	31	5829	33	4199	36	2222	56	27239	
724	3	2418	9	527	18	46692	28	10937	32	5797	34	4190	37	2226	57	27213	
725	4	2481	10	564	19	46333	29	10917	33	5837	35	4360	38	2176	58	27332	
726	5	2475	11	541	20	46529	30	10890	34	5860	36	4332	39	2219	59	27154	
727	6	2524	12	515	21	46698	31	10759	35	5841	37	4276	40	2149	60	27238	
728	0	72807	7	1987	22	14649	32	4716	36	2660	61	3181	
729	1	72571	8	1960	23	14640	33	4791	37	2671	62	3367	
730	2	72689	9	1937	24	14774	34	4687	38	2678	63	3235	
731	3	72396	10	2008	25	14858	35	4759	39	2764	64	3215	
732	4	72502	11	1940	26	14697	36	4851	40	2744	65	3266	
733	5	72589	12	2001	27	14695	37	4857	41	2679	66	3179	
734	6	72514	13	1968	28	14758	38	4807	42	2745	67	3208	
735	7	72490	14	2005	29	14753	39	4804	43	2743	68	3205	
736	8	72429	15	2025	30	14728	40	4881	44	2664	69	3273	
737	0	28226	9	50755	10	2071	16	1903	29	770	31	8352	39	3233	41	2739	45	1951	
738	1	28572	10	50341	11	2168	17	1912	30	724	32	8468	40	3262	42	2612	46	1941	
739	2	28326	11	50464	12	2025	18	2060	31	737	33	8459	41	3212	43	2746	47	1971	
740	3	28267	12	50474	13	2091	19	1973	32	769	34	8416	42	3231	44	2835	48	1944	
741	0	2320	4	28441	13	48144	14	2001	20	1938	33	773	35	8550	43	3197	45	2732	49	1904	
742	1	2369	5	28249	14	48159	15	2081	21	1958	34	790	36	8397	44	3268	46	2775	50	1954	
743	2	2291	6	28188	15	48235	16	2077	22	1918	35	728	37	8534	45	3288	47	2740	51	2001	
744	3	2300	7	28403	16	48058	17	2098	23	1980	36	778	38	8422	46	3176	48	2885	52	1900	
745	4	2314	8	28582	17	47900	18	2133	24	1995	37	750	39	8376	47	3259	49	2644	53	2047	
746	5	2281	9	28464	18	48157	19	2051	25	1961	38	794	40	8448	48	3219	50	2693	54	1932	
747	6	2379	10	28526	19	48121	20	2043	26	1922	39	756	41	8384	49	3177	51	2764	55	1928	
748	7	2358	11	28357	20	48150	21	2151	27	2031	40	819	42	8312	50	3232	52	2699	56	1891	
749	8	2321	12	28220	21	48287	22	2183	28	1990	41	711	43	8318	51	3290	53	2785	57	1895	
750	9	2403	13	28575	22	47944	23	1984	29	1994	42	815	44	8371	52	3254	54	2724	58	1936	
751	10	2256	14	28598	23	48016	24	2166	30	1910	43	778	45	8393	53	3295	55	2636	59	1952	
752	11	2352	15	28501	24	47828	25	2090	31	1963	44	778	46	8526	54	3268	56	2749	60	1945	
753	12	2313	16	28636	25	48048	26	1971	32	1959	45	755	47	8412	55	3263	57	2766	61	1877	
754	13	2344	17	28439	26	48148	27	2045	33	1914	46	799	48	8519	56	3144	58	2693	62	1955	
755	14	2249	18	28458	27	48066	28	2075	34	2047	47	758	49	8510	57	3249	59	2646	63	1942	
756	15	2294	19	28336	28	48187	29	2081	35	2081	48	741	50	8507	58	3174	60	2678	64	1921	
757	16	2292	20	28182	29	48452	30	2058	36	1952	49	768	51	8379	59	3185	61	2780	65	1952	
758	17	2389	21	28220	30	48385	31	2063	37	1920	50	780	52	8354	60	3277	62	2687	66	1925	
759	13	2346	18	2361	22	28463	31	45855	32	2071	38	2018	51	776	53	8200	61	3237	63	2751	67	1922	
760	14	2299	19	2298	23	28537	32	45833	33	2022	39	1909	52	786	54	8448	62	3216	64	2733	68	1919	
761	15	2302	20	2304	24	28477	33	45844	34	2009	40	1975	53	730	55	8481	63	3283	65	2703	69	1892	
762	0	1685	9	7533	16	2323	21	2267	25	26700	31	2971	34	38288	39	2073	41	1190	45	749	54	758	56	5479	64	3271	70	4713	
763	1	1739	10	7592	17	2316	22	2304	26	26483	32	2999	35	38380	40	2072	42	1182	46	800	55	795	57	5399	65	3202	71	4737	
764	2	1775	11	7601	18	2309	23	2316	27	26475	33	3089	36	38355	41	2061	43	1138	47	818	56	720	58	5457	66	3149	72	4737	
765	3	1769	12	7436	19	2379	24	2298	28	26795	34	3020	37	38574	42	2050	44	1166	48	753	57	772	59	5297	67	3135	73	4556	
766	4	1719	13	7394	20	2287	25	2297	29	26903	35	3069	38	38340	43	2015	45	1239	49	758	58	774	60	5495	68	3170	74	4540	
767	5	1807	14	7249	21	2277	26	2343	30	26720	36	3006	39	38348	44	2081	46	1219	50	758	59	820	61	5531	69	3196	75	4645	
768	6	1710	15	7540	22	2333	27	2340	31	26860	37	2970	40	38307	45	2102	47	1157	51	796	60	763	62	5331	70	3212	76	4579	
769	7	1695	16	7510	23	2339	28	2372	32	26775	38	2943	41	38239	46	2056	48	1209	52	820	61	783	63	5443	71	3176	77	4640	
770	0	45382	8	1686	17	5186	22	6313	29	2640	33	13173	36	1900	39	5812	42	10753	47	1537	49	1199	53	819	61	2779	62	821	
771	1	45264	9	1708	18	5269	23	6397	30	2675	34	13187	37	1923	40	5659	43	10969	48	1547	50	1202	54	770	62	2690	63	740	
772	2	45135	10	1759	19	5266	24	6506	31	2694	35	13000	38	1924	41	5724	44	10879	49	1636	51	1171	55	818	63	2730	64	758	
773	3	45279	11	1759	20	5128	25	6591	32	2702	36	13041	39	1955	42	5662	45	10839	50	1588	52	1210	56	734	64	2713	65	799	
774	4	45122	12	1729	21	5216	26	6422	33	2596	37	13178	40	1951	43	5835	46	10835	51	1593	53	1213	57	810	65	2723	66	777	
775	5	45394	13	1672	22	5296	27	6309	34	2672	38	13094	41	1925	44	5707	47	10745	52	1561	54	1248	58	793	66	2780	67	804	
776	6	45166	14	1825	23	5115	28	6507	35	2672	39	13076	42	1893	45	5851	48	10807	53	1608	55	1156	59	784	67	2795	68	745	
777	7	45230	15	1741	24	5192	29	6576	36	2691	40	13233	43	1971	46	5634	49	10761	54	1480	56	1186	60	809	68	2739	69	757	
778	8	45381	16	1737	25	5163	30	6406	37	2671	41	13230	44	1890	47	5714	50	10821	55	1581	57	1151	61	782	69	2685	70	788	
779	9	45065	17	1717	26	5117	31	6481	38	2688	42	13353	45	1921	48	5814	51	10806	56	1498	58	1190	62	803	70	2812	71	735	
780	10	45459	18	1706	27	5142	32	6336	39	2701	43	13312	46	1950	49	5691	52	10619	57	1584	59	1163	63	795	71	2768	72	774	
781	11	45377	19	1702	28	5257	33	6409	40	2657	44	13187	47	2002	50	5605	53	10846	58	1520	60	1223	64	765	72	2690	73	760	
782	12	45560	20	1742	29	5205	34	6477	41	2720	45	13078	48	1939	51	5619	54	10639	59	1623	61	1169	65	717	73	2717	74	795	
783	13	45276	21	1744	30	5232	32	1976	34	2693	35	7228	41	768	42	2691	46	13162	52	5738	55	8146	56	1144	60	1493	74	2709	
784	14	45175	22	1728	31	5215	33	1927	35	2674	36	7372	42	755	43	2766	47	13186	53	5628	56	7989	57	1198	61	1594	75	2793	
785	15	45403	23	1799	32	5216	34	2005	36	2761	37	7132	43	756	44	2676	48	13115	54	5658	57	7987	58	1165	62	1575	76	2752	
786	16	45528	24	1758	33	5201	35	1987	37	2579	38	7321	44	723	45	2695	49	12928	55	5839	58	7980	59	1228	63	1565	77	2668	
787	17	45582	25	1713	34	5217	36	1947	38	2666	39	7244	45	777	46	2721	50	13033	56	5572	59	7984	60	1268	64	1571	78	2705	
788	18	45507	26	1690	35	5155	37	1830	39	2704	40	7290	46	788	47	2631	51	13103	57	5655	60	8162	61	1236	65	1530	79	2719	
789	19	45383	27	1800	36	5230	38	1888	40	2758	41	7229	47	784	48	2628	52	13016	58	5839	61	7940	62	1226	66	1570	80	2709	
790	20	45149	28	1690	37	5278	39	1939	41	2678	42	7333	48	780	49	2739	53	13136	59	5901	62	8023	63	1214	67	1470	81	2670	
791	21	45444	29	1705	38	5186	40	1958	42	2674	43	6938	49	783	50	2670	54	13204	60	5713	63	8173	64	1213	68	1575	82	2764	
792	22	45533	30	1738	39	5218	41	1909	43	2622	44	7028	50	759	51	2714	55	13014	61	5887	64	8186	65	1169	69	1521	83	2702	
793	23	45227	31	1723	40	5139	42	1948	44	2681	45	7095	51	778	52	2689	56	13124	62	5753	65	8245	66	1213	70	1615	84	2770	
794	24	45266	32	1728	41	5059	43	1887	45	2775	46	7136	52	870	53	2758	57	13150	63	5706	66	8119	67	1205	71	1542	85	2799	
795	25	45534	33	1775	42	5250	44	1963	46	2639	47	7235	53	728	54	2744	58	12838	64	5754	67	8078	68	1250	72	1563	86	2649	
796	26	45001	34	1810	43	5242	45	1994	47	2701	48	7088	54	810	55	2682	59	13352	65	5720	68	8074	69	1232	73	1582	87	2712	
797	27	45269	35	1691	44	5281	46	1890	48	2682	49	7316	55	744	56	2713	60	13194	66	5754	69	8108	70	1202	74	1549	88	2607	
798	28	45290	36	1734	45	5291	47	1941	49	2647	50	7236	56	790	57	2749	61	13181	67	5661	70	7964	71	1210	75	1594	89	2712	
799	29	45584	37	1725	46	5262	48	1905	50	2653	51	7236	57	822	58	2672	62	13043	68	5671	71	7976	72	1174	76	1508	90	2769	
800	30	45616	38	1694	47	5147	49	1921	51	2718	52	7214	58	759	59	2701	63	13109	69	5707	72	8081	73	1187	77	1461	91	2685	
801	0	100000	
802	1	100000	
803	2	100000	
804	3	100000	
805	4	100000	
806	5	100000	
807	6	100000	
808	7	100000	
809	8	100000	
810	9	100000	
811	10	100000	
812	11	100000	
813	12	100000	
814	13	100000	
815	14	100000	
816	15	100000	
817	16	100000	
818	17	100000	
819	18	100000	
820	19	100000	
821	20	100000	
822	21	100000	
823	22	100000	
824	0	31269	23	68731	
825	1	31315	24	68685	
826	2	31184	25	68816	
827	3	31036	26	68964	
828	4	31277	27	68723	
829	5	30953	28	69047	
830	6	30984	29	69016	
831	7	30874	30	69126	
832	8	31382	31	68618	
833	9	31263	32	68737	
834	10	31381	33	68619	
835	11	31274	34	68726	
836	12	31319	35	68681	
837	13	31334	36	68666	
838	14	31177	37	68823	
839	15	31256	38	68744	
840	16	31281	39	68719	
841	17	31170	40	68830	
842	18	30913	41	69087	
843	0	5285	19	26026	23	18562	42	50127	
844	1	5561	20	25972	24	18797	43	49670	
845	2	5308	21	25798	25	18580	44	50314	
846	3	5218	22	25798	26	18738	45	50246	
847	4	5269	23	25711	27	18886	46	50134	
848	5	5256	24	25767	28	18932	47	50045	
849	6	5251	25	25692	29	19007	48	50050	
850	7	5324	26	25919	30	18818	49	49939	
851	8	5276	27	25824	31	18926	50	49974	
852	9	5220	28	25830	32	18954	51	49996	
853	10	5387	29	25777	33	18832	52	50004	
854	11	5317	30	25521	34	19008	53	50154	
855	12	5438	31	25760	35	18603	54	50199	
856	13	5254	32	25904	36	18877	55	49965	
857	14	5415	33	25865	37	18542	56	50178	
858	0	85143	34	7447	57	7410	
859	1	85242	35	7347	58	7411	
860	2	85332	36	7254	59	7414	
861	3	85180	37	7445	60	7375	
862	4	85326	38	7427	61	7247	
863	5	85401	39	7276	62	7323	
864	6	85207	40	7260	63	7533	
865	7	85090	41	7425	64	7485	
866	8	85305	42	7375	65	7320	
867	9	85126	43	7461	66	7413	
868	10	85185	44	7444	67	7371	
869	11	85317	45	7405	68	7278	
870	0	4465	12	80762	46	7406	69	7367	
871	1	4490	13	80723	47	7383	70	7404	
872	2	4379	14	80974	48	7316	71	7331	
873	3	4391	15	80779	49	7283	72	7547	
874	4	4395	16	80719	50	7510	73	7376	
875	5	4295	17	80951	51	7483	74	7271	
876	6	4277	18	80983	52	7332	75	7408	
877	7	4469	19	80555	53	7381	76	7595	
878	8	4360	20	80791	54	7410	77	7439	
879	9	4458	21	80732	55	7290	78	7520	
880	10	4411	22	80860	56	7324	79	7405	
881	11	4452	23	80831	57	7308	80	7409	
882	12	4444	24	80550	58	7525	81	7481	
883	13	4407	25	80666	59	7407	82	7520	
884	14	4490	26	80747	60	7418	83	7345	
885	15	4396	27	81033	61	7257	84	7314	
886	16	4311	28	81068	62	7309	85	7312	
887	17	4403	29	80518	63	7596	86	7483	
888	18	4357	30	80964	64	7449	87	7230	
889	0	49371	31	29496	34	5529	57	7605	61	6174	65	1825	
890	1	49475	32	29482	35	5560	58	7404	62	6287	66	1792	
891	2	49285	33	29504	36	5674	59	7400	63	6299	67	1838	
892	3	49415	34	29468	37	5567	60	7564	64	6135	68	1851	
893	4	49442	35	29507	38	5530	61	7402	65	6222	69	1897	
894	5	49287	36	29660	39	5589	62	7454	66	6217	70	1793	
895	6	49433	37	29368	40	5592	63	7469	67	6298	71	1840	
896	7	49446	38	29362	41	5789	64	7355	68	6213	72	1835	
897	8	49488	39	29372	42	5667	65	7298	69	6298	73	1877	
898	9	49581	40	29362	43	5484	66	7345	70	6286	74	1942	
899	10	49468	41	29369	44	5608	67	7370	71	6328	75	1857	
900	11	49493	42	29517	45	5539	68	7397	72	6217	76	1837	
901	12	49679	43	29269	46	5510	69	7370	73	6234	77	1938	
902	13	49318	44	29403	47	5538	70	7543	74	6260	78	1938	
903	14	49789	45	29105	48	5567	71	7523	75	6107	79	1909	
904	15	49216	46	29583	49	5590	72	7525	76	6225	80	1861	
905	16	49478	47	29444	50	5567	73	7440	77	6250	81	1821	
906	17	49291	48	29483	51	5525	74	7558	78	6299	82	1844	
907	18	49754	49	29146	52	5569	75	7346	79	6346	83	1839	
908	19	49193	50	29699	53	5474	76	7509	80	6293	84	1832	
909	20	49337	51	29738	54	5560	77	7403	81	6142	85	1820	
910	0	19653	21	29827	31	19095	34	3759	42	6326	52	10237	55	1910	57	7333	65	1860	
911	1	19729	22	30026	32	18868	35	3725	43	6129	53	10260	56	1840	58	7619	66	1804	
912	2	19452	23	29884	33	18917	36	3821	44	6199	54	10451	57	1852	59	7548	67	1876	
913	3	19430	24	29868	34	19087	37	3634	45	6274	55	10430	58	1949	60	7435	68	1893	
914	4	19827	25	29778	35	19085	38	3636	46	6263	56	10437	59	1846	61	7266	69	1862	
915	5	20020	26	29535	36	19004	39	3669	47	6240	57	10426	60	1835	62	7387	70	1884	
916	6	19387	27	29897	37	19184	40	3690	48	6347	58	10231	61	1907	63	7505	71	1852	
917	7	19706	28	29747	38	19089	41	3715	49	6284	59	10294	62	1975	64	7415	72	1775	
918	8	19903	29	29625	39	19041	42	3675	50	6228	60	10330	63	1915	65	7462	73	1821	
919	9	19624	30	29714	40	19131	43	3725	51	6192	61	10344	64	1836	66	7550	74	1884	
920	10	19947	31	29682	41	18876	44	3755	52	6206	62	10527	65	1772	67	7438	75	1797	
921	11	19659	32	30231	42	18963	45	3645	53	6117	63	10314	66	1899	68	7328	76	1844	
922	12	19715	33	30091	43	18911	46	3700	54	6313	64	10144	67	1843	69	7424	77	1859	
923	13	19667	34	29698	44	19024	47	3625	55	6316	65	10508	68	1786	70	7443	78	1933	
924	14	19359	21	10211	31	14691	35	19824	45	10643	48	3639	52	7764	55	1850	57	7499	65	1912	66	2608	
925	15	19527	22	10218	32	14723	36	19668	46	10533	49	3762	53	7765	56	1900	58	7455	66	1783	67	2666	
926	16	19603	23	10132	33	14799	37	19610	47	10488	50	3762	54	7906	57	1833	59	7457	67	1852	68	2558	
927	17	19647	24	10140	34	14499	38	19675	48	10738	51	3591	55	7908	58	1791	60	7416	68	1914	69	2681	
928	18	19694	25	10138	35	14786	39	19794	49	10560	52	3732	56	7662	59	1797	61	7369	69	1839	70	2629	
929	19	19586	26	10104	36	14632	40	19666	50	10861	53	3671	57	7802	60	1844	62	7362	70	1854	71	2618	
930	20	19687	27	10078	37	14617	41	19753	51	10662	54	3761	58	7729	61	1842	63	7449	71	1833	72	2589	
931	21	19646	28	10131	38	14782	42	19664	52	10450	55	3703	59	7894	62	1869	64	7410	72	1875	73	2576	
932	22	19755	29	10129	39	14776	43	19551	53	10641	56	3727	60	7843	63	1858	65	7427	73	1828	74	2465	
933	23	19530	30	10177	40	14752	44	19581	54	10599	57	3671	61	7825	64	1871	66	7420	74	1910	75	2664	
934	24	19500	31	10218	35	8314	41	14531	45	18200	52	5165	55	4001	62	2609	66	2626	67	7545	71	3613	78	1827	88	1851	
935	25	19803	32	10047	36	8265	42	14772	46	17993	53	5237	56	4027	63	2609	67	2560	68	7316	72	3648	79	1828	89	1895	
936	26	19618	33	10245	37	8296	43	14635	47	18034	54	5319	57	3861	64	2580	68	2610	69	7396	73	3625	80	1930	90	1851	
937	27	19522	34	10242	38	8465	44	14622	48	17921	55	5216	58	3965	65	2620	69	2595	70	7540	74	3632	81	1912	91	1748	
938	28	19723	35	10400	39	8157	45	14830	49	17773	56	5289	59	3913	66	2613	70	2581	71	7388	75	3686	82	1852	92	1795	
939	29	19472	36	10130	40	8295	46	14851	50	18056	57	5271	60	4005	67	2636	71	2499	72	7373	76	3726	83	1886	93	1800	
940	30	19713	37	10127	41	8306	47	14854	51	17905	58	5132	61	4015	68	2591	72	2566	73	7315	77	3730	84	1886	94	1860	
941	31	19727	38	10080	42	8302	48	14791	52	18036	59	5223	62	4036	69	2491	73	2622	74	7365	78	3633	85	1867	95	1827	
942	32	19666	39	10140	43	8250	45	5684	49	14811	53	12309	55	3921	60	5158	62	2626	66	2636	75	7322	79	3766	86	1892	96	1819	
943	33	19589	40	9996	44	8255	46	5842	50	14830	54	12206	56	4053	61	5156	63	2610	67	2565	76	7492	80	3640	87	1861	97	1905	
944	34	19672	41	10367	45	8244	47	5702	51	14632	55	12227	57	3915	62	5309	64	2578	68	2607	77	7391	81	3627	88	1898	98	1831	
945	35	19362	42	9996	46	8338	48	5726	52	14955	56	12282	58	4045	63	5205	65	2476	69	2572	78	7560	82	3747	89	1918	99	1818	
946	36	19681	43	10270	47	8285	49	5645	53	14527	57	12153	59	4090	64	5352	66	2598	70	2582	79	7341	83	3743	90	1869	100	1864	
947	37	19761	44	10250	48	8153	50	5729	54	14458	58	12360	60	3966	65	5266	67	2598	71	2572	80	7468	84	3766	91	1828	101	1825	
948	38	19750	45	10356	49	8406	51	5723	53	5747	55	14715	59	6622	61	3886	66	5110	68	2507	72	2565	81	7358	85	3615	92	1795	102	1845	
949	39	19725	46	10282	50	8322	52	5623	54	5647	56	14666	60	6558	62	3900	67	5108	69	2667	73	2640	82	7451	86	3691	93	1911	103	1809	
950	40	19500	47	10170	51	8289	53	5710	55	5698	57	14728	61	6591	63	3961	68	5210	70	2689	74	2683	83	7444	87	3694	94	1796	104	1837	
951	41	19636	48	10108	52	8420	54	5757	56	5583	58	14736	62	6499	64	3914	69	5309	71	2585	75	2614	84	7473	88	3742	95	1832	105	1792	
952	42	19434	49	10283	53	8376	55	5592	57	5772	59	14630	63	6642	65	4011	70	5383	72	2667	76	2501	85	7495	89	3575	96	1743	106	1896	
953	43	19745	50	10215	54	8292	56	5767	58	5669	60	14570	64	6621	66	3907	71	5158	73	2529	77	2730	86	7467	90	3570	97	1863	107	1897	
954	44	19554	51	10174	55	8370	57	5950	59	5626	61	14858	65	6540	67	3906	72	5141	74	2586	78	2649	87	7383	91	3631	98	1765	108	1867	
955	45	19627	52	10012	56	8325	58	5689	60	5795	62	14606	66	6701	68	3911	73	5180	75	2591	79	2678	88	7523	92	3743	99	1886	109	1733	
956	46	19468	53	10205	57	8369	59	5786	61	5556	63	14647	67	6668	69	3975	74	5225	76	2611	80	2576	89	7507	93	3662	100	1936	110	1809	
957	47	19726	54	10138	58	8460	60	5651	62	5552	64	14666	68	6616	70	4045	75	5124	77	2682	81	2614	90	7495	94	3594	101	1856	111	1781	
958	48	19781	55	9995	59	8220	61	5746	63	5754	65	14745	69	6664	71	3913	76	5165	78	2640	82	2548	91	7486	95	3683	102	1878	112	1782	
959	49	19592	56	10272	60	8196	62	5638	64	5739	66	14769	70	6720	72	4049	77	5127	79	2640	83	2500	92	7404	96	3704	103	1834	113	1816	
960	50	19853	57	10262	61	8231	63	5640	65	5700	67	14607	71	6641	73	4080	78	5160	80	2576	84	2572	93	7323	97	3670	104	1838	114	1847	
961	51	19551	58	10334	62	8247	64	5621	66	5689	68	14562	72	6707	74	4033	79	5110	81	2620	85	2620	94	7459	98	3796	105	1803	115	1848	
962	52	19573	59	10184	63	8316	65	5749	67	5582	69	14676	73	6597	75	3896	80	5303	82	2632	86	2672	95	7390	99	3710	106	1901	116	1819	
963	53	19678	60	10122	64	8127	66	5819	68	5603	70	14877	74	6711	76	4006	81	5080	83	2649	87	2582	96	7380	100	3687	107	1837	117	1842	
964	54	19695	61	10210	65	8270	67	5646	69	5768	71	14870	75	6626	77	3924	82	5114	84	2579	88	2472	97	7464	101	3697	108	1806	118	1859	
965	55	19555	62	10277	66	8200	68	5676	70	5764	72	14548	76	6787	78	3958	83	5296	85	2592	89	2523	98	7466	102	3732	109	1798	119	1828	
966	56	19669	63	10070	67	8225	69	5778	71	5686	73	14523	77	6560	79	3995	84	5102	86	2625	90	2685	99	7566	103	3707	110	1891	120	1918	
967	57	19601	64	10159	68	8427	70	5635	72	5627	74	15038	78	6526	80	3920	85	5209	87	2606	91	2572	100	7348	104	3735	111	1789	121	1808	
968	58	19493	65	10379	69	8385	71	5695	73	5760	75	14655	79	6452	81	4051	86	5133	88	2671	92	2558	101	7428	105	3633	112	1867	122	1840	
969	59	19594	66	10345	70	8119	72	5683	74	5763	76	14682	80	6534	82	4049	87	5199	89	2605	93	2673	102	7441	106	3676	113	1797	123	1840	
970	60	19598	67	10136	71	8473	73	5610	75	5790	77	14892	81	6482	83	4066	88	5167	90	2553	94	2513	103	7434	107	3621	114	1817	124	1848	
971	61	19481	68	10277	72	8269	74	5653	76	5539	78	14856	82	6666	84	3981	89	5285	91	2608	95	2590	104	7311	108	3772	115	1818	125	1894	
972	62	19506	69	10233	73	8296	75	5598	77	5756	79	14706	83	6663	85	4043	90	5224	92	2673	96	2550	105	7371	109	3626	116	1897	126	1858	
973	63	19552	70	10147	74	8276	76	5806	78	5762	80	14705	84	6507	86	3937	91	5207	93	2630	97	2598	106	7344	110	3834	117	1857	127	1838	
974	64	19577	71	10164	75	8347	77	5671	79	5698	81	14686	85	6617	87	3944	92	5294	94	2579	98	2566	107	7563	111	3712	118	1794	128	1788	
975	65	19624	72	10072	76	8312	78	5714	80	5667	82	14447	86	6677	88	4099	93	5212	95	2680	99	2575	108	7407	112	3735	119	1894	129	1885	
976	66	19537	73	10290	77	8392	79	5657	81	5665	83	14700	87	6607	89	4046	94	5134	96	2575	100	2562	109	7466	113	3676	120	1803	130	1890	
977	67	19621	74	10236	78	8347	80	5698	82	5708	84	14638	88	6702	90	3956	95	5272	97	2574	101	2603	110	7304	114	3636	121	1805	131	1900	
978	68	19786	75	10212	79	8214	81	5808	83	5665	85	14583	89	6694	91	3920	96	5117	98	2620	102	2593	111	7390	115	3650	122	1884	132	1864	
979	69	19592	76	10220	80	8317	82	5754	84	5698	86	14582	90	6654	92	3901	97	5278	99	2638	103	2629	112	7433	116	3613	123	1827	133	1864	
980	70	19607	77	10170	81	8373	83	5751	85	5578	87	14722	91	6630	93	3996	98	5209	100	2579	104	2650	113	7303	117	3693	124	1833	134	1906	
981	71	19478	78	10188	82	8274	84	5686	86	5686	88	14740	92	6423	94	4124	99	5220	101	2647	105	2621	114	7465	118	3718	125	1825	135	1905	
982	72	19587	79	10123	83	8250	85	5756	87	5725	89	14784	93	6493	95	3982	100	5296	102	2554	106	2656	115	7527	119	3582	126	1836	136	1849	
983	73	19654	80	10200	84	8348	86	5654	88	5746	90	14528	94	6578	96	4032	101	5245	103	2593	107	2533	116	7491	120	3694	127	1828	137	1876	
984	74	19562	81	10410	85	8233	87	5633	89	5705	91	14730	95	6560	97	4038	102	5122	104	2575	108	2609	117	7478	121	3691	128	1782	138	1872	
985	75	19544	82	10217	86	8339	88	5757	90	5820	92	14569	96	6492	98	3919	103	5372	105	2689	109	2637	118	7371	122	3735	129	1802	139	1737	
986	76	19605	83	10183	87	8179	89	5723	91	5726	93	14733	97	6594	99	4050	104	5059	106	2628	110	2664	119	7417	123	3703	130	1889	140	1847	
987	77	19749	84	10172	88	8268	90	5755	92	5664	94	14710	98	6466	100	3893	105	5250	107	2614	111	2629	120	7467	124	3642	131	1885	141	1836	
988	78	19708	85	10340	89	8168	91	5728	93	5677	95	14824	99	6563	101	3933	106	5147	108	2553	112	2692	121	7315	125	3704	132	1808	142	1840	
989	79	19811	86	10284	90	8281	92	5642	94	5745	96	14683	100	6617	102	3974	107	5184	109	2555	113	2589	122	7296	126	3594	133	1864	143	1881	
990	80	19647	87	10147	91	8320	93	5566	95	5632	97	14752	101	6595	103	4030	108	5119	110	2588	114	2654	123	7489	127	3717	134	1876	144	1868	
991	81	19609	88	10179	92	8255	94	5716	96	5584	98	14834	102	6634	104	4029	109	5175	111	2653	115	2573	124	7457	128	3627	135	1863	145	1812	
992	82	19767	89	10025	93	8131	95	5706	97	5785	99	14742	103	6612	105	3923	110	5192	112	2736	116	2589	125	7384	129	3629	136	1921	146	1858	
993	83	19685	90	10241	94	8303	96	5698	98	5840	100	14673	104	6520	106	3957	111	5241	113	2517	117	2584	126	7330	130	3756	137	1826	147	1829	
994	84	19984	91	10139	95	8247	97	5648	99	5660	101	14791	105	6617	107	3985	112	5202	114	2581	118	2598	127	7372	131	3570	138	1799	148	1807	
995	85	19673	92	10226	96	8353	98	5692	100	5743	102	14648	106	6614	108	3872	113	5230	115	2590	119	2613	128	7337	132	3691	139	1861	149	1857	
996	86	19733	93	10138	97	8373	99	5651	101	5804	103	14369	107	6755	109	4054	114	5135	116	2656	120	2629	129	7451	133	3607	140	1845	150	1800	
997	87	19691	94	10171	98	8272	100	5725	102	5814	104	14716	108	6618	110	3935	115	5102	117	2677	121	2532	130	7466	134	3629	141	1842	151	1810	
998	88	19608	95	10275	99	8307	101	5733	103	5621	105	14576	109	6670	111	3957	116	5198	118	2588	122	2574	131	7472	135	3719	142	1920	152	1782	
999	89	19649	96	10040	100	8351	102	5698	104	5696	106	14689	110	6643	112	3973	117	5284	119	2621	123	2627	132	7432	136	3651	143	1824	153	1822	
1000	90	19703	97	10046	101	8262	103	5560	105	5711	107	14674	111	6581	113	4078	118	5158	120	2655	124	2631	133	7531	137	3754	144	1836	154	1820	
