530
358
549
447
677
576
524
455
560
423
594
459
567
425
572
436
432
583
567
436
441
467
637
580
459
469
413
471
603
633
529
441
473
456
469
400
537
448
604
671
632
449
460
492
591
561
534
374
626
387
367
525
572
476
597
641
599
516
441
571
432
548
435
578
430
525
467
469
533
577
429
536
400
611
585
446
428
478
459
560
514
494
483
568
389
394
578
608
391
527
615
581
312
423
505
481
410
576
423
548
459
516
658
446
545
592
547
643
562
607
562
480
429
682
475
569
571
461
561
555
483
597
487
455
446
561
566
648
430
628
559
394
514
586
523
496
534
604
604
595
521
595
589
625
572
619
531
583
576
489
583
405
599
483
615
562
323
631
591
477
417
630
432
500
540
625
376
591
369
585
596
579
488
485
599
494
481
561
548
552
621
663
526
606
550
601
558
560
603
463
571
457
389
610
406
309
630
561
552
417
562
420
482
587
418
452
559
461
405
493
479
401
411
600
565
531
596
546
625
524
585
392
525
307
545
400
616
594
583
551
562
468
557
496
577
566
597
471
549
450
511
617
630
495
560
531
562
455
569
543
611
606
602
561
610
562
562
580
568
447
473
576
462
485
362
547
646
369
321
576
430
485
605
430
591
615
582
482
548
420
598
310
576
299
533
458
471
421
271
554
551
412
565
427
475
587
582
617
355
567
573
619
516
610
452
474
320
623
549
390
359
578
426
482
553
593
411
553
558
458
602
481
560
622
584
482
427
534
606
352
487
484
446
568
617
574
584
530
539
461
578
440
376
491
623
409
576
658
499
609
468
637
413
393
324
521
536
607
555
546
475
495
476
534
625
553
496
604
595
552
572
631
533
557
544
551
615
533
592
623
436
487
549
421
525
563
405
544
558
377
599
590
427
420
430
593
514
473
571
554
557
603
659
554
500
588
543
680
483
439
412
531
570
346
416
463
562
579
563
442
499
477
465
466
395
530
330
469
623
580
566
456
591
560
555
431
523
559
585
605
328
381
427
606
405
655
440
553
589
476
614
395
441
430
564
465
633
471
562
663
533
596
579
597
621
564
534
585
606
562
559
597
458
433
584
527
516
561
420
609
621
564
457
616
532
470
575
606
447
559
459
589
579
270
522
592
443
645
460
572
590
595
471
611
584
529
535
524
576
484
557
500
588
509
551
547
529
467
533
562
490
572
519
577
488
496
497
575
470
447
600
656
550
456
507
438
542
572
559
488
561
553
567
541
549
552
598
517
405
681
536
533
374
555
458
546
545
467
646
595
541
342
675
513
618
412
494
533
488
500
546
492
428
558
444
547
549
552
584
418
386
454
488
447
551
459
547
606
459
574
492
394
581
539
458
430
630
493
569
420
563
575
571
547
484
441
577
457
423
498
583
469
523
563
473
519
561
622
586
676
619
490
490
672
451
402
361
429
462
580
585
541
610
540
484
586
563
611
617
537
565
313
570
557
588
589
538
607
405
681
433
280
490
592
553
539
599
412
551
529
617
606
609
491
573
406
492
516
663
661
554
554
656
477
601
560
577
486
545
425
462
643
591
632
532
542
605
474
539
653
481
626
527
621
529
492
468
487
554
455
522
665
491
547
529
555
320
542
494
555
523
470
593
611
448
615
581
605
630
602
529
500
580
505
483
562
630
473
344
567
524
435
455
587
705
573
447
462
573
434
572
637
559
517
667
428
668
593
487
404
634
585
606
415
584
569
658
583
590
510
599
557
603
465
392
483
623
596
474
610
565
403
473
567
486
479
692
572
675
414
421
527
475
559
603
562
459
498
373
540
509
483
527
552
474
455
432
340
500
589
364
472
584
384
591
550
580
543
632
567
565
517
564
631
556
547
469
555
571
447
567
457
496
612
445
505
573
601
474
556
596
451
364
463
569
609
566
633
634
378
571
514
539
453
582
404
558
457
620
563
674
605
550
572
530
412
480
595
588
352
388
354
560
628
450
542
382
559
598
447
477
535
423
432
484
604
542
500
497
382
554
489
682
547
462
558
542
595
629
399
613
579
589
408
465
574
395
393
657
430
383
575
588
530
647
643
564
673
278
583
341
495
574
587
492
381
668
599
516
630
602
571
418
577
616
521
434
574
402
588
630
486
404
466
606
615
551
543
420
461
610
563
630
469
514
568
602
429
557
571
560
261
428
538
396
569
566
524
411
458
528
639
367
354
465
574
443
457
587
476
489
375
578
431
481
644
547
560
609
641
562
539
596
618
454
351
422
596
518
639
446
613
595
442
552
553
569
585
465
477
