m	d	v
1	1	100000
1	2	100000
1	3	100000
1	4	66663
1	5	100000
1	6	40020
1	7	100000
1	8	57177
1	9	74992
1	10	44375
1	11	100000
1	12	36200
1	13	100000
1	14	45983
1	15	57186
1	16	53218
1	17	100000
1	18	35095
1	19	100000
1	20	42061
1	21	59932
1	22	47813
1	23	100000
1	24	34875
1	25	83474
1	26	48241
1	27	69290
1	28	44509
1	29	100000
1	30	27539
1	31	100000
1	32	51978
1	33	62605
1	34	48719
1	35	64734
1	36	28522
1	37	88784
1	38	48729
1	39	47313
1	40	41166
1	41	95049
1	42	9822
1	43	76231
1	44	23205
1	45	36322
1	46	22237
1	47	82460
1	48	21218
1	49	53953
1	50	24545
1	51	31802
1	52	23654
1	53	30761
1	54	7438
1	55	40597
1	56	18316
1	57	21508
1	58	20915
1	59	24089
1	60	6703
1	61	20206
1	62	13049
1	63	1629
1	64	6351
1	65	20600
1	66	6145
1	67	16639
1	68	3040
1	69	10308
1	70	2839
1	71	4259
1	72	2823
1	73	12479
1	74	0
1	75	12157
1	76	2687
1	77	6582
1	78	0
1	79	5125
1	80	6343
1	81	6263
1	82	2563
1	83	6197
1	84	2354
1	85	2369
1	86	0
1	87	5737
1	88	2302
1	89	3308
1	90	2246
1	91	5574
1	92	0
1	93	0
1	94	2160
1	95	2124
1	96	2230
1	97	2034
1	98	0
1	99	0
1	100	0
1	101	2065
1	102	0
1	103	1934
1	104	0
1	105	0
1	106	3762
1	107	1929
1	108	0
1	109	0
1	110	1847
1	111	0
1	112	0
1	113	1790
1	114	0
1	115	0
1	116	0
1	117	0
1	118	3440
1	119	0
1	120	0
1	121	0
1	122	0
1	123	1507
1	124	0
1	125	0
1	126	0
1	127	0
1	128	0
1	129	0
1	130	0
1	131	0
1	132	0
1	133	0
1	134	3077
1	135	0
1	136	1459
1	137	1369
1	138	2939
1	139	0
1	140	0
1	141	0
1	142	0
1	143	1363
1	144	0
1	145	1403
1	146	0
1	147	0
1	148	0
1	149	0
1	150	0
1	151	0
1	152	0
1	153	0
1	154	1246
1	155	1266
1	156	0
1	157	0
1	158	0
1	159	0
1	160	0
1	161	0
1	162	0
1	163	0
1	164	0
1	165	0
1	166	0
1	167	1223
1	168	0
1	169	1209
1	170	0
1	171	0
1	172	0
1	173	0
1	174	0
1	175	0
1	176	0
1	177	0
1	178	0
1	179	0
1	180	0
1	181	0
1	182	1084
1	183	0
1	184	1129
1	185	0
1	186	0
1	187	0
1	188	0
1	189	0
1	190	0
1	191	0
1	192	0
1	193	0
1	194	0
1	195	0
1	196	0
1	197	0
1	198	0
1	199	0
1	200	0
1	201	964
1	202	0
1	203	0
1	204	0
1	205	0
1	206	0
1	207	0
1	208	0
1	209	0
1	210	0
1	211	0
1	212	0
1	213	0
1	214	0
1	215	0
1	216	0
1	217	0
1	218	0
1	219	0
1	220	0
1	221	0
1	222	0
1	223	893
1	224	0
1	225	0
1	226	0
1	227	0
1	228	0
1	229	0
1	230	0
1	231	0
1	232	0
1	233	0
1	234	0
1	235	0
1	236	0
1	237	0
1	238	0
1	239	0
1	240	0
1	241	0
1	242	0
1	243	0
1	244	0
1	245	0
1	246	0
1	247	0
1	248	0
1	249	0
1	250	0
1	251	0
1	252	0
1	253	0
1	254	0
1	255	0
1	256	0
1	257	0
1	258	0
1	259	0
1	260	0
1	261	0
1	262	0
1	263	0
1	264	0
1	265	0
1	266	0
1	267	0
1	268	0
1	269	0
1	270	0
1	271	0
1	272	0
1	273	0
1	274	0
1	275	0
1	276	0
1	277	0
1	278	0
1	279	0
1	280	0
1	281	0
1	282	0
1	283	0
1	284	0
1	285	0
1	286	693
1	287	687
1	288	0
1	289	0
1	290	0
1	291	0
1	292	0
1	293	0
1	294	0
1	295	0
1	296	0
1	297	0
1	298	0
1	299	0
1	300	0
1	301	0
1	302	0
1	303	0
1	304	0
1	305	0
1	306	0
1	307	0
1	308	0
1	309	0
1	310	0
1	311	0
1	312	0
1	313	0
1	314	0
1	315	0
1	316	0
1	317	0
1	318	0
1	319	0
1	320	0
1	321	0
1	322	0
1	323	0
1	324	0
1	325	0
1	326	0
1	327	0
1	328	0
1	329	0
1	330	0
1	331	0
1	332	0
1	333	0
1	334	0
1	335	582
1	336	0
1	337	0
1	338	0
1	339	0
1	340	0
1	341	0
1	342	0
1	343	0
1	344	0
1	345	0
1	346	0
1	347	0
1	348	0
1	349	0
1	350	0
1	351	0
1	352	0
1	353	0
1	354	0
1	355	0
1	356	0
1	357	0
1	358	0
1	359	0
1	360	0
1	361	0
1	362	0
1	363	0
1	364	0
1	365	0
1	366	0
1	367	0
1	368	0
1	369	0
1	370	0
1	371	0
1	372	0
1	373	0
1	374	0
1	375	0
1	376	0
1	377	0
1	378	0
1	379	0
1	380	0
1	381	0
1	382	0
1	383	0
1	384	0
1	385	0
1	386	0
1	387	0
1	388	0
1	389	0
1	390	0
1	391	0
1	392	0
1	393	0
1	394	0
1	395	0
1	396	0
1	397	0
1	398	0
1	399	0
1	400	260
1	401	272
1	402	0
1	403	0
1	404	0
1	405	0
1	406	0
1	407	0
1	408	0
1	409	0
1	410	0
1	411	0
1	412	0
1	413	0
1	414	0
1	415	0
1	416	0
1	417	0
1	418	0
1	419	0
1	420	0
1	421	0
1	422	0
1	423	0
1	424	0
1	425	0
1	426	0
1	427	0
1	428	0
1	429	0
1	430	0
1	431	0
1	432	0
1	433	0
1	434	0
1	435	0
1	436	0
1	437	0
1	438	0
1	439	0
1	440	0
1	441	0
1	442	0
1	443	0
1	444	0
1	445	0
1	446	0
1	447	0
1	448	0
1	449	0
1	450	0
1	451	0
1	452	0
1	453	0
1	454	0
1	455	0
1	456	0
1	457	0
1	458	0
1	459	0
1	460	0
1	461	0
1	462	0
1	463	0
1	464	0
1	465	0
1	466	0
1	467	0
1	468	0
1	469	0
1	470	0
1	471	0
1	472	0
1	473	0
1	474	0
1	475	0
1	476	0
1	477	0
1	478	0
1	479	0
1	480	0
1	481	0
1	482	0
1	483	0
1	484	0
1	485	0
1	486	0
1	487	0
1	488	0
1	489	0
1	490	0
1	491	0
1	492	0
1	493	0
1	494	0
1	495	0
1	496	0
1	497	0
1	498	0
1	499	0
1	500	0
1	501	0
1	502	0
1	503	0
1	504	0
1	505	0
1	506	0
1	507	0
1	508	0
1	509	0
1	510	0
1	511	0
1	512	0
1	513	0
1	514	0
1	515	0
1	516	0
1	517	0
1	518	0
1	519	0
1	520	0
1	521	0
1	522	0
1	523	0
1	524	0
1	525	0
1	526	0
1	527	0
1	528	0
1	529	0
1	530	0
1	531	0
1	532	0
1	533	0
1	534	0
1	535	0
1	536	0
1	537	0
1	538	0
1	539	0
1	540	0
1	541	0
1	542	0
1	543	0
1	544	0
1	545	0
1	546	0
1	547	0
1	548	0
1	549	0
1	550	0
1	551	0
1	552	0
1	553	0
1	554	0
1	555	0
1	556	0
1	557	0
1	558	0
1	559	0
1	560	0
1	561	0
1	562	0
1	563	0
1	564	0
1	565	0
1	566	0
1	567	0
1	568	0
1	569	0
1	570	0
1	571	0
1	572	0
1	573	0
1	574	0
1	575	0
1	576	0
1	577	0
1	578	0
1	579	0
1	580	0
1	581	0
1	582	0
1	583	0
1	584	0
1	585	0
1	586	0
1	587	0
1	588	0
1	589	0
1	590	0
1	591	0
1	592	0
1	593	0
1	594	0
1	595	0
1	596	0
1	597	0
1	598	0
1	599	0
1	600	0
1	601	0
1	602	0
1	603	0
1	604	0
1	605	0
1	606	0
1	607	0
1	608	0
1	609	0
1	610	0
1	611	0
1	612	0
1	613	0
1	614	0
1	615	0
1	616	0
1	617	0
1	618	0
1	619	0
1	620	0
1	621	0
1	622	0
1	623	0
1	624	0
1	625	0
1	626	0
1	627	0
1	628	0
1	629	0
1	630	0
1	631	0
1	632	0
1	633	0
1	634	0
1	635	0
1	636	0
1	637	0
1	638	0
1	639	0
1	640	0
1	641	0
1	642	0
1	643	0
1	644	0
1	645	0
1	646	0
1	647	0
1	648	0
1	649	0
1	650	0
1	651	0
1	652	0
1	653	0
1	654	0
1	655	0
1	656	0
1	657	0
1	658	0
1	659	0
1	660	0
1	661	0
1	662	0
1	663	0
1	664	0
1	665	0
1	666	0
1	667	279
1	668	0
1	669	0
1	670	0
1	671	0
1	672	0
1	673	0
1	674	0
1	675	0
1	676	0
1	677	0
1	678	0
1	679	0
1	680	0
1	681	0
1	682	0
1	683	0
1	684	0
1	685	0
1	686	0
1	687	0
1	688	0
1	689	0
1	690	0
1	691	0
1	692	0
1	693	0
1	694	0
1	695	0
1	696	0
1	697	0
1	698	0
1	699	0
1	700	0
1	701	0
1	702	0
1	703	0
1	704	0
1	705	0
1	706	0
1	707	0
1	708	0
1	709	0
1	710	0
1	711	0
1	712	0
1	713	0
1	714	0
1	715	0
1	716	0
1	717	0
1	718	0
1	719	0
1	720	0
1	721	0
1	722	0
1	723	0
1	724	0
1	725	0
1	726	0
1	727	0
1	728	0
1	729	0
1	730	0
1	731	0
1	732	0
1	733	0
1	734	0
1	735	0
1	736	0
1	737	0
1	738	0
1	739	0
1	740	0
1	741	0
1	742	0
1	743	0
1	744	0
1	745	0
1	746	0
1	747	0
1	748	0
1	749	0
1	750	0
1	751	0
1	752	0
1	753	0
1	754	0
1	755	0
1	756	0
1	757	0
1	758	0
1	759	0
1	760	0
1	761	0
1	762	0
1	763	0
1	764	0
1	765	0
1	766	0
1	767	0
1	768	0
1	769	0
1	770	0
1	771	0
1	772	0
1	773	0
1	774	0
1	775	0
1	776	0
1	777	0
1	778	0
1	779	0
1	780	0
1	781	0
1	782	0
1	783	0
1	784	0
1	785	0
1	786	0
1	787	0
1	788	0
1	789	0
1	790	0
1	791	0
1	792	0
1	793	0
1	794	0
1	795	0
1	796	0
1	797	0
1	798	0
1	799	0
1	800	0
1	801	0
1	802	0
1	803	0
1	804	0
1	805	0
1	806	0
1	807	0
1	808	0
1	809	0
1	810	0
1	811	0
1	812	0
1	813	0
1	814	0
1	815	0
1	816	0
1	817	0
1	818	0
1	819	0
1	820	0
1	821	0
1	822	0
1	823	0
1	824	0
1	825	0
1	826	0
1	827	0
1	828	0
1	829	0
1	830	0
1	831	0
1	832	0
1	833	0
1	834	0
1	835	0
1	836	0
1	837	0
1	838	0
1	839	0
1	840	0
1	841	0
1	842	0
1	843	0
1	844	0
1	845	0
1	846	0
1	847	0
1	848	0
1	849	0
1	850	0
1	851	0
1	852	0
1	853	0
1	854	0
1	855	0
1	856	0
1	857	0
1	858	0
1	859	0
1	860	0
1	861	0
1	862	0
1	863	0
1	864	0
1	865	0
1	866	0
1	867	0
1	868	0
1	869	0
1	870	0
1	871	0
1	872	0
1	873	0
1	874	0
1	875	0
1	876	0
1	877	0
1	878	0
1	879	0
1	880	0
1	881	0
1	882	0
1	883	0
1	884	0
1	885	0
1	886	0
1	887	0
1	888	0
1	889	0
1	890	0
1	891	0
1	892	0
1	893	0
1	894	0
1	895	0
1	896	0
1	897	0
1	898	0
1	899	0
1	900	0
1	901	0
1	902	0
1	903	0
1	904	0
1	905	0
1	906	0
1	907	0
1	908	0
1	909	0
1	910	0
1	911	0
1	912	0
1	913	0
1	914	0
1	915	0
1	916	0
1	917	0
1	918	0
1	919	0
1	920	0
1	921	0
1	922	0
1	923	0
1	924	0
1	925	0
1	926	0
1	927	0
1	928	0
1	929	0
1	930	0
1	931	0
1	932	0
1	933	0
1	934	0
1	935	0
1	936	0
1	937	0
1	938	0
1	939	0
1	940	0
1	941	0
1	942	0
1	943	0
1	944	0
1	945	0
1	946	0
1	947	0
1	948	0
1	949	0
1	950	0
1	951	0
1	952	0
1	953	0
1	954	0
1	955	0
1	956	0
1	957	0
1	958	0
1	959	0
1	960	0
1	961	0
1	962	0
1	963	0
1	964	0
1	965	0
1	966	0
1	967	0
1	968	0
1	969	0
1	970	0
1	971	0
1	972	0
1	973	0
1	974	0
1	975	0
1	976	0
1	977	0
1	978	0
1	979	0
1	980	0
1	981	0
1	982	0
1	983	0
1	984	0
1	985	0
1	986	0
1	987	0
1	988	0
1	989	0
1	990	0
1	991	0
1	992	0
1	993	0
1	994	0
1	995	0
1	996	0
1	997	0
1	998	0
1	999	0
1	1000	0
2	1	100000
2	2	100000
2	3	100000
2	4	100000
2	5	100000
2	6	89925
2	7	100000
2	8	85954
2	9	96475
2	10	83464
2	11	100000
2	12	76387
2	13	100000
2	14	80722
2	15	92296
2	16	79739
2	17	100000
2	18	72772
2	19	100000
2	20	77166
2	21	91696
2	22	78543
2	23	100000
2	24	71263
2	25	97867
2	26	78168
2	27	91386
2	28	77010
2	29	100000
2	30	68100
2	31	100000
2	32	77314
2	33	90710
2	34	77273
2	35	96042
2	36	69732
2	37	99663
2	38	77113
2	39	89949
2	40	74690
2	41	99862
2	42	67546
2	43	99404
2	44	75720
2	45	87163
2	46	76185
2	47	99605
2	48	68356
2	49	97878
2	50	73486
2	51	89031
2	52	75699
2	53	97774
2	54	66825
2	55	95904
2	56	73817
2	57	88265
2	58	74790
2	59	97788
2	60	64494
2	61	97647
2	62	73670
2	63	85607
2	64	72726
2	65	93903
2	66	65147
2	67	95713
2	68	72331
2	69	85234
2	70	68458
2	71	95051
2	72	63547
2	73	95684
2	74	67707
2	75	84614
2	76	70752
2	77	92757
2	78	62215
2	79	92138
2	80	66347
2	81	83696
2	82	68258
2	83	91217
2	84	60390
2	85	84308
2	86	67442
2	87	81839
2	88	67842
2	89	89583
2	90	58003
2	91	89545
2	92	62326
2	93	76282
2	94	64875
2	95	79725
2	96	58398
2	97	85367
2	98	61749
2	99	75530
2	100	61707
2	101	81762
2	102	52861
2	103	80249
2	104	56841
2	105	64492
2	106	58440
2	107	80284
2	108	51327
2	109	74643
2	110	57156
2	111	66161
2	112	50626
2	113	76024
2	114	48883
2	115	65926
2	116	50541
2	117	61613
2	118	54965
2	119	71429
2	120	44008
2	121	67052
2	122	49632
2	123	59122
2	124	48070
2	125	61728
2	126	39673
2	127	59530
2	128	43574
2	129	47434
2	130	44799
2	131	53174
2	132	34816
2	133	52417
2	134	43505
2	135	44208
2	136	42068
2	137	55944
2	138	39812
2	139	49075
2	140	35222
2	141	42076
2	142	35283
2	143	48767
2	144	29684
2	145	38916
2	146	33324
2	147	39283
2	148	29077
2	149	42338
2	150	24323
2	151	40718
2	152	30116
2	153	34635
2	154	32228
2	155	35546
2	156	23306
2	157	35501
2	158	28321
2	159	27134
2	160	19561
2	161	29346
2	162	19389
2	163	27121
2	164	22075
2	165	20448
2	166	22593
2	167	25260
2	168	15565
2	169	25117
2	170	15375
2	171	18885
2	172	14935
2	173	20941
2	174	13139
2	175	19467
2	176	14019
2	177	17802
2	178	10860
2	179	18232
2	180	10641
2	181	16528
2	182	13546
2	183	14855
2	184	12835
2	185	14450
2	186	8749
2	187	14927
2	188	8295
2	189	10019
2	190	9755
2	191	10498
2	192	6099
2	193	11078
2	194	6801
2	195	7840
2	196	6500
2	197	7634
2	198	5604
2	199	8043
2	200	514
2	201	8167
2	202	4943
2	203	7437
2	204	4098
2	205	6496
2	206	3634
2	207	6168
2	208	3825
2	209	5331
2	210	3235
2	211	4734
2	212	3049
2	213	3534
2	214	3203
2	215	3281
2	216	2833
2	217	3587
2	218	2904
2	219	2783
2	220	2124
2	221	1739
2	222	1239
2	223	4358
2	224	3216
2	225	3082
2	226	2240
2	227	2061
2	228	1917
2	229	2100
2	230	1630
2	231	1490
2	232	1575
2	233	1190
2	234	1166
2	235	1336
2	236	1409
2	237	1280
2	238	1159
2	239	1098
2	240	927
2	241	1033
2	242	741
2	243	817
2	244	868
2	245	863
2	246	771
2	247	625
2	248	625
2	249	658
2	250	0
2	251	745
2	252	572
2	253	724
2	254	503
2	255	740
2	256	527
2	257	966
2	258	551
2	259	826
2	260	640
2	261	821
2	262	616
2	263	772
2	264	518
2	265	819
2	266	548
2	267	885
2	268	555
2	269	886
2	270	536
2	271	980
2	272	530
2	273	783
2	274	555
2	275	689
2	276	457
2	277	578
2	278	376
2	279	633
2	280	355
2	281	623
2	282	329
2	283	499
2	284	144
2	285	488
2	286	1743
2	287	2992
2	288	1052
2	289	930
2	290	1830
2	291	642
2	292	390
2	293	1391
2	294	333
2	295	509
2	296	673
2	297	465
2	298	385
2	299	722
2	300	161
2	301	378
2	302	569
2	303	334
2	304	271
2	305	349
2	306	338
2	307	278
2	308	454
2	309	353
2	310	291
2	311	304
2	312	259
2	313	257
2	314	227
2	315	283
2	316	277
2	317	315
2	318	287
2	319	213
2	320	169
2	321	292
2	322	173
2	323	250
2	324	162
2	325	162
2	326	175
2	327	142
2	328	146
2	329	103
2	330	95
2	331	89
2	332	36
2	333	47
2	334	51
2	335	1299
2	336	36
2	337	845
2	338	81
2	339	713
2	340	129
2	341	425
2	342	124
2	343	286
2	344	102
2	345	196
2	346	114
2	347	268
2	348	129
2	349	190
2	350	130
2	351	134
2	352	63
2	353	193
2	354	157
2	355	150
2	356	87
2	357	123
2	358	88
2	359	127
2	360	119
2	361	119
2	362	88
2	363	43
2	364	103
2	365	115
2	366	40
2	367	53
2	368	40
2	369	49
2	370	24
2	371	32
2	372	10
2	373	22
2	374	8
2	375	0
2	376	4
2	377	0
2	378	0
2	379	9
2	380	10
2	381	18
2	382	6
2	383	0
2	384	0
2	385	22
2	386	0
2	387	0
2	388	2
2	389	17
2	390	6
2	391	4
2	392	9
2	393	8
2	394	0
2	395	0
2	396	0
2	397	0
2	398	0
2	399	0
2	400	633
2	401	810
2	402	500
2	403	293
2	404	137
2	405	61
2	406	32
2	407	23
2	408	12
2	409	18
2	410	6
2	411	16
2	412	6
2	413	21
2	414	10
2	415	0
2	416	5
2	417	0
2	418	4
2	419	6
2	420	0
2	421	0
2	422	13
2	423	0
2	424	0
2	425	5
2	426	4
2	427	0
2	428	0
2	429	3
2	430	0
2	431	0
2	432	0
2	433	2
2	434	0
2	435	7
2	436	0
2	437	5
2	438	0
2	439	0
2	440	0
2	441	0
2	442	0
2	443	0
2	444	0
2	445	13
2	446	12
2	447	0
2	448	0
2	449	0
2	450	0
2	451	0
2	452	0
2	453	0
2	454	0
2	455	4
2	456	0
2	457	0
2	458	0
2	459	0
2	460	0
2	461	0
2	462	12
2	463	0
2	464	0
2	465	0
2	466	0
2	467	0
2	468	0
2	469	0
2	470	0
2	471	1
2	472	0
2	473	0
2	474	0
2	475	0
2	476	0
2	477	4
2	478	0
2	479	0
2	480	0
2	481	0
2	482	0
2	483	0
2	484	0
2	485	0
2	486	0
2	487	0
2	488	0
2	489	0
2	490	0
2	491	0
2	492	0
2	493	0
2	494	0
2	495	0
2	496	0
2	497	0
2	498	0
2	499	0
2	500	0
2	501	2
2	502	6
2	503	8
2	504	7
2	505	7
2	506	17
2	507	19
2	508	23
2	509	15
2	510	20
2	511	37
2	512	33
2	513	29
2	514	30
2	515	30
2	516	34
2	517	41
2	518	32
2	519	45
2	520	27
2	521	37
2	522	51
2	523	41
2	524	43
2	525	42
2	526	36
2	527	60
2	528	41
2	529	39
2	530	37
2	531	34
2	532	17
2	533	33
2	534	43
2	535	14
2	536	39
2	537	19
2	538	34
2	539	17
2	540	5
2	541	12
2	542	17
2	543	9
2	544	2
2	545	4
2	546	14
2	547	0
2	548	31
2	549	0
2	550	7
2	551	6
2	552	5
2	553	7
2	554	2
2	555	2
2	556	0
2	557	11
2	558	9
2	559	0
2	560	0
2	561	3
2	562	1
2	563	3
2	564	8
2	565	0
2	566	0
2	567	0
2	568	0
2	569	0
2	570	0
2	571	0
2	572	10
2	573	0
2	574	6
2	575	0
2	576	0
2	577	0
2	578	0
2	579	0
2	580	0
2	581	0
2	582	0
2	583	0
2	584	0
2	585	0
2	586	0
2	587	0
2	588	0
2	589	2
2	590	2
2	591	0
2	592	0
2	593	0
2	594	0
2	595	0
2	596	0
2	597	0
2	598	0
2	599	0
2	600	0
2	601	1
2	602	9
2	603	0
2	604	0
2	605	0
2	606	0
2	607	0
2	608	0
2	609	0
2	610	0
2	611	0
2	612	0
2	613	0
2	614	0
2	615	0
2	616	3
2	617	2
2	618	0
2	619	0
2	620	0
2	621	0
2	622	0
2	623	0
2	624	0
2	625	0
2	626	0
2	627	0
2	628	0
2	629	0
2	630	0
2	631	0
2	632	0
2	633	0
2	634	0
2	635	0
2	636	0
2	637	0
2	638	0
2	639	0
2	640	0
2	641	0
2	642	0
2	643	0
2	644	0
2	645	0
2	646	0
2	647	0
2	648	0
2	649	0
2	650	0
2	651	0
2	652	0
2	653	0
2	654	0
2	655	0
2	656	0
2	657	0
2	658	0
2	659	0
2	660	0
2	661	0
2	662	0
2	663	0
2	664	0
2	665	0
2	666	0
2	667	600
2	668	146
2	669	55
2	670	26
2	671	13
2	672	7
2	673	3
2	674	4
2	675	5
2	676	1
2	677	4
2	678	0
2	679	0
2	680	2
2	681	2
2	682	0
2	683	0
2	684	0
2	685	0
2	686	2
2	687	0
2	688	0
2	689	0
2	690	2
2	691	0
2	692	0
2	693	0
2	694	0
2	695	0
2	696	3
2	697	0
2	698	0
2	699	0
2	700	0
2	701	0
2	702	0
2	703	0
2	704	0
2	705	0
2	706	1
2	707	0
2	708	0
2	709	0
2	710	0
2	711	0
2	712	0
2	713	0
2	714	0
2	715	0
2	716	0
2	717	0
2	718	0
2	719	0
2	720	0
2	721	0
2	722	0
2	723	0
2	724	0
2	725	0
2	726	0
2	727	0
2	728	2
2	729	0
2	730	0
2	731	0
2	732	0
2	733	0
2	734	0
2	735	0
2	736	0
2	737	0
2	738	0
2	739	0
2	740	0
2	741	0
2	742	0
2	743	0
2	744	0
2	745	0
2	746	0
2	747	0
2	748	0
2	749	0
2	750	0
2	751	0
2	752	0
2	753	0
2	754	0
2	755	0
2	756	0
2	757	0
2	758	0
2	759	0
2	760	0
2	761	0
2	762	0
2	763	0
2	764	0
2	765	0
2	766	0
2	767	0
2	768	0
2	769	0
2	770	0
2	771	0
2	772	0
2	773	0
2	774	0
2	775	0
2	776	0
2	777	0
2	778	0
2	779	0
2	780	0
2	781	0
2	782	0
2	783	0
2	784	0
2	785	0
2	786	0
2	787	0
2	788	0
2	789	0
2	790	0
2	791	0
2	792	0
2	793	0
2	794	0
2	795	0
2	796	0
2	797	0
2	798	0
2	799	0
2	800	0
2	801	1
2	802	0
2	803	0
2	804	0
2	805	0
2	806	0
2	807	0
2	808	0
2	809	0
2	810	0
2	811	0
2	812	0
2	813	0
2	814	0
2	815	0
2	816	0
2	817	0
2	818	0
2	819	0
2	820	0
2	821	0
2	822	0
2	823	0
2	824	0
2	825	0
2	826	0
2	827	0
2	828	0
2	829	0
2	830	0
2	831	0
2	832	0
2	833	0
2	834	0
2	835	0
2	836	0
2	837	0
2	838	0
2	839	0
2	840	0
2	841	0
2	842	0
2	843	0
2	844	0
2	845	0
2	846	0
2	847	0
2	848	0
2	849	0
2	850	0
2	851	0
2	852	0
2	853	0
2	854	0
2	855	0
2	856	0
2	857	0
2	858	0
2	859	0
2	860	0
2	861	0
2	862	0
2	863	0
2	864	0
2	865	0
2	866	0
2	867	0
2	868	0
2	869	0
2	870	0
2	871	0
2	872	0
2	873	0
2	874	0
2	875	0
2	876	0
2	877	0
2	878	0
2	879	0
2	880	0
2	881	0
2	882	0
2	883	0
2	884	0
2	885	0
2	886	0
2	887	0
2	888	0
2	889	0
2	890	0
2	891	0
2	892	0
2	893	0
2	894	0
2	895	0
2	896	0
2	897	0
2	898	0
2	899	0
2	900	0
2	901	0
2	902	0
2	903	0
2	904	0
2	905	0
2	906	0
2	907	0
2	908	0
2	909	0
2	910	0
2	911	0
2	912	0
2	913	0
2	914	0
2	915	0
2	916	0
2	917	0
2	918	0
2	919	0
2	920	0
2	921	0
2	922	0
2	923	0
2	924	0
2	925	0
2	926	0
2	927	0
2	928	0
2	929	0
2	930	0
2	931	0
2	932	0
2	933	0
2	934	0
2	935	0
2	936	0
2	937	0
2	938	0
2	939	0
2	940	0
2	941	0
2	942	0
2	943	0
2	944	0
2	945	0
2	946	0
2	947	0
2	948	0
2	949	0
2	950	0
2	951	0
2	952	0
2	953	0
2	954	0
2	955	0
2	956	0
2	957	0
2	958	0
2	959	0
2	960	0
2	961	0
2	962	0
2	963	0
2	964	0
2	965	0
2	966	0
2	967	0
2	968	0
2	969	0
2	970	0
2	971	0
2	972	0
2	973	0
2	974	0
2	975	0
2	976	0
2	977	0
2	978	0
2	979	0
2	980	0
2	981	0
2	982	0
2	983	0
2	984	0
2	985	0
2	986	0
2	987	0
2	988	0
2	989	0
2	990	0
2	991	0
2	992	0
2	993	0
2	994	0
2	995	0
2	996	0
2	997	0
2	998	0
2	999	0
2	1000	0
3	1	100000
3	2	100000
3	3	100000
3	4	100000
3	5	100000
3	6	100000
3	7	100000
3	8	97108
3	9	100000
3	10	95245
3	11	100000
3	12	93396
3	13	100000
3	14	93067
3	15	98900
3	16	92268
3	17	100000
3	18	90314
3	19	100000
3	20	91491
3	21	98269
3	22	91042
3	23	100000
3	24	88878
3	25	99817
3	26	90390
3	27	97872
3	28	90224
3	29	100000
3	30	87296
3	31	100000
3	32	89806
3	33	97619
3	34	89792
3	35	99578
3	36	87141
3	37	100000
3	38	89494
3	39	97327
3	40	89099
3	41	100000
3	42	86753
3	43	100000
3	44	89163
3	45	96819
3	46	89301
3	47	100000
3	48	86515
3	49	99866
3	50	88584
3	51	97100
3	52	88969
3	53	99944
3	54	86102
3	55	99475
3	56	88557
3	57	97006
3	58	88738
3	59	99951
3	60	85411
3	61	99941
3	62	88643
3	63	96617
3	64	88846
3	65	99380
3	66	85705
3	67	99827
3	68	88342
3	69	96661
3	70	87820
3	71	99789
3	72	85208
3	73	99836
3	74	87600
3	75	96234
3	76	88011
3	77	99567
3	78	85350
3	79	99562
3	80	87490
3	81	96475
3	82	87884
3	83	99558
3	84	84763
3	85	98361
3	86	87844
3	87	96398
3	88	87812
3	89	99390
3	90	84440
3	91	99326
3	92	86894
3	93	95782
3	94	87423
3	95	97852
3	96	84460
3	97	99074
3	98	86823
3	99	95820
3	100	86538
3	101	98330
3	102	83702
3	103	98075
3	104	85694
3	105	93915
3	106	86416
3	107	98333
3	108	83205
3	109	97589
3	110	85840
3	111	94541
3	112	84500
3	113	97840
3	114	83170
3	115	95979
3	116	85101
3	117	93631
3	118	85998
3	119	97312
3	120	81879
3	121	96529
3	122	85262
3	123	93676
3	124	84602
3	125	95781
3	126	80677
3	127	94809
3	128	83281
3	129	91139
3	130	82750
3	131	94008
3	132	79616
3	133	93760
3	134	83372
3	135	90389
3	136	83016
3	137	94508
3	138	80806
3	139	93419
3	140	81754
3	141	90346
3	142	81100
3	143	93469
3	144	77974
3	145	90396
3	146	81282
3	147	89203
3	148	79239
3	149	91604
3	150	77008
3	151	91173
3	152	79078
3	153	87266
3	154	80514
3	155	90106
3	156	75425
3	157	89947
3	158	79338
3	159	86007
3	160	75715
3	161	88693
3	162	74503
3	163	87698
3	164	76938
3	165	83044
3	166	77211
3	167	86676
3	168	71203
3	169	86066
3	170	72194
3	171	81648
3	172	72939
3	173	84471
3	174	70960
3	175	83562
3	176	72489
3	177	80218
3	178	69911
3	179	82638
3	180	67216
3	181	80727
3	182	72667
3	183	78686
3	184	70964
3	185	79652
3	186	67058
3	187	79990
3	188	67832
3	189	74876
3	190	68476
3	191	77129
3	192	64677
3	193	76578
3	194	66449
3	195	71758
3	196	64706
3	197	73798
3	198	62147
3	199	73912
3	200	65073
3	201	71368
3	202	60462
3	203	71215
3	204	57614
3	205	69825
3	206	57650
3	207	68788
3	208	58347
3	209	66461
3	210	54561
3	211	68349
3	212	54751
3	213	63987
3	214	55874
3	215	63216
3	216	52885
3	217	64933
3	218	52379
3	219	60985
3	220	51724
3	221	58415
3	222	45753
3	223	62301
3	224	52492
3	225	57469
3	226	51035
3	227	56465
3	228	48382
3	229	57645
3	230	46941
3	231	52913
3	232	47715
3	233	50422
3	234	43092
3	235	50774
3	236	44334
3	237	49104
3	238	44111
3	239	46968
3	240	39233
3	241	48129
3	242	39372
3	243	44731
3	244	38471
3	245	43003
3	246	36401
3	247	43692
3	248	36763
3	249	41218
3	250	35335
3	251	34389
3	252	28804
3	253	34280
3	254	29605
3	255	32524
3	256	29624
3	257	32846
3	258	27901
3	259	31925
3	260	28252
3	261	30516
3	262	27545
3	263	30582
3	264	26820
3	265	29627
3	266	24457
3	267	29067
3	268	23724
3	269	28476
3	270	23533
3	271	28312
3	272	23028
3	273	25496
3	274	22832
3	275	22995
3	276	21214
3	277	22867
3	278	19639
3	279	21662
3	280	19222
3	281	22050
3	282	17911
3	283	20269
3	284	15704
3	285	18506
3	286	19654
3	287	21763
3	288	16829
3	289	18481
3	290	18968
3	291	17024
3	292	15337
3	293	18089
3	294	13655
3	295	15466
3	296	13986
3	297	14617
3	298	12887
3	299	14970
3	300	11388
3	301	12198
3	302	12271
3	303	11406
3	304	9512
3	305	12193
3	306	10107
3	307	10245
3	308	10978
3	309	10457
3	310	9180
3	311	10597
3	312	7850
3	313	8883
3	314	8250
3	315	8546
3	316	7948
3	317	9117
3	318	7005
3	319	7546
3	320	6860
3	321	7575
3	322	5769
3	323	7217
3	324	6006
3	325	6599
3	326	6139
3	327	5839
3	328	5312
3	329	5577
3	330	4864
3	331	4947
3	332	4492
3	333	4465
3	334	3954
3	335	6779
3	336	3348
3	337	5902
3	338	3682
3	339	5762
3	340	3751
3	341	5248
3	342	3163
3	343	4865
3	344	3181
3	345	4580
3	346	2881
3	347	4417
3	348	3158
3	349	3807
3	350	2958
3	351	3475
3	352	2107
3	353	3642
3	354	2281
3	355	3199
3	356	2456
3	357	2915
3	358	1903
3	359	2582
3	360	1964
3	361	2489
3	362	1804
3	363	1886
3	364	1872
3	365	2497
3	366	1575
3	367	1916
3	368	1454
3	369	1838
3	370	1414
3	371	1648
3	372	1168
3	373	1412
3	374	1099
3	375	1266
3	376	811
3	377	1027
3	378	741
3	379	866
3	380	793
3	381	909
3	382	550
3	383	777
3	384	579
3	385	721
3	386	481
3	387	496
3	388	425
3	389	545
3	390	439
3	391	396
3	392	299
3	393	326
3	394	227
3	395	306
3	396	187
3	397	231
3	398	113
3	399	186
3	400	1656
3	401	1807
3	402	1498
3	403	1368
3	404	1150
3	405	954
3	406	693
3	407	676
3	408	509
3	409	494
3	410	364
3	411	317
3	412	228
3	413	265
3	414	206
3	415	185
3	416	154
3	417	134
3	418	99
3	419	134
3	420	98
3	421	96
3	422	138
3	423	105
3	424	61
3	425	114
3	426	82
3	427	89
3	428	63
3	429	103
3	430	35
3	431	73
3	432	31
3	433	71
3	434	38
3	435	63
3	436	43
3	437	51
3	438	19
3	439	32
3	440	38
3	441	31
3	442	17
3	443	32
3	444	25
3	445	105
3	446	86
3	447	65
3	448	46
3	449	57
3	450	28
3	451	29
3	452	27
3	453	15
3	454	11
3	455	29
3	456	13
3	457	14
3	458	13
3	459	10
3	460	10
3	461	10
3	462	46
3	463	27
3	464	13
3	465	12
3	466	7
3	467	9
3	468	8
3	469	10
3	470	4
3	471	26
3	472	13
3	473	4
3	474	4
3	475	5
3	476	1
3	477	22
3	478	8
3	479	4
3	480	7
3	481	5
3	482	5
3	483	5
3	484	3
3	485	4
3	486	1
3	487	3
3	488	6
3	489	3
3	490	1
3	491	2
3	492	1
3	493	5
3	494	0
3	495	3
3	496	1
3	497	1
3	498	0
3	499	1
3	500	0
3	501	34
3	502	23
3	503	54
3	504	24
3	505	56
3	506	56
3	507	65
3	508	72
3	509	93
3	510	78
3	511	106
3	512	112
3	513	113
3	514	106
3	515	127
3	516	125
3	517	155
3	518	137
3	519	137
3	520	114
3	521	151
3	522	163
3	523	167
3	524	197
3	525	172
3	526	164
3	527	200
3	528	178
3	529	190
3	530	195
3	531	163
3	532	163
3	533	171
3	534	171
3	535	152
3	536	172
3	537	153
3	538	165
3	539	148
3	540	108
3	541	126
3	542	157
3	543	125
3	544	105
3	545	85
3	546	170
3	547	105
3	548	147
3	549	60
3	550	96
3	551	83
3	552	79
3	553	65
3	554	95
3	555	76
3	556	59
3	557	80
3	558	72
3	559	39
3	560	43
3	561	68
3	562	42
3	563	46
3	564	22
3	565	27
3	566	28
3	567	38
3	568	25
3	569	25
3	570	17
3	571	11
3	572	61
3	573	16
3	574	40
3	575	18
3	576	13
3	577	10
3	578	10
3	579	16
3	580	8
3	581	4
3	582	13
3	583	8
3	584	6
3	585	2
3	586	9
3	587	7
3	588	5
3	589	10
3	590	12
3	591	3
3	592	6
3	593	6
3	594	1
3	595	4
3	596	1
3	597	3
3	598	1
3	599	1
3	600	0
3	601	10
3	602	15
3	603	4
3	604	6
3	605	2
3	606	5
3	607	4
3	608	1
3	609	1
3	610	3
3	611	2
3	612	1
3	613	4
3	614	3
3	615	0
3	616	4
3	617	12
3	618	1
3	619	0
3	620	3
3	621	0
3	622	1
3	623	2
3	624	0
3	625	0
3	626	2
3	627	1
3	628	0
3	629	0
3	630	0
3	631	1
3	632	2
3	633	1
3	634	0
3	635	1
3	636	0
3	637	0
3	638	0
3	639	1
3	640	0
3	641	1
3	642	0
3	643	0
3	644	0
3	645	1
3	646	1
3	647	0
3	648	0
3	649	0
3	650	0
3	651	0
3	652	0
3	653	0
3	654	0
3	655	0
3	656	0
3	657	0
3	658	0
3	659	0
3	660	0
3	661	0
3	662	0
3	663	0
3	664	0
3	665	0
3	666	0
3	667	940
3	668	379
3	669	248
3	670	164
3	671	100
3	672	39
3	673	46
3	674	29
3	675	16
3	676	11
3	677	16
3	678	5
3	679	5
3	680	9
3	681	14
3	682	1
3	683	3
3	684	3
3	685	0
3	686	3
3	687	1
3	688	1
3	689	0
3	690	6
3	691	6
3	692	0
3	693	0
3	694	2
3	695	0
3	696	4
3	697	3
3	698	0
3	699	1
3	700	0
3	701	0
3	702	0
3	703	0
3	704	0
3	705	0
3	706	8
3	707	4
3	708	0
3	709	0
3	710	0
3	711	0
3	712	0
3	713	0
3	714	1
3	715	0
3	716	0
3	717	0
3	718	0
3	719	0
3	720	0
3	721	0
3	722	0
3	723	0
3	724	0
3	725	0
3	726	0
3	727	0
3	728	7
3	729	0
3	730	0
3	731	0
3	732	0
3	733	0
3	734	0
3	735	1
3	736	0
3	737	0
3	738	0
3	739	0
3	740	0
3	741	0
3	742	0
3	743	0
3	744	0
3	745	0
3	746	0
3	747	0
3	748	0
3	749	0
3	750	0
3	751	0
3	752	0
3	753	0
3	754	0
3	755	0
3	756	0
3	757	0
3	758	0
3	759	0
3	760	0
3	761	0
3	762	0
3	763	0
3	764	0
3	765	0
3	766	0
3	767	0
3	768	0
3	769	0
3	770	0
3	771	0
3	772	0
3	773	0
3	774	0
3	775	0
3	776	0
3	777	0
3	778	0
3	779	0
3	780	0
3	781	0
3	782	0
3	783	0
3	784	0
3	785	0
3	786	0
3	787	0
3	788	0
3	789	0
3	790	0
3	791	0
3	792	0
3	793	0
3	794	0
3	795	0
3	796	0
3	797	0
3	798	0
3	799	0
3	800	1
3	801	5
3	802	0
3	803	0
3	804	0
3	805	0
3	806	0
3	807	0
3	808	0
3	809	0
3	810	0
3	811	0
3	812	0
3	813	0
3	814	0
3	815	0
3	816	0
3	817	0
3	818	0
3	819	0
3	820	0
3	821	0
3	822	0
3	823	0
3	824	0
3	825	0
3	826	0
3	827	0
3	828	0
3	829	0
3	830	0
3	831	0
3	832	0
3	833	0
3	834	0
3	835	0
3	836	0
3	837	0
3	838	0
3	839	0
3	840	0
3	841	0
3	842	0
3	843	0
3	844	0
3	845	0
3	846	0
3	847	0
3	848	0
3	849	0
3	850	0
3	851	0
3	852	0
3	853	0
3	854	0
3	855	0
3	856	0
3	857	0
3	858	0
3	859	0
3	860	0
3	861	0
3	862	0
3	863	0
3	864	0
3	865	0
3	866	0
3	867	0
3	868	0
3	869	0
3	870	0
3	871	0
3	872	0
3	873	0
3	874	0
3	875	0
3	876	0
3	877	0
3	878	0
3	879	0
3	880	0
3	881	0
3	882	0
3	883	0
3	884	0
3	885	0
3	886	0
3	887	0
3	888	0
3	889	0
3	890	0
3	891	0
3	892	0
3	893	0
3	894	0
3	895	0
3	896	0
3	897	0
3	898	0
3	899	0
3	900	0
3	901	0
3	902	0
3	903	0
3	904	0
3	905	0
3	906	0
3	907	0
3	908	0
3	909	0
3	910	0
3	911	0
3	912	0
3	913	0
3	914	0
3	915	0
3	916	0
3	917	0
3	918	0
3	919	0
3	920	0
3	921	0
3	922	0
3	923	0
3	924	0
3	925	0
3	926	0
3	927	0
3	928	0
3	929	0
3	930	0
3	931	0
3	932	0
3	933	0
3	934	0
3	935	0
3	936	0
3	937	0
3	938	0
3	939	0
3	940	0
3	941	0
3	942	0
3	943	0
3	944	0
3	945	0
3	946	0
3	947	0
3	948	0
3	949	0
3	950	0
3	951	0
3	952	0
3	953	0
3	954	0
3	955	0
3	956	0
3	957	0
3	958	0
3	959	0
3	960	0
3	961	0
3	962	0
3	963	0
3	964	0
3	965	0
3	966	0
3	967	0
3	968	0
3	969	0
3	970	0
3	971	0
3	972	0
3	973	0
3	974	0
3	975	0
3	976	0
3	977	0
3	978	0
3	979	0
3	980	0
3	981	0
3	982	0
3	983	0
3	984	0
3	985	0
3	986	0
3	987	0
3	988	0
3	989	0
3	990	0
3	991	0
3	992	0
3	993	0
3	994	0
3	995	0
3	996	0
3	997	0
3	998	0
3	999	0
3	1000	0
4	1	100000
4	2	100000
4	3	100000
4	4	100000
4	5	100000
4	6	100000
4	7	100000
4	8	100000
4	9	100000
4	10	99226
4	11	100000
4	12	98481
4	13	100000
4	14	97910
4	15	99883
4	16	97369
4	17	100000
4	18	96834
4	19	100000
4	20	96713
4	21	99665
4	22	96497
4	23	100000
4	24	95919
4	25	99987
4	26	95967
4	27	99551
4	28	96000
4	29	100000
4	30	95216
4	31	100000
4	32	95618
4	33	99431
4	34	95523
4	35	99964
4	36	94842
4	37	100000
4	38	95400
4	39	99311
4	40	95176
4	41	100000
4	42	94587
4	43	100000
4	44	95076
4	45	99234
4	46	95049
4	47	100000
4	48	94295
4	49	99990
4	50	94972
4	51	99200
4	52	95017
4	53	99998
4	54	94073
4	55	99929
4	56	94806
4	57	99204
4	58	94676
4	59	99999
4	60	93997
4	61	99997
4	62	94786
4	63	99098
4	64	94787
4	65	99912
4	66	93721
4	67	99990
4	68	94632
4	69	99103
4	70	94567
4	71	99991
4	72	93676
4	73	99997
4	74	94400
4	75	98967
4	76	94533
4	77	99977
4	78	93688
4	79	99978
4	80	94456
4	81	99044
4	82	94355
4	83	99979
4	84	93387
4	85	99818
4	86	94429
4	87	99000
4	88	94353
4	89	99968
4	90	93269
4	91	99956
4	92	94214
4	93	98916
4	94	94464
4	95	99733
4	96	93435
4	97	99952
4	98	94182
4	99	98959
4	100	94191
4	101	99862
4	102	93114
4	103	99804
4	104	94140
4	105	98713
4	106	94173
4	107	99854
4	108	93076
4	109	99788
4	110	94072
4	111	98733
4	112	93864
4	113	99814
4	114	93141
4	115	99529
4	116	93889
4	117	98740
4	118	94037
4	119	99800
4	120	92801
4	121	99654
4	122	93890
4	123	98684
4	124	93938
4	125	99574
4	126	92705
4	127	99343
4	128	93504
4	129	98257
4	130	93371
4	131	99327
4	132	92448
4	133	99253
4	134	93579
4	135	98205
4	136	93463
4	137	99375
4	138	92522
4	139	99265
4	140	93305
4	141	98129
4	142	93346
4	143	99244
4	144	92108
4	145	98599
4	146	93387
4	147	98026
4	148	92589
4	149	99011
4	150	92170
4	151	98897
4	152	92765
4	153	97720
4	154	93262
4	155	98692
4	156	91672
4	157	98732
4	158	92888
4	159	97492
4	160	92021
4	161	98607
4	162	91573
4	163	98407
4	164	92391
4	165	96814
4	166	92465
4	167	98103
4	168	90602
4	169	98057
4	170	91371
4	171	96551
4	172	91593
4	173	97717
4	174	90940
4	175	97432
4	176	91404
4	177	96473
4	178	90943
4	179	97313
4	180	89461
4	181	96705
4	182	91702
4	183	96220
4	184	90965
4	185	96630
4	186	89861
4	187	96919
4	188	90437
4	189	95353
4	190	90613
4	191	96327
4	192	89196
4	193	95976
4	194	90194
4	195	94497
4	196	89417
4	197	95583
4	198	88592
4	199	95365
4	200	89985
4	201	94450
4	202	88232
4	203	94523
4	204	87063
4	205	94432
4	206	87085
4	207	93801
4	208	87588
4	209	93024
4	210	86127
4	211	94180
4	212	86463
4	213	92519
4	214	87049
4	215	92323
4	216	85441
4	217	93139
4	218	85592
4	219	91573
4	220	85364
4	221	90567
4	222	82945
4	223	92456
4	224	85752
4	225	90592
4	226	85551
4	227	90446
4	228	84231
4	229	91018
4	230	84044
4	231	89087
4	232	84089
4	233	88626
4	234	82070
4	235	88460
4	236	83195
4	237	87839
4	238	83068
4	239	87428
4	240	80736
4	241	87887
4	242	80779
4	243	86221
4	244	80979
4	245	85283
4	246	79486
4	247	86011
4	248	79508
4	249	84570
4	250	79737
4	251	78704
4	252	73050
4	253	79012
4	254	73739
4	255	78061
4	256	73810
4	257	78499
4	258	72817
4	259	77847
4	260	73729
4	261	77810
4	262	73034
4	263	77673
4	264	72570
4	265	77572
4	266	70680
4	267	76936
4	268	70938
4	269	76534
4	270	70777
4	271	76707
4	272	70499
4	273	75141
4	274	70104
4	275	73055
4	276	69188
4	277	73139
4	278	68003
4	279	72064
4	280	67182
4	281	72397
4	282	66386
4	283	70790
4	284	64677
4	285	68534
4	286	68388
4	287	71972
4	288	65405
4	289	69542
4	290	66983
4	291	68674
4	292	64427
4	293	69033
4	294	62796
4	295	66567
4	296	61961
4	297	65797
4	298	61920
4	299	65498
4	300	61265
4	301	62776
4	302	60327
4	303	61492
4	304	56796
4	305	62266
4	306	57559
4	307	59705
4	308	58927
4	309	60010
4	310	56201
4	311	59718
4	312	53465
4	313	56712
4	314	53740
4	315	56452
4	316	53412
4	317	56508
4	318	51601
4	319	53763
4	320	50304
4	321	53392
4	322	48687
4	323	51982
4	324	48422
4	325	50622
4	326	48446
4	327	49231
4	328	46786
4	329	48808
4	330	45183
4	331	46531
4	332	44435
4	333	45266
4	334	39049
4	335	45640
4	336	36518
4	337	44442
4	338	37519
4	339	43865
4	340	38055
4	341	42910
4	342	36363
4	343	41682
4	344	36534
4	345	41191
4	346	35422
4	347	40800
4	348	35533
4	349	38714
4	350	34990
4	351	37589
4	352	30769
4	353	38603
4	354	31564
4	355	36981
4	356	32455
4	357	35381
4	358	29164
4	359	34272
4	360	29404
4	361	33429
4	362	28760
4	363	30708
4	364	28941
4	365	32567
4	366	26980
4	367	30318
4	368	25517
4	369	29551
4	370	25601
4	371	28446
4	372	24127
4	373	27029
4	374	23138
4	375	27089
4	376	21154
4	377	24743
4	378	19922
4	379	22551
4	380	20178
4	381	22250
4	382	18206
4	383	21693
4	384	18130
4	385	20474
4	386	17069
4	387	17759
4	388	16316
4	389	18377
4	390	15981
4	391	16568
4	392	14154
4	393	15660
4	394	12254
4	395	15141
4	396	12219
4	397	13579
4	398	11133
4	399	12450
4	400	13489
4	401	15601
4	402	13631
4	403	14103
4	404	12471
4	405	13101
4	406	11108
4	407	11890
4	408	9888
4	409	11496
4	410	9383
4	411	9452
4	412	8924
4	413	9158
4	414	7972
4	415	8497
4	416	7169
4	417	7490
4	418	6236
4	419	7364
4	420	6357
4	421	6367
4	422	5637
4	423	6080
4	424	4665
4	425	5575
4	426	4322
4	427	5190
4	428	4557
4	429	4693
4	430	3629
4	431	4118
4	432	3444
4	433	4102
4	434	3482
4	435	3642
4	436	2998
4	437	3405
4	438	2547
4	439	2969
4	440	2636
4	441	2648
4	442	2143
4	443	2447
4	444	1874
4	445	2909
4	446	2432
4	447	2633
4	448	1978
4	449	2431
4	450	1802
4	451	2107
4	452	1881
4	453	1776
4	454	1539
4	455	1673
4	456	1296
4	457	1357
4	458	1237
4	459	1251
4	460	1048
4	461	1141
4	462	1113
4	463	1187
4	464	923
4	465	1026
4	466	832
4	467	915
4	468	669
4	469	754
4	470	661
4	471	789
4	472	645
4	473	676
4	474	519
4	475	598
4	476	521
4	477	588
4	478	409
4	479	499
4	480	463
4	481	453
4	482	402
4	483	410
4	484	352
4	485	367
4	486	310
4	487	313
4	488	295
4	489	321
4	490	185
4	491	258
4	492	265
4	493	212
4	494	208
4	495	225
4	496	198
4	497	198
4	498	166
4	499	171
4	500	5
4	501	131
4	502	77
4	503	168
4	504	91
4	505	167
4	506	150
4	507	194
4	508	198
4	509	237
4	510	215
4	511	256
4	512	265
4	513	335
4	514	284
4	515	331
4	516	341
4	517	345
4	518	371
4	519	413
4	520	353
4	521	428
4	522	469
4	523	396
4	524	480
4	525	451
4	526	403
4	527	504
4	528	478
4	529	474
4	530	468
4	531	498
4	532	483
4	533	503
4	534	531
4	535	491
4	536	569
4	537	501
4	538	553
4	539	508
4	540	487
4	541	510
4	542	505
4	543	519
4	544	436
4	545	458
4	546	570
4	547	465
4	548	531
4	549	419
4	550	417
4	551	399
4	552	430
4	553	392
4	554	421
4	555	411
4	556	321
4	557	444
4	558	390
4	559	348
4	560	356
4	561	367
4	562	368
4	563	343
4	564	282
4	565	275
4	566	278
4	567	264
4	568	231
4	569	247
4	570	177
4	571	196
4	572	291
4	573	220
4	574	305
4	575	180
4	576	160
4	577	179
4	578	175
4	579	169
4	580	192
4	581	153
4	582	149
4	583	128
4	584	102
4	585	98
4	586	107
4	587	77
4	588	79
4	589	88
4	590	91
4	591	80
4	592	73
4	593	99
4	594	54
4	595	55
4	596	52
4	597	34
4	598	35
4	599	43
4	600	26
4	601	52
4	602	48
4	603	45
4	604	21
4	605	33
4	606	51
4	607	36
4	608	23
4	609	25
4	610	40
4	611	18
4	612	17
4	613	23
4	614	19
4	615	16
4	616	34
4	617	37
4	618	25
4	619	8
4	620	19
4	621	10
4	622	10
4	623	21
4	624	10
4	625	6
4	626	8
4	627	4
4	628	6
4	629	14
4	630	10
4	631	7
4	632	7
4	633	5
4	634	4
4	635	5
4	636	4
4	637	5
4	638	4
4	639	1
4	640	2
4	641	2
4	642	2
4	643	1
4	644	0
4	645	1
4	646	0
4	647	1
4	648	0
4	649	0
4	650	2
4	651	0
4	652	0
4	653	1
4	654	0
4	655	1
4	656	0
4	657	1
4	658	0
4	659	0
4	660	0
4	661	0
4	662	0
4	663	0
4	664	0
4	665	0
4	666	0
4	667	1203
4	668	710
4	669	539
4	670	394
4	671	284
4	672	178
4	673	160
4	674	103
4	675	67
4	676	47
4	677	54
4	678	39
4	679	24
4	680	19
4	681	23
4	682	10
4	683	18
4	684	15
4	685	6
4	686	6
4	687	9
4	688	4
4	689	2
4	690	16
4	691	3
4	692	3
4	693	3
4	694	2
4	695	1
4	696	8
4	697	9
4	698	3
4	699	2
4	700	3
4	701	2
4	702	2
4	703	0
4	704	1
4	705	0
4	706	13
4	707	2
4	708	6
4	709	2
4	710	2
4	711	0
4	712	0
4	713	2
4	714	1
4	715	0
4	716	0
4	717	0
4	718	0
4	719	0
4	720	0
4	721	0
4	722	0
4	723	0
4	724	0
4	725	0
4	726	0
4	727	0
4	728	14
4	729	3
4	730	2
4	731	0
4	732	0
4	733	0
4	734	1
4	735	0
4	736	0
4	737	0
4	738	0
4	739	0
4	740	0
4	741	0
4	742	0
4	743	0
4	744	0
4	745	0
4	746	0
4	747	0
4	748	0
4	749	0
4	750	0
4	751	0
4	752	0
4	753	0
4	754	0
4	755	0
4	756	0
4	757	0
4	758	0
4	759	0
4	760	0
4	761	0
4	762	0
4	763	0
4	764	0
4	765	0
4	766	0
4	767	0
4	768	0
4	769	0
4	770	0
4	771	0
4	772	0
4	773	0
4	774	0
4	775	0
4	776	0
4	777	0
4	778	0
4	779	0
4	780	0
4	781	0
4	782	0
4	783	0
4	784	0
4	785	0
4	786	0
4	787	0
4	788	0
4	789	0
4	790	0
4	791	0
4	792	0
4	793	0
4	794	0
4	795	0
4	796	0
4	797	0
4	798	0
4	799	0
4	800	2
4	801	2
4	802	3
4	803	3
4	804	0
4	805	0
4	806	0
4	807	0
4	808	0
4	809	0
4	810	0
4	811	0
4	812	0
4	813	0
4	814	0
4	815	0
4	816	1
4	817	0
4	818	0
4	819	0
4	820	0
4	821	0
4	822	0
4	823	0
4	824	0
4	825	0
4	826	0
4	827	0
4	828	0
4	829	0
4	830	0
4	831	0
4	832	0
4	833	0
4	834	0
4	835	0
4	836	0
4	837	0
4	838	0
4	839	0
4	840	0
4	841	0
4	842	0
4	843	0
4	844	0
4	845	0
4	846	0
4	847	0
4	848	0
4	849	0
4	850	0
4	851	0
4	852	0
4	853	0
4	854	0
4	855	0
4	856	0
4	857	0
4	858	0
4	859	0
4	860	0
4	861	0
4	862	0
4	863	0
4	864	0
4	865	0
4	866	0
4	867	0
4	868	0
4	869	0
4	870	0
4	871	0
4	872	0
4	873	0
4	874	0
4	875	0
4	876	0
4	877	0
4	878	0
4	879	0
4	880	0
4	881	0
4	882	0
4	883	0
4	884	0
4	885	0
4	886	0
4	887	0
4	888	0
4	889	0
4	890	0
4	891	0
4	892	0
4	893	0
4	894	0
4	895	0
4	896	0
4	897	0
4	898	0
4	899	0
4	900	0
4	901	0
4	902	0
4	903	0
4	904	0
4	905	0
4	906	0
4	907	0
4	908	0
4	909	0
4	910	0
4	911	0
4	912	0
4	913	0
4	914	0
4	915	0
4	916	0
4	917	0
4	918	0
4	919	0
4	920	0
4	921	0
4	922	0
4	923	0
4	924	0
4	925	0
4	926	0
4	927	0
4	928	0
4	929	0
4	930	0
4	931	0
4	932	0
4	933	0
4	934	0
4	935	0
4	936	0
4	937	0
4	938	0
4	939	0
4	940	0
4	941	0
4	942	0
4	943	0
4	944	0
4	945	0
4	946	0
4	947	0
4	948	0
4	949	0
4	950	0
4	951	0
4	952	0
4	953	0
4	954	0
4	955	0
4	956	0
4	957	0
4	958	0
4	959	0
4	960	0
4	961	0
4	962	0
4	963	0
4	964	0
4	965	0
4	966	0
4	967	0
4	968	0
4	969	0
4	970	0
4	971	0
4	972	0
4	973	0
4	974	0
4	975	0
4	976	0
4	977	0
4	978	0
4	979	0
4	980	0
4	981	0
4	982	0
4	983	0
4	984	0
4	985	0
4	986	0
4	987	0
4	988	0
4	989	0
4	990	0
4	991	0
4	992	0
4	993	0
4	994	0
4	995	0
4	996	0
4	997	0
4	998	0
4	999	0
4	1000	0
5	1	100000
5	2	100000
5	3	100000
5	4	100000
5	5	100000
5	6	100000
5	7	100000
5	8	100000
5	9	100000
5	10	100000
5	11	100000
5	12	99766
5	13	100000
5	14	99532
5	15	100000
5	16	99274
5	17	100000
5	18	99016
5	19	100000
5	20	98909
5	21	99958
5	22	98731
5	23	100000
5	24	98610
5	25	100000
5	26	98492
5	27	99909
5	28	98406
5	29	100000
5	30	98226
5	31	100000
5	32	98280
5	33	99891
5	34	98198
5	35	99998
5	36	98030
5	37	100000
5	38	98088
5	39	99851
5	40	97980
5	41	100000
5	42	97736
5	43	100000
5	44	97919
5	45	99798
5	46	97834
5	47	100000
5	48	97662
5	49	99999
5	50	97762
5	51	99789
5	52	97735
5	53	100000
5	54	97436
5	55	99991
5	56	97657
5	57	99784
5	58	97622
5	59	100000
5	60	97446
5	61	100000
5	62	97500
5	63	99765
5	64	97560
5	65	99990
5	66	97330
5	67	100000
5	68	97519
5	69	99773
5	70	97517
5	71	100000
5	72	97221
5	73	100000
5	74	97444
5	75	99694
5	76	97422
5	77	100000
5	78	97154
5	79	99999
5	80	97365
5	81	99726
5	82	97535
5	83	100000
5	84	97161
5	85	99977
5	86	97520
5	87	99730
5	88	97429
5	89	100000
5	90	97060
5	91	99999
5	92	97378
5	93	99703
5	94	97426
5	95	99968
5	96	97123
5	97	99998
5	98	97313
5	99	99702
5	100	97258
5	101	99989
5	102	96910
5	103	99988
5	104	97263
5	105	99672
5	106	97223
5	107	99985
5	108	96983
5	109	99977
5	110	97296
5	111	99694
5	112	97310
5	113	99989
5	114	96952
5	115	99935
5	116	97222
5	117	99673
5	118	97217
5	119	99985
5	120	96836
5	121	99959
5	122	97256
5	123	99648
5	124	97219
5	125	99957
5	126	96811
5	127	99921
5	128	97049
5	129	99583
5	130	97048
5	131	99914
5	132	96884
5	133	99911
5	134	97054
5	135	99575
5	136	97169
5	137	99931
5	138	96892
5	139	99918
5	140	97097
5	141	99574
5	142	97122
5	143	99914
5	144	96712
5	145	99798
5	146	97019
5	147	99548
5	148	96919
5	149	99902
5	150	96773
5	151	99854
5	152	96967
5	153	99528
5	154	97145
5	155	99836
5	156	96675
5	157	99832
5	158	97042
5	159	99462
5	160	96785
5	161	99845
5	162	96639
5	163	99812
5	164	97031
5	165	99387
5	166	96885
5	167	99712
5	168	96374
5	169	99699
5	170	96663
5	171	99318
5	172	96697
5	173	99684
5	174	96455
5	175	99613
5	176	96620
5	177	99258
5	178	96618
5	179	99610
5	180	96143
5	181	99517
5	182	96819
5	183	99265
5	184	96575
5	185	99526
5	186	96285
5	187	99582
5	188	96445
5	189	99138
5	190	96510
5	191	99474
5	192	96186
5	193	99416
5	194	96295
5	195	98932
5	196	96295
5	197	99277
5	198	95974
5	199	99197
5	200	96506
5	201	98890
5	202	95954
5	203	98942
5	204	95515
5	205	99065
5	206	95555
5	207	98772
5	208	95743
5	209	98660
5	210	95336
5	211	99022
5	212	95577
5	213	98527
5	214	95772
5	215	98392
5	216	95149
5	217	98751
5	218	95265
5	219	98270
5	220	95418
5	221	98072
5	222	94480
5	223	98646
5	224	95364
5	225	98159
5	226	95365
5	227	98082
5	228	94997
5	229	98279
5	230	94883
5	231	97781
5	232	94885
5	233	97539
5	234	94426
5	235	97620
5	236	94715
5	237	97353
5	238	94892
5	239	97407
5	240	93965
5	241	97545
5	242	94255
5	243	97080
5	244	94293
5	245	96675
5	246	93727
5	247	97076
5	248	93492
5	249	96561
5	250	93889
5	251	93536
5	252	90552
5	253	93830
5	254	90978
5	255	93381
5	256	90987
5	257	93844
5	258	90611
5	259	93656
5	260	91170
5	261	93874
5	262	90987
5	263	93950
5	264	91116
5	265	94123
5	266	90570
5	267	93827
5	268	90551
5	269	93866
5	270	90661
5	271	93763
5	272	90442
5	273	93274
5	274	90389
5	275	92327
5	276	90042
5	277	92513
5	278	89725
5	279	92275
5	280	89146
5	281	92684
5	282	89133
5	283	91819
5	284	88325
5	285	91186
5	286	90122
5	287	92580
5	288	88708
5	289	91630
5	290	89521
5	291	91351
5	292	88545
5	293	91569
5	294	87863
5	295	90543
5	296	87400
5	297	90369
5	298	87532
5	299	90281
5	300	87319
5	301	88945
5	302	86877
5	303	88429
5	304	85641
5	305	88625
5	306	85654
5	307	87770
5	308	86328
5	309	87887
5	310	85309
5	311	87781
5	312	83999
5	313	86674
5	314	84213
5	315	86187
5	316	84137
5	317	86588
5	318	83185
5	319	85328
5	320	82179
5	321	85061
5	322	81638
5	323	84441
5	324	81328
5	325	83668
5	326	81578
5	327	82949
5	328	80551
5	329	82346
5	330	79884
5	331	81487
5	332	79290
5	333	80563
5	334	75019
5	335	80164
5	336	73209
5	337	79664
5	338	73798
5	339	79369
5	340	74591
5	341	78825
5	342	73309
5	343	78117
5	344	73209
5	345	77436
5	346	72534
5	347	77446
5	348	72677
5	349	76245
5	350	71984
5	351	75397
5	352	69037
5	353	76297
5	354	70171
5	355	74814
5	356	70548
5	357	73781
5	358	68317
5	359	72808
5	360	67562
5	361	72743
5	362	67365
5	363	70247
5	364	68315
5	365	71761
5	366	66338
5	367	70335
5	368	64865
5	369	69637
5	370	64912
5	371	68859
5	372	63419
5	373	67423
5	374	63215
5	375	67320
5	376	60720
5	377	65223
5	378	59774
5	379	63783
5	380	59396
5	381	63286
5	382	57480
5	383	62622
5	384	57237
5	385	61048
5	386	56360
5	387	58493
5	388	55655
5	389	58907
5	390	55493
5	391	57338
5	392	52731
5	393	56104
5	394	50425
5	395	55012
5	396	50390
5	397	53305
5	398	48514
5	399	51508
5	400	51077
5	401	55010
5	402	51853
5	403	53428
5	404	50646
5	405	52155
5	406	48684
5	407	50594
5	408	46785
5	409	49911
5	410	45460
5	411	47158
5	412	44618
5	413	46232
5	414	44121
5	415	45524
5	416	41822
5	417	43363
5	418	39900
5	419	43291
5	420	40766
5	421	41068
5	422	38150
5	423	40692
5	424	36221
5	425	39155
5	426	35497
5	427	38499
5	428	35738
5	429	36339
5	430	33059
5	431	35199
5	432	31977
5	433	34351
5	434	32021
5	435	33547
5	436	30497
5	437	32131
5	438	29032
5	439	30800
5	440	28492
5	441	29493
5	442	26884
5	443	28071
5	444	25013
5	445	28970
5	446	26671
5	447	27836
5	448	24901
5	449	26904
5	450	22942
5	451	25457
5	452	23830
5	453	24353
5	454	22366
5	455	22922
5	456	21044
5	457	21608
5	458	20625
5	459	20347
5	460	18741
5	461	19952
5	462	18982
5	463	20012
5	464	17777
5	465	18412
5	466	16451
5	467	17717
5	468	15960
5	469	16686
5	470	14799
5	471	16414
5	472	14717
5	473	15214
5	474	13474
5	475	14308
5	476	12809
5	477	13494
5	478	11584
5	479	12631
5	480	11584
5	481	12099
5	482	11025
5	483	11556
5	484	10350
5	485	10586
5	486	9301
5	487	9898
5	488	8913
5	489	9194
5	490	7871
5	491	8496
5	492	7894
5	493	8200
5	494	7091
5	495	7422
5	496	6830
5	497	6986
5	498	6076
5	499	6382
5	500	5052
5	501	442
5	502	377
5	503	834
5	504	690
5	505	1002
5	506	919
5	507	1287
5	508	1161
5	509	1604
5	510	1332
5	511	1707
5	512	1625
5	513	1809
5	514	1832
5	515	2064
5	516	2014
5	517	2225
5	518	2294
5	519	2348
5	520	2272
5	521	2654
5	522	2520
5	523	2569
5	524	2612
5	525	2535
5	526	2533
5	527	2854
5	528	2635
5	529	2822
5	530	2705
5	531	2758
5	532	2814
5	533	2851
5	534	2870
5	535	2804
5	536	2932
5	537	2989
5	538	2884
5	539	2803
5	540	2573
5	541	2741
5	542	2857
5	543	2677
5	544	2566
5	545	2453
5	546	2971
5	547	2771
5	548	2997
5	549	2570
5	550	2451
5	551	2510
5	552	2458
5	553	2209
5	554	2329
5	555	2267
5	556	2110
5	557	2245
5	558	2054
5	559	2003
5	560	2005
5	561	1980
5	562	1920
5	563	1896
5	564	1662
5	565	1640
5	566	1775
5	567	1659
5	568	1461
5	569	1581
5	570	1381
5	571	1269
5	572	1882
5	573	1735
5	574	1691
5	575	1542
5	576	1276
5	577	1419
5	578	1318
5	579	1199
5	580	1302
5	581	1123
5	582	1033
5	583	1058
5	584	936
5	585	850
5	586	855
5	587	815
5	588	715
5	589	845
5	590	799
5	591	717
5	592	718
5	593	677
5	594	646
5	595	568
5	596	614
5	597	483
5	598	578
5	599	470
5	600	382
5	601	468
5	602	438
5	603	417
5	604	348
5	605	363
5	606	298
5	607	309
5	608	267
5	609	307
5	610	304
5	611	269
5	612	210
5	613	216
5	614	229
5	615	176
5	616	216
5	617	202
5	618	221
5	619	185
5	620	180
5	621	162
5	622	139
5	623	147
5	624	102
5	625	94
5	626	117
5	627	87
5	628	78
5	629	94
5	630	77
5	631	59
5	632	76
5	633	60
5	634	75
5	635	51
5	636	40
5	637	58
5	638	47
5	639	44
5	640	31
5	641	33
5	642	30
5	643	34
5	644	23
5	645	35
5	646	29
5	647	24
5	648	11
5	649	22
5	650	18
5	651	19
5	652	14
5	653	14
5	654	13
5	655	7
5	656	8
5	657	7
5	658	6
5	659	7
5	660	5
5	661	5
5	662	2
5	663	4
5	664	1
5	665	7
5	666	1
5	667	1602
5	668	1066
5	669	910
5	670	731
5	671	617
5	672	413
5	673	427
5	674	299
5	675	240
5	676	184
5	677	159
5	678	149
5	679	109
5	680	84
5	681	97
5	682	56
5	683	63
5	684	43
5	685	33
5	686	49
5	687	30
5	688	24
5	689	12
5	690	34
5	691	24
5	692	13
5	693	17
5	694	16
5	695	4
5	696	22
5	697	14
5	698	9
5	699	10
5	700	7
5	701	3
5	702	6
5	703	4
5	704	2
5	705	4
5	706	19
5	707	11
5	708	12
5	709	5
5	710	4
5	711	4
5	712	2
5	713	1
5	714	4
5	715	2
5	716	1
5	717	4
5	718	6
5	719	2
5	720	1
5	721	2
5	722	1
5	723	1
5	724	4
5	725	0
5	726	0
5	727	0
5	728	16
5	729	7
5	730	13
5	731	1
5	732	3
5	733	0
5	734	1
5	735	1
5	736	0
5	737	1
5	738	0
5	739	1
5	740	0
5	741	1
5	742	0
5	743	0
5	744	0
5	745	0
5	746	0
5	747	0
5	748	0
5	749	0
5	750	0
5	751	0
5	752	0
5	753	0
5	754	0
5	755	0
5	756	0
5	757	0
5	758	0
5	759	0
5	760	0
5	761	0
5	762	0
5	763	0
5	764	0
5	765	0
5	766	0
5	767	0
5	768	0
5	769	0
5	770	0
5	771	0
5	772	0
5	773	0
5	774	0
5	775	0
5	776	0
5	777	0
5	778	0
5	779	0
5	780	0
5	781	0
5	782	0
5	783	0
5	784	0
5	785	0
5	786	0
5	787	0
5	788	0
5	789	0
5	790	0
5	791	0
5	792	0
5	793	0
5	794	0
5	795	0
5	796	0
5	797	0
5	798	0
5	799	0
5	800	6
5	801	12
5	802	4
5	803	3
5	804	1
5	805	0
5	806	0
5	807	0
5	808	1
5	809	0
5	810	0
5	811	0
5	812	0
5	813	0
5	814	0
5	815	0
5	816	0
5	817	0
5	818	0
5	819	0
5	820	0
5	821	0
5	822	0
5	823	0
5	824	0
5	825	0
5	826	0
5	827	0
5	828	0
5	829	0
5	830	0
5	831	0
5	832	0
5	833	0
5	834	0
5	835	0
5	836	0
5	837	0
5	838	0
5	839	0
5	840	0
5	841	0
5	842	0
5	843	0
5	844	0
5	845	0
5	846	0
5	847	0
5	848	0
5	849	0
5	850	0
5	851	0
5	852	0
5	853	0
5	854	0
5	855	0
5	856	0
5	857	0
5	858	0
5	859	0
5	860	0
5	861	0
5	862	0
5	863	0
5	864	0
5	865	0
5	866	0
5	867	0
5	868	0
5	869	0
5	870	0
5	871	0
5	872	0
5	873	0
5	874	0
5	875	0
5	876	0
5	877	0
5	878	0
5	879	0
5	880	0
5	881	0
5	882	0
5	883	0
5	884	0
5	885	0
5	886	0
5	887	0
5	888	0
5	889	0
5	890	0
5	891	0
5	892	0
5	893	0
5	894	0
5	895	0
5	896	0
5	897	0
5	898	0
5	899	0
5	900	0
5	901	0
5	902	0
5	903	0
5	904	0
5	905	0
5	906	0
5	907	0
5	908	0
5	909	0
5	910	0
5	911	0
5	912	0
5	913	0
5	914	0
5	915	0
5	916	0
5	917	0
5	918	0
5	919	0
5	920	0
5	921	0
5	922	0
5	923	0
5	924	0
5	925	0
5	926	0
5	927	0
5	928	0
5	929	0
5	930	0
5	931	0
5	932	0
5	933	0
5	934	0
5	935	0
5	936	0
5	937	0
5	938	0
5	939	0
5	940	0
5	941	0
5	942	0
5	943	0
5	944	0
5	945	0
5	946	0
5	947	0
5	948	0
5	949	0
5	950	0
5	951	0
5	952	0
5	953	0
5	954	0
5	955	0
5	956	0
5	957	0
5	958	0
5	959	0
5	960	0
5	961	0
5	962	0
5	963	0
5	964	0
5	965	0
5	966	0
5	967	0
5	968	0
5	969	0
5	970	0
5	971	0
5	972	0
5	973	0
5	974	0
5	975	0
5	976	0
5	977	0
5	978	0
5	979	0
5	980	0
5	981	0
5	982	0
5	983	0
5	984	0
5	985	0
5	986	0
5	987	0
5	988	0
5	989	0
5	990	0
5	991	0
5	992	0
5	993	0
5	994	0
5	995	0
5	996	0
5	997	0
5	998	0
5	999	0
5	1000	0
6	1	100000
6	2	100000
6	3	100000
6	4	100000
6	5	100000
6	6	100000
6	7	100000
6	8	100000
6	9	100000
6	10	100000
6	11	100000
6	12	100000
6	13	100000
6	14	99935
6	15	100000
6	16	99863
6	17	100000
6	18	99777
6	19	100000
6	20	99695
6	21	99995
6	22	99614
6	23	100000
6	24	99481
6	25	100000
6	26	99503
6	27	99990
6	28	99416
6	29	100000
6	30	99352
6	31	100000
6	32	99331
6	33	99973
6	34	99255
6	35	100000
6	36	99222
6	37	100000
6	38	99232
6	39	99974
6	40	99165
6	41	100000
6	42	99127
6	43	100000
6	44	99094
6	45	99958
6	46	99126
6	47	100000
6	48	98980
6	49	100000
6	50	98986
6	51	99954
6	52	99085
6	53	100000
6	54	98924
6	55	100000
6	56	99026
6	57	99940
6	58	98993
6	59	100000
6	60	98876
6	61	100000
6	62	98950
6	63	99943
6	64	99001
6	65	99999
6	66	98844
6	67	100000
6	68	98888
6	69	99932
6	70	98901
6	71	100000
6	72	98759
6	73	100000
6	74	98837
6	75	99920
6	76	98831
6	77	100000
6	78	98778
6	79	100000
6	80	98878
6	81	99905
6	82	98788
6	83	100000
6	84	98740
6	85	99998
6	86	98771
6	87	99913
6	88	98786
6	89	100000
6	90	98636
6	91	100000
6	92	98820
6	93	99906
6	94	98798
6	95	99997
6	96	98688
6	97	99999
6	98	98746
6	99	99907
6	100	98827
6	101	99997
6	102	98607
6	103	100000
6	104	98766
6	105	99906
6	106	98674
6	107	100000
6	108	98576
6	109	99999
6	110	98719
6	111	99907
6	112	98730
6	113	99999
6	114	98597
6	115	99997
6	116	98758
6	117	99917
6	118	98759
6	119	99999
6	120	98548
6	121	99996
6	122	98752
6	123	99910
6	124	98689
6	125	99998
6	126	98578
6	127	99983
6	128	98694
6	129	99861
6	130	98659
6	131	99988
6	132	98509
6	133	99988
6	134	98659
6	135	99896
6	136	98673
6	137	99992
6	138	98609
6	139	99991
6	140	98707
6	141	99895
6	142	98743
6	143	99986
6	144	98588
6	145	99968
6	146	98638
6	147	99903
6	148	98642
6	149	99985
6	150	98516
6	151	99973
6	152	98580
6	153	99881
6	154	98643
6	155	99979
6	156	98499
6	157	99981
6	158	98686
6	159	99901
6	160	98525
6	161	99979
6	162	98503
6	163	99976
6	164	98595
6	165	99862
6	166	98570
6	167	99961
6	168	98370
6	169	99952
6	170	98548
6	171	99841
6	172	98583
6	173	99963
6	174	98464
6	175	99945
6	176	98571
6	177	99823
6	178	98484
6	179	99948
6	180	98366
6	181	99944
6	182	98562
6	183	99818
6	184	98443
6	185	99923
6	186	98329
6	187	99936
6	188	98551
6	189	99818
6	190	98511
6	191	99933
6	192	98390
6	193	99890
6	194	98472
6	195	99801
6	196	98412
6	197	99880
6	198	98323
6	199	99870
6	200	98565
6	201	99779
6	202	98379
6	203	99769
6	204	98195
6	205	99851
6	206	98260
6	207	99793
6	208	98371
6	209	99717
6	210	98172
6	211	99820
6	212	98188
6	213	99725
6	214	98336
6	215	99663
6	216	98087
6	217	99801
6	218	98195
6	219	99627
6	220	98238
6	221	99584
6	222	98001
6	223	99797
6	224	98220
6	225	99630
6	226	98247
6	227	99603
6	228	98119
6	229	99696
6	230	98142
6	231	99524
6	232	98107
6	233	99492
6	234	98007
6	235	99483
6	236	98072
6	237	99464
6	238	98165
6	239	99430
6	240	97935
6	241	99515
6	242	97994
6	243	99360
6	244	97986
6	245	99286
6	246	97859
6	247	99348
6	248	97722
6	249	99223
6	250	97931
6	251	97778
6	252	96286
6	253	98003
6	254	96577
6	255	97757
6	256	96565
6	257	98067
6	258	96553
6	259	98046
6	260	96813
6	261	98138
6	262	96744
6	263	98238
6	264	96828
6	265	98348
6	266	96652
6	267	98349
6	268	96673
6	269	98427
6	270	96798
6	271	98314
6	272	96750
6	273	98269
6	274	96798
6	275	97940
6	276	96669
6	277	98060
6	278	96601
6	279	97923
6	280	96295
6	281	98201
6	282	96532
6	283	97876
6	284	96218
6	285	97603
6	286	96806
6	287	98012
6	288	96361
6	289	97850
6	290	96629
6	291	97779
6	292	96240
6	293	97807
6	294	96189
6	295	97473
6	296	95870
6	297	97480
6	298	96121
6	299	97408
6	300	96074
6	301	96996
6	302	95862
6	303	96926
6	304	95157
6	305	96941
6	306	95374
6	307	96651
6	308	95718
6	309	96717
6	310	95356
6	311	96756
6	312	94812
6	313	96225
6	314	94925
6	315	96050
6	316	94942
6	317	96224
6	318	94545
6	319	95812
6	320	94210
6	321	95812
6	322	94070
6	323	95502
6	324	93928
6	325	95142
6	326	93888
6	327	95032
6	328	93595
6	329	94734
6	330	93271
6	331	94267
6	332	93133
6	333	94053
6	334	90681
6	335	93463
6	336	89830
6	337	93336
6	338	90102
6	339	93309
6	340	90314
6	341	93025
6	342	89969
6	343	92800
6	344	90165
6	345	92508
6	346	89832
6	347	92747
6	348	90035
6	349	92105
6	350	89516
6	351	91917
6	352	88022
6	353	92172
6	354	88877
6	355	91669
6	356	88753
6	357	91264
6	358	87882
6	359	90808
6	360	87061
6	361	90681
6	362	87601
6	363	89668
6	364	87983
6	365	90114
6	366	86826
6	367	89581
6	368	86515
6	369	89367
6	370	86461
6	371	89019
6	372	85748
6	373	88246
6	374	85407
6	375	88152
6	376	84189
6	377	87194
6	378	83925
6	379	86359
6	380	83353
6	381	86277
6	382	82569
6	383	85931
6	384	82569
6	385	85142
6	386	82077
6	387	83895
6	388	81694
6	389	83846
6	390	81477
6	391	83083
6	392	79743
6	393	82331
6	394	78551
6	395	81700
6	396	78341
6	397	80727
6	398	77410
6	399	79498
6	400	79247
6	401	81858
6	402	79534
6	403	81060
6	404	78545
6	405	80210
6	406	77422
6	407	79377
6	408	76712
6	409	78938
6	410	75558
6	411	77339
6	412	74639
6	413	76873
6	414	74677
6	415	75963
6	416	73068
6	417	75239
6	418	72286
6	419	74587
6	420	72573
6	421	73353
6	422	70776
6	423	72928
6	424	69022
6	425	71831
6	426	68966
6	427	71409
6	428	69026
6	429	69942
6	430	66604
6	431	69162
6	432	65862
6	433	68464
6	434	66199
6	435	67523
6	436	64472
6	437	67021
6	438	63393
6	439	65351
6	440	63462
6	441	64284
6	442	61376
6	443	62798
6	444	59358
6	445	64061
6	446	61292
6	447	62686
6	448	59878
6	449	62072
6	450	57715
6	451	60601
6	452	58627
6	453	59523
6	454	56567
6	455	57646
6	456	55311
6	457	56402
6	458	55319
6	459	55090
6	460	52501
6	461	54459
6	462	53520
6	463	54431
6	464	51615
6	465	52625
6	466	50030
6	467	51708
6	468	48972
6	469	50239
6	470	48156
6	471	50292
6	472	47611
6	473	48421
6	474	45931
6	475	47418
6	476	44477
6	477	46102
6	478	43365
6	479	44925
6	480	42271
6	481	43911
6	482	42083
6	483	43128
6	484	40758
6	485	41708
6	486	38846
6	487	39962
6	488	38269
6	489	39299
6	490	35622
6	491	37824
6	492	36477
6	493	36804
6	494	33996
6	495	35575
6	496	33808
6	497	34673
6	498	32345
6	499	33190
6	500	32538
6	501	1305
6	502	1813
6	503	3007
6	504	3348
6	505	4118
6	506	4653
6	507	5662
6	508	5811
6	509	6989
6	510	6870
6	511	8018
6	512	7994
6	513	8993
6	514	9178
6	515	10025
6	516	10142
6	517	10914
6	518	11130
6	519	11985
6	520	11589
6	521	12775
6	522	12622
6	523	13060
6	524	13058
6	525	13116
6	526	13099
6	527	14548
6	528	14034
6	529	14447
6	530	14187
6	531	14765
6	532	14195
6	533	14772
6	534	15100
6	535	14975
6	536	15687
6	537	15607
6	538	15759
6	539	15125
6	540	14272
6	541	15223
6	542	15568
6	543	14912
6	544	14625
6	545	14192
6	546	16033
6	547	15019
6	548	15694
6	549	14760
6	550	14342
6	551	14804
6	552	14052
6	553	13728
6	554	13840
6	555	13588
6	556	12834
6	557	13500
6	558	12779
6	559	12598
6	560	12510
6	561	12730
6	562	12022
6	563	12120
6	564	11196
6	565	10856
6	566	11291
6	567	10890
6	568	10193
6	569	10442
6	570	9819
6	571	9383
6	572	11644
6	573	10692
6	574	10548
6	575	9918
6	576	8901
6	577	9600
6	578	9017
6	579	8643
6	580	8546
6	581	8035
6	582	7725
6	583	7690
6	584	7040
6	585	6785
6	586	6911
6	587	6313
6	588	5877
6	589	6401
6	590	5949
6	591	5776
6	592	5485
6	593	5641
6	594	5249
6	595	4956
6	596	4783
6	597	4488
6	598	4389
6	599	4175
6	600	3916
6	601	3802
6	602	3533
6	603	3513
6	604	3245
6	605	3404
6	606	2954
6	607	2985
6	608	2668
6	609	2773
6	610	2618
6	611	2413
6	612	2181
6	613	2258
6	614	2166
6	615	1858
6	616	2091
6	617	2061
6	618	1909
6	619	1798
6	620	1584
6	621	1607
6	622	1535
6	623	1528
6	624	1289
6	625	1203
6	626	1182
6	627	1108
6	628	1000
6	629	1085
6	630	927
6	631	852
6	632	834
6	633	842
6	634	834
6	635	711
6	636	669
6	637	658
6	638	570
6	639	547
6	640	532
6	641	494
6	642	468
6	643	415
6	644	374
6	645	398
6	646	341
6	647	347
6	648	252
6	649	300
6	650	267
6	651	249
6	652	240
6	653	241
6	654	215
6	655	155
6	656	170
6	657	158
6	658	149
6	659	106
6	660	121
6	661	120
6	662	99
6	663	97
6	664	58
6	665	65
6	666	61
6	667	2079
6	668	1538
6	669	1361
6	670	1286
6	671	1122
6	672	830
6	673	789
6	674	725
6	675	613
6	676	406
6	677	493
6	678	431
6	679	327
6	680	262
6	681	284
6	682	234
6	683	212
6	684	152
6	685	143
6	686	137
6	687	106
6	688	87
6	689	71
6	690	91
6	691	81
6	692	64
6	693	51
6	694	45
6	695	28
6	696	35
6	697	39
6	698	37
6	699	39
6	700	25
6	701	16
6	702	13
6	703	13
6	704	10
6	705	15
6	706	38
6	707	24
6	708	20
6	709	14
6	710	15
6	711	6
6	712	10
6	713	15
6	714	16
6	715	10
6	716	7
6	717	13
6	718	8
6	719	6
6	720	3
6	721	7
6	722	5
6	723	5
6	724	0
6	725	4
6	726	5
6	727	3
6	728	31
6	729	27
6	730	11
6	731	5
6	732	11
6	733	8
6	734	6
6	735	3
6	736	2
6	737	2
6	738	2
6	739	4
6	740	4
6	741	1
6	742	0
6	743	0
6	744	1
6	745	2
6	746	1
6	747	1
6	748	1
6	749	0
6	750	0
6	751	0
6	752	0
6	753	0
6	754	0
6	755	0
6	756	0
6	757	1
6	758	0
6	759	0
6	760	0
6	761	0
6	762	0
6	763	0
6	764	0
6	765	0
6	766	0
6	767	0
6	768	0
6	769	0
6	770	0
6	771	0
6	772	0
6	773	0
6	774	0
6	775	1
6	776	0
6	777	0
6	778	1
6	779	0
6	780	0
6	781	0
6	782	0
6	783	0
6	784	0
6	785	0
6	786	1
6	787	0
6	788	0
6	789	0
6	790	0
6	791	0
6	792	0
6	793	0
6	794	0
6	795	0
6	796	0
6	797	0
6	798	0
6	799	0
6	800	9
6	801	16
6	802	7
6	803	3
6	804	4
6	805	3
6	806	3
6	807	1
6	808	0
6	809	0
6	810	0
6	811	0
6	812	0
6	813	0
6	814	0
6	815	0
6	816	0
6	817	0
6	818	0
6	819	0
6	820	0
6	821	0
6	822	0
6	823	0
6	824	0
6	825	1
6	826	0
6	827	0
6	828	0
6	829	0
6	830	0
6	831	0
6	832	0
6	833	0
6	834	0
6	835	0
6	836	0
6	837	0
6	838	0
6	839	0
6	840	0
6	841	0
6	842	0
6	843	0
6	844	0
6	845	0
6	846	0
6	847	0
6	848	0
6	849	0
6	850	0
6	851	0
6	852	0
6	853	0
6	854	0
6	855	0
6	856	0
6	857	0
6	858	0
6	859	0
6	860	0
6	861	0
6	862	0
6	863	0
6	864	0
6	865	0
6	866	0
6	867	0
6	868	0
6	869	0
6	870	0
6	871	0
6	872	0
6	873	0
6	874	0
6	875	0
6	876	0
6	877	0
6	878	0
6	879	0
6	880	0
6	881	0
6	882	0
6	883	0
6	884	0
6	885	0
6	886	0
6	887	0
6	888	0
6	889	0
6	890	0
6	891	0
6	892	0
6	893	0
6	894	0
6	895	0
6	896	0
6	897	0
6	898	0
6	899	0
6	900	0
6	901	0
6	902	0
6	903	0
6	904	0
6	905	0
6	906	0
6	907	0
6	908	0
6	909	0
6	910	0
6	911	0
6	912	0
6	913	0
6	914	0
6	915	0
6	916	0
6	917	0
6	918	0
6	919	0
6	920	0
6	921	0
6	922	0
6	923	0
6	924	0
6	925	0
6	926	0
6	927	0
6	928	0
6	929	0
6	930	0
6	931	0
6	932	0
6	933	0
6	934	0
6	935	0
6	936	0
6	937	0
6	938	0
6	939	0
6	940	0
6	941	0
6	942	0
6	943	0
6	944	0
6	945	0
6	946	0
6	947	0
6	948	0
6	949	0
6	950	0
6	951	0
6	952	0
6	953	0
6	954	0
6	955	0
6	956	0
6	957	0
6	958	0
6	959	0
6	960	0
6	961	0
6	962	0
6	963	0
6	964	0
6	965	0
6	966	0
6	967	0
6	968	0
6	969	0
6	970	0
6	971	0
6	972	0
6	973	0
6	974	0
6	975	0
6	976	0
6	977	0
6	978	0
6	979	0
6	980	0
6	981	0
6	982	0
6	983	0
6	984	0
6	985	0
6	986	0
6	987	0
6	988	0
6	989	0
6	990	0
6	991	0
6	992	0
6	993	0
6	994	0
6	995	0
6	996	0
6	997	0
6	998	0
6	999	0
6	1000	0
7	1	100000
7	2	100000
7	3	100000
7	4	100000
7	5	100000
7	6	100000
7	7	100000
7	8	100000
7	9	100000
7	10	100000
7	11	100000
7	12	100000
7	13	100000
7	14	100000
7	15	100000
7	16	99993
7	17	100000
7	18	99954
7	19	100000
7	20	99935
7	21	100000
7	22	99891
7	23	100000
7	24	99853
7	25	100000
7	26	99820
7	27	99998
7	28	99828
7	29	100000
7	30	99791
7	31	100000
7	32	99771
7	33	99994
7	34	99738
7	35	100000
7	36	99717
7	37	100000
7	38	99675
7	39	99997
7	40	99671
7	41	100000
7	42	99673
7	43	100000
7	44	99614
7	45	99989
7	46	99619
7	47	100000
7	48	99606
7	49	100000
7	50	99593
7	51	99993
7	52	99610
7	53	100000
7	54	99592
7	55	100000
7	56	99560
7	57	99987
7	58	99549
7	59	100000
7	60	99467
7	61	100000
7	62	99541
7	63	99988
7	64	99537
7	65	100000
7	66	99496
7	67	100000
7	68	99537
7	69	99978
7	70	99511
7	71	100000
7	72	99423
7	73	100000
7	74	99483
7	75	99976
7	76	99531
7	77	100000
7	78	99449
7	79	100000
7	80	99474
7	81	99984
7	82	99459
7	83	100000
7	84	99431
7	85	99998
7	86	99454
7	87	99978
7	88	99480
7	89	100000
7	90	99425
7	91	100000
7	92	99439
7	93	99966
7	94	99447
7	95	100000
7	96	99402
7	97	100000
7	98	99410
7	99	99972
7	100	99434
7	101	100000
7	102	99422
7	103	100000
7	104	99437
7	105	99969
7	106	99450
7	107	100000
7	108	99389
7	109	100000
7	110	99403
7	111	99974
7	112	99415
7	113	100000
7	114	99371
7	115	99999
7	116	99406
7	117	99963
7	118	99371
7	119	100000
7	120	99350
7	121	100000
7	122	99358
7	123	99978
7	124	99357
7	125	100000
7	126	99321
7	127	99997
7	128	99359
7	129	99971
7	130	99394
7	131	99999
7	132	99370
7	133	99997
7	134	99363
7	135	99980
7	136	99384
7	137	99998
7	138	99346
7	139	99998
7	140	99393
7	141	99979
7	142	99361
7	143	100000
7	144	99320
7	145	99996
7	146	99374
7	147	99964
7	148	99360
7	149	100000
7	150	99358
7	151	99999
7	152	99316
7	153	99974
7	154	99362
7	155	99998
7	156	99283
7	157	99998
7	158	99353
7	159	99963
7	160	99390
7	161	99998
7	162	99246
7	163	99995
7	164	99394
7	165	99962
7	166	99314
7	167	99994
7	168	99274
7	169	99992
7	170	99337
7	171	99956
7	172	99357
7	173	99994
7	174	99279
7	175	99988
7	176	99302
7	177	99957
7	178	99331
7	179	99996
7	180	99283
7	181	99985
7	182	99347
7	183	99966
7	184	99297
7	185	99987
7	186	99268
7	187	99994
7	188	99332
7	189	99956
7	190	99322
7	191	99987
7	192	99239
7	193	99987
7	194	99338
7	195	99950
7	196	99304
7	197	99985
7	198	99282
7	199	99981
7	200	99330
7	201	99934
7	202	99284
7	203	99954
7	204	99222
7	205	99978
7	206	99285
7	207	99937
7	208	99251
7	209	99935
7	210	99269
7	211	99966
7	212	99279
7	213	99933
7	214	99266
7	215	99908
7	216	99212
7	217	99965
7	218	99200
7	219	99927
7	220	99264
7	221	99909
7	222	99222
7	223	99954
7	224	99246
7	225	99902
7	226	99232
7	227	99918
7	228	99226
7	229	99934
7	230	99231
7	231	99907
7	232	99255
7	233	99911
7	234	99152
7	235	99909
7	236	99179
7	237	99874
7	238	99174
7	239	99864
7	240	99138
7	241	99900
7	242	99124
7	243	99858
7	244	99250
7	245	99852
7	246	99205
7	247	99881
7	248	99084
7	249	99844
7	250	99159
7	251	99130
7	252	98533
7	253	99222
7	254	98604
7	255	99172
7	256	98550
7	257	99363
7	258	98601
7	259	99364
7	260	98680
7	261	99410
7	262	98791
7	263	99443
7	264	98779
7	265	99452
7	266	98718
7	267	99546
7	268	98791
7	269	99519
7	270	98791
7	271	99466
7	272	98752
7	273	99525
7	274	98797
7	275	99330
7	276	98756
7	277	99507
7	278	98778
7	279	99472
7	280	98688
7	281	99524
7	282	98696
7	283	99420
7	284	98636
7	285	99341
7	286	98829
7	287	99516
7	288	98692
7	289	99451
7	290	98808
7	291	99429
7	292	98617
7	293	99504
7	294	98657
7	295	99325
7	296	98496
7	297	99428
7	298	98657
7	299	99344
7	300	98689
7	301	99190
7	302	98566
7	303	99190
7	304	98389
7	305	99179
7	306	98460
7	307	99082
7	308	98529
7	309	99141
7	310	98465
7	311	99155
7	312	98195
7	313	99015
7	314	98297
7	315	98976
7	316	98273
7	317	98928
7	318	98186
7	319	98773
7	320	98047
7	321	98851
7	322	97921
7	323	98716
7	324	97951
7	325	98614
7	326	97893
7	327	98522
7	328	97900
7	329	98549
7	330	97853
7	331	98358
7	332	97667
7	333	98139
7	334	96340
7	335	97868
7	336	96051
7	337	97822
7	338	96280
7	339	97915
7	340	96392
7	341	97769
7	342	96342
7	343	97755
7	344	96311
7	345	97580
7	346	96210
7	347	97628
7	348	96184
7	349	97550
7	350	96146
7	351	97409
7	352	95501
7	353	97542
7	354	95792
7	355	97361
7	356	95943
7	357	97187
7	358	95485
7	359	96945
7	360	94977
7	361	96979
7	362	95291
7	363	96468
7	364	95586
7	365	96897
7	366	95068
7	367	96508
7	368	94767
7	369	96365
7	370	95018
7	371	96281
7	372	94796
7	373	95941
7	374	94574
7	375	95996
7	376	94039
7	377	95665
7	378	93727
7	379	95268
7	380	93692
7	381	95212
7	382	93481
7	383	95009
7	384	93414
7	385	94662
7	386	93171
7	387	94259
7	388	92915
7	389	94074
7	390	92644
7	391	93832
7	392	92210
7	393	93589
7	394	91644
7	395	93312
7	396	91446
7	397	92703
7	398	90812
7	399	92117
7	400	91817
7	401	93425
7	402	92154
7	403	93020
7	404	91545
7	405	92429
7	406	91026
7	407	92322
7	408	90753
7	409	92042
7	410	90442
7	411	91275
7	412	89872
7	413	91300
7	414	89946
7	415	90848
7	416	88919
7	417	90221
7	418	88406
7	419	90060
7	420	88762
7	421	89540
7	422	87926
7	423	89133
7	424	87050
7	425	88824
7	426	86917
7	427	88481
7	428	86949
7	429	87702
7	430	85801
7	431	87351
7	432	85150
7	433	86877
7	434	85188
7	435	86369
7	436	84286
7	437	86256
7	438	83741
7	439	85216
7	440	84085
7	441	84751
7	442	82562
7	443	83974
7	444	81468
7	445	84514
7	446	82842
7	447	83932
7	448	81915
7	449	83356
7	450	80714
7	451	82286
7	452	81127
7	453	82118
7	454	79866
7	455	80621
7	456	79273
7	457	79838
7	458	79216
7	459	79235
7	460	77322
7	461	78599
7	462	78351
7	463	78853
7	464	76772
7	465	77662
7	466	75751
7	467	77008
7	468	74940
7	469	76100
7	470	74022
7	471	75829
7	472	74251
7	473	74827
7	474	73144
7	475	73733
7	476	72035
7	477	72781
7	478	70906
7	479	71848
7	480	69998
7	481	71281
7	482	69804
7	483	70768
7	484	68959
7	485	69646
7	486	67871
7	487	68484
7	488	66606
7	489	67932
7	490	64634
7	491	66435
7	492	65113
7	493	65770
7	494	63645
7	495	64694
7	496	62944
7	497	63625
7	498	62024
7	499	62142
7	500	62620
7	501	2055
7	502	3654
7	503	5561
7	504	6995
7	505	8321
7	506	9816
7	507	11542
7	508	12793
7	509	14338
7	510	14725
7	511	16753
7	512	17710
7	513	19242
7	514	19961
7	515	21234
7	516	21810
7	517	23393
7	518	24285
7	519	25081
7	520	25117
7	521	27155
7	522	27617
7	523	28220
7	524	28883
7	525	29389
7	526	29601
7	527	31572
7	528	31158
7	529	32168
7	530	31799
7	531	33003
7	532	32767
7	533	33605
7	534	34180
7	535	34171
7	536	35292
7	537	35510
7	538	35878
7	539	35359
7	540	34174
7	541	35774
7	542	36032
7	543	35553
7	544	35173
7	545	34706
7	546	37494
7	547	36823
7	548	37388
7	549	36565
7	550	35409
7	551	36154
7	552	35839
7	553	35456
7	554	35545
7	555	35385
7	556	34311
7	557	35015
7	558	33888
7	559	34029
7	560	33682
7	561	34052
7	562	33635
7	563	33206
7	564	32068
7	565	31607
7	566	32207
7	567	31552
7	568	30139
7	569	30537
7	570	29339
7	571	28680
7	572	32771
7	573	31267
7	574	31146
7	575	29867
7	576	27932
7	577	29402
7	578	28263
7	579	27588
7	580	27379
7	581	26654
7	582	26043
7	583	26070
7	584	24881
7	585	23613
7	586	24468
7	587	23362
7	588	22512
7	589	23496
7	590	22052
7	591	21899
7	592	20850
7	593	21572
7	594	20296
7	595	19964
7	596	20072
7	597	18843
7	598	18820
7	599	18271
7	600	17128
7	601	16850
7	602	16217
7	603	15984
7	604	15033
7	605	15487
7	606	14478
7	607	14566
7	608	13374
7	609	13615
7	610	13052
7	611	12869
7	612	11763
7	613	12090
7	614	11371
7	615	10732
7	616	11189
7	617	11070
7	618	10832
7	619	10295
7	620	9739
7	621	9745
7	622	9178
7	623	9319
7	624	8035
7	625	8054
7	626	7491
7	627	7506
7	628	6891
7	629	7081
7	630	6560
7	631	6138
7	632	6041
7	633	6090
7	634	5581
7	635	5446
7	636	5025
7	637	5147
7	638	4690
7	639	4486
7	640	4189
7	641	4260
7	642	4031
7	643	3891
7	644	3475
7	645	3533
7	646	3261
7	647	3256
7	648	2655
7	649	2943
7	650	2708
7	651	2568
7	652	2314
7	653	2305
7	654	2175
7	655	2024
7	656	1800
7	657	1876
7	658	1698
7	659	1705
7	660	1460
7	661	1532
7	662	1284
7	663	1214
7	664	1005
7	665	1065
7	666	847
7	667	3860
7	668	3296
7	669	2952
7	670	2791
7	671	2506
7	672	2083
7	673	2093
7	674	2026
7	675	1769
7	676	1452
7	677	1532
7	678	1544
7	679	1284
7	680	1073
7	681	1113
7	682	1024
7	683	942
7	684	774
7	685	702
7	686	752
7	687	657
7	688	501
7	689	544
7	690	495
7	691	448
7	692	429
7	693	359
7	694	318
7	695	274
7	696	304
7	697	268
7	698	288
7	699	218
7	700	167
7	701	171
7	702	168
7	703	179
7	704	97
7	705	110
7	706	138
7	707	139
7	708	102
7	709	96
7	710	90
7	711	91
7	712	70
7	713	78
7	714	69
7	715	68
7	716	44
7	717	46
7	718	35
7	719	48
7	720	36
7	721	27
7	722	34
7	723	18
7	724	22
7	725	17
7	726	20
7	727	23
7	728	60
7	729	50
7	730	52
7	731	31
7	732	25
7	733	17
7	734	25
7	735	23
7	736	16
7	737	18
7	738	10
7	739	7
7	740	8
7	741	7
7	742	14
7	743	6
7	744	3
7	745	7
7	746	4
7	747	3
7	748	4
7	749	4
7	750	1
7	751	1
7	752	2
7	753	2
7	754	2
7	755	1
7	756	2
7	757	1
7	758	1
7	759	2
7	760	3
7	761	1
7	762	1
7	763	2
7	764	1
7	765	1
7	766	0
7	767	2
7	768	0
7	769	1
7	770	0
7	771	3
7	772	3
7	773	0
7	774	0
7	775	0
7	776	0
7	777	0
7	778	0
7	779	2
7	780	0
7	781	1
7	782	0
7	783	0
7	784	0
7	785	0
7	786	0
7	787	0
7	788	1
7	789	0
7	790	1
7	791	0
7	792	0
7	793	0
7	794	0
7	795	0
7	796	0
7	797	0
7	798	0
7	799	0
7	800	13
7	801	29
7	802	10
7	803	10
7	804	4
7	805	5
7	806	4
7	807	4
7	808	3
7	809	3
7	810	1
7	811	0
7	812	0
7	813	0
7	814	0
7	815	0
7	816	1
7	817	0
7	818	1
7	819	0
7	820	0
7	821	0
7	822	0
7	823	0
7	824	0
7	825	0
7	826	0
7	827	0
7	828	0
7	829	0
7	830	0
7	831	0
7	832	0
7	833	0
7	834	0
7	835	0
7	836	0
7	837	0
7	838	0
7	839	0
7	840	0
7	841	0
7	842	0
7	843	0
7	844	0
7	845	0
7	846	0
7	847	0
7	848	0
7	849	0
7	850	0
7	851	0
7	852	0
7	853	0
7	854	0
7	855	0
7	856	0
7	857	0
7	858	0
7	859	0
7	860	0
7	861	0
7	862	0
7	863	0
7	864	0
7	865	0
7	866	0
7	867	0
7	868	0
7	869	0
7	870	0
7	871	0
7	872	0
7	873	0
7	874	0
7	875	0
7	876	0
7	877	0
7	878	0
7	879	0
7	880	0
7	881	0
7	882	0
7	883	0
7	884	0
7	885	0
7	886	0
7	887	0
7	888	0
7	889	0
7	890	0
7	891	0
7	892	0
7	893	0
7	894	0
7	895	0
7	896	0
7	897	0
7	898	0
7	899	0
7	900	0
7	901	0
7	902	0
7	903	0
7	904	0
7	905	0
7	906	0
7	907	0
7	908	0
7	909	0
7	910	0
7	911	0
7	912	0
7	913	0
7	914	0
7	915	0
7	916	0
7	917	0
7	918	0
7	919	0
7	920	0
7	921	0
7	922	0
7	923	0
7	924	0
7	925	0
7	926	0
7	927	0
7	928	0
7	929	0
7	930	0
7	931	0
7	932	0
7	933	0
7	934	0
7	935	0
7	936	0
7	937	0
7	938	0
7	939	0
7	940	0
7	941	0
7	942	0
7	943	0
7	944	0
7	945	0
7	946	0
7	947	0
7	948	0
7	949	0
7	950	0
7	951	0
7	952	0
7	953	0
7	954	0
7	955	0
7	956	0
7	957	0
7	958	0
7	959	0
7	960	0
7	961	0
7	962	0
7	963	0
7	964	0
7	965	0
7	966	0
7	967	0
7	968	0
7	969	0
7	970	0
7	971	0
7	972	0
7	973	0
7	974	0
7	975	0
7	976	0
7	977	0
7	978	0
7	979	0
7	980	0
7	981	0
7	982	0
7	983	0
7	984	0
7	985	0
7	986	0
7	987	0
7	988	0
7	989	0
7	990	0
7	991	0
7	992	0
7	993	0
7	994	0
7	995	0
7	996	0
7	997	0
7	998	0
7	999	0
7	1000	0
