1	1	1000000
2	1	1000000
3	1	1000000
4	1	1000000
5	1	1000000
6	1	1000000
7	1	1000000
8	1	1000000
9	1	1000000
10	1	1000000
11	1	1000000
12	1	1000000
13	1	1000000
14	1	1000000
15	1	1000000
16	1	1000000
17	1	1000000
18	1	1000000
19	1	1000000
20	1	999990	2	10
21	1	1000000
22	1	999973	2	27
23	1	1000000
24	1	999927	2	73
25	1	1000000
26	1	999895	2	105
27	1	1000000
28	1	999842	2	158
29	1	1000000
30	1	999798	2	202
31	1	999997	2	3
32	1	999740	2	260
33	1	999807	2	193
34	1	999710	2	290
35	1	999973	2	27
36	1	999290	2	709	3	1
37	1	999972	2	28
38	1	999589	2	411
39	1	999890	2	108	3	2
40	1	998999	2	1001
41	1	999836	2	164
42	1	999073	2	924	3	3
43	1	999653	2	347
44	1	998253	2	1747
45	1	997312	2	2684	3	4
46	1	995386	2	4609	3	5
47	1	995404	2	4583	3	13
48	1	993496	2	6489	3	15
49	1	987468	2	12513	3	19
50	1	996161	2	3835	3	4
51	1	997677	2	2320	3	3
52	1	993509	2	6469	3	21	4	1
53	1	982361	2	17618	3	21
54	1	990857	2	9104	3	39
55	1	984708	2	15202	3	90
56	1	975420	2	24422	3	158
57	1	976018	2	23678	3	298	4	6
58	1	979252	2	20596	3	147	4	5
59	1	960215	2	39239	3	536	4	10
60	1	960197	2	39173	3	616	4	14
61	1	963253	2	36131	3	614	4	2
62	1	931413	2	66648	3	1915	4	24
63	1	949208	2	49506	3	1267	4	18	5	1
64	1	922259	2	74971	3	2702	4	65	5	3
65	1	878615	2	115260	3	5924	4	196	5	5
66	1	854758	2	135754	3	8995	4	485	5	7	6	1
67	1	923185	2	73984	3	2753	4	78
68	1	852449	2	137389	3	9744	4	411	5	7
69	1	845803	2	142459	3	11151	4	571	5	16
70	1	815417	2	166249	3	17188	4	1098	5	47	6	1
71	1	766993	2	204987	3	25800	4	2091	5	123	6	6
72	1	745123	2	220616	3	31036	4	3015	5	197	6	12	7	1
73	1	709929	2	247517	3	38149	4	4022	5	358	6	22	7	3
74	1	649275	2	287125	3	56121	4	6738	5	684	6	56	8	1
75	1	633681	2	294062	3	63010	4	8375	5	807	6	58	7	5	8	2
76	1	593999	2	312474	3	79076	4	12730	5	1560	6	148	7	13
77	1	573679	2	321398	3	87068	4	15567	5	2049	6	214	7	25
78	1	511461	2	346773	3	111980	4	24835	5	4256	6	593	7	93	8	9
79	1	448832	2	370556	3	139503	4	33977	5	6096	6	918	7	102	8	14	9	2
80	1	330749	2	392305	3	200009	4	60858	5	13384	6	2277	7	363	8	51	9	4
81	1	350164	2	375684	3	188610	4	64600	5	16710	6	3500	7	608	8	116	9	8
82	1	282257	2	371321	3	226442	4	87904	5	24860	6	5796	7	1162	8	212	9	40	10	4	11	1	12	1
83	1	225722	2	355541	3	253236	4	114821	5	37973	6	9914	7	2242	8	454	9	81	10	15	11	1
84	1	197184	2	339654	3	268966	4	131145	5	46232	6	12872	7	3144	8	665	9	118	10	16	11	3	12	1
85	1	150343	2	296819	3	278329	4	167203	5	73322	6	24905	7	6874	8	1758	9	369	10	62	11	13	12	2	13	1
86	1	114067	2	267793	3	284626	4	190356	5	92902	6	35287	7	10920	8	3063	9	774	10	174	11	30	12	7	13	1
87	1	97478	2	232510	3	270215	4	203693	5	115156	6	52464	7	19794	8	6334	9	1779	10	472	11	81	12	19	13	5
88	1	48558	2	167744	3	258323	4	242670	5	158604	6	78276	7	31239	8	10365	9	3141	10	801	11	218	12	48	13	12	16	1
89	1	51953	2	165469	3	244453	4	231275	5	160162	6	87147	7	38433	8	14623	9	4597	10	1397	11	370	12	97	13	21	14	2	15	1
90	1	20417	2	88409	3	179230	4	228547	5	206588	6	142328	7	78270	8	35800	9	13919	10	4578	11	1405	12	382	13	100	14	22	15	5
91	1	18629	2	82859	3	165841	4	211908	5	200589	6	149959	7	91570	8	46575	9	20520	10	7799	11	2691	12	760	13	228	14	57	15	9	16	4	17	2
92	1	8328	2	44922	3	114275	4	183563	5	209706	6	181832	7	126505	8	72890	9	35075	10	14830	11	5535	12	1835	13	511	14	153	15	35	16	5
93	1	7792	2	41496	3	100588	4	158833	5	189204	6	180657	7	140956	8	91131	9	50406	10	23863	11	9893	12	3545	13	1167	14	340	15	102	16	20	17	5	18	1	19	1
94	1	1563	2	12362	3	43810	4	97574	5	154596	6	188828	7	181722	8	141448	9	90928	10	49548	11	23215	12	9470	13	3369	14	1083	15	369	16	85	17	26	18	3	19	1
95	1	1858	2	14680	3	45814	4	88535	5	128325	6	155756	7	162263	8	145662	9	111965	10	72752	11	40469	12	19486	13	8136	14	2977	15	942	16	274	17	75	18	20	19	11
96	1	424	2	4068	3	16980	4	45426	5	87145	6	132536	7	162455	8	166555	9	144484	10	106555	11	67403	12	37066	13	17551	14	7345	15	2755	16	925	17	249	18	63	19	11	20	1	21	3
97	1	301	2	3879	3	16745	4	39430	5	68191	6	97666	7	127241	8	147710	9	149823	10	130501	11	97108	12	61617	13	33703	14	15980	15	6641	16	2380	17	765	18	241	19	54	20	14	21	8	23	1	25	1
98	1	164	2	1296	3	6168	4	18696	5	41327	6	72217	7	106005	8	135051	9	150278	10	145363	11	122999	12	89500	13	56097	14	30993	15	14481	16	6111	17	2235	18	716	19	221	20	76	21	5	22	1
99	1	65	2	1183	3	6752	4	19633	5	38477	6	59322	7	81224	8	104706	9	125705	10	136702	11	132736	12	111788	13	81415	14	51173	15	27453	16	13220	17	5537	18	1969	19	652	20	218	21	54	22	13	23	3
100	1	91006	2	45	3	980	4	6289	5	18022	6	35247	7	54088	8	74276	9	94932	10	114068	11	123922	12	120290	13	101189	14	73549	15	46453	16	25707	17	12162	18	5054	19	1841	20	623	21	191	22	52	23	11	24	2	25	1
