v1	v2	v3	v4	v5	v6	v7	v8	v9	v10	over10
1000000	0	0	0	0	0	0	0	0	0	0
1000000	0	0	0	0	0	0	0	0	0	0
1000000	0	0	0	0	0	0	0	0	0	0
1000000	0	0	0	0	0	0	0	0	0	0
1000000	0	0	0	0	0	0	0	0	0	0
1000000	0	0	0	0	0	0	0	0	0	0
1000000	0	0	0	0	0	0	0	0	0	0
1000000	0	0	0	0	0	0	0	0	0	0
1000000	0	0	0	0	0	0	0	0	0	0
992131	7869	0	0	0	0	0	0	0	0	0
1000000	0	0	0	0	0	0	0	0	0	0
984616	15384	0	0	0	0	0	0	0	0	0
1000000	0	0	0	0	0	0	0	0	0	0
978739	21261	0	0	0	0	0	0	0	0	0
998985	0	1015	0	0	0	0	0	0	0	0
974302	25698	0	0	0	0	0	0	0	0	0
1000000	0	0	0	0	0	0	0	0	0	0
968281	29655	2064	0	0	0	0	0	0	0	0
999366	634	0	0	0	0	0	0	0	0	0
967070	32653	0	277	0	0	0	0	0	0	0
995835	1065	3100	0	0	0	0	0	0	0	0
962242	37758	0	0	0	0	0	0	0	0	0
996800	3200	0	0	0	0	0	0	0	0	0
954020	41330	4010	640	0	0	0	0	0	0	0
997794	2108	0	0	98	0	0	0	0	0	0
950431	49488	81	0	0	0	0	0	0	0	0
989192	6165	4643	0	0	0	0	0	0	0	0
945906	52741	521	832	0	0	0	0	0	0	0
987672	12328	0	0	0	0	0	0	0	0	0
921764	71657	6302	0	234	43	0	0	0	0	0
967207	32422	371	0	0	0	0	0	0	0	0
908338	87921	2418	1323	0	0	0	0	0	0	0
916231	73862	9639	244	24	0	0	0	0	0	0
927743	71010	1176	71	0	0	0	0	0	0	0
940017	58349	1184	70	356	0	24	0	0	0	0
870194	116024	12053	1586	53	90	0	0	0	0	0
917961	78584	2771	684	0	0	0	0	0	0	0
859550	131939	7851	614	32	14	0	0	0	0	0
895784	90403	13195	589	17	12	0	0	0	0	0
785558	197910	13721	2328	475	0	0	8	0	0	0
856563	133378	9556	413	90	0	0	0	0	0	0
773391	195490	27566	2863	410	219	61	0	0	0	0
816222	168278	14581	705	210	4	0	0	0	0	0
711904	247808	34779	4719	646	144	0	0	0	0	0
698719	249927	46014	4374	850	82	22	6	6	0	0
613598	314664	62558	8159	704	257	60	0	0	0	0
636655	294827	58153	8930	1199	179	51	6	0	0	0
565564	341053	75197	15880	1524	708	24	50	0	0	0
537717	359018	83765	15746	2928	535	248	24	19	0	0
572455	314991	97720	13060	1601	169	0	0	0	4	0
667268	258018	62523	10817	1170	148	56	0	0	0	0
510518	349371	111163	24532	3791	374	235	14	0	2	0
503333	367461	105057	20065	3528	436	86	17	17	0	0
453953	377029	130823	31290	5496	955	362	54	17	21	0
410234	383591	159086	36844	8137	1642	372	80	12	0	2
330343	399796	193295	58702	13907	3075	505	311	49	1	16
341405	375770	191814	68109	17350	3861	1323	211	124	25	8
292736	384936	222583	76130	18601	3775	701	407	112	19	0
256240	370912	244911	91284	28026	6589	1404	390	196	23	25
209710	333039	283437	119817	39019	11191	2825	624	250	68	20
234695	336070	251660	121826	39642	11977	3216	588	205	88	33
156498	299383	284428	165352	65155	20742	5813	1864	483	212	70
184709	292346	277442	155878	61314	20059	5652	1638	620	240	102
124095	254097	286502	195099	89681	33414	11699	3643	1122	403	245
90182	217415	285525	215697	116472	48324	17691	5682	1959	698	355
72220	195249	262320	224635	138245	65213	26537	10180	3398	1268	735
114080	220580	282009	211238	105592	44120	15445	4644	1393	607	292
68810	167678	249079	239780	153863	73514	30495	11283	3540	1134	824
58342	165925	234494	231044	163545	86142	37579	15068	5409	1457	995
39715	123923	201013	228349	195378	118388	55664	23636	8949	3210	1775
28829	105124	189361	227384	194436	128269	70733	32847	14153	5583	3281
22341	86785	164183	211802	205664	148348	85334	42284	19845	8266	5148
18403	74814	153289	204283	204271	158390	96331	49278	23639	10966	6336
10329	50106	121417	187280	201877	178628	121517	68778	32596	16243	11229
12554	37121	102086	168379	197896	179175	136992	84084	45252	21031	15430
10941	27267	82496	149199	190490	186103	145648	97189	55380	29334	25953
9816	26150	71517	138281	183014	187057	151574	103819	63273	33926	31573
3959	19578	57761	112547	161485	178580	163379	124736	81202	47738	49035
2637	14074	42461	92690	146438	175445	170811	138451	95814	57399	63780
500	3725	17531	47222	95347	145475	175568	169939	135855	91940	116898
1071	6789	24894	62061	108556	143823	159642	150956	123994	89701	128513
249	2618	13146	39505	81311	124748	156006	160261	140130	108503	173523
160	1773	8242	27522	63162	106705	140184	155898	147720	122360	226274
267	587	3897	16351	43523	85241	125120	149381	153822	134838	286973
206	588	3003	11597	32323	62600	99148	129950	143057	141825	375703
23	213	1612	6657	22152	48045	84648	118211	139615	143315	435509
22	319	1185	5716	17746	41487	71787	102897	126802	134736	497303
4	24	218	1178	4532	15443	39642	74449	109169	134850	620491
11	56	404	1908	7113	19844	40208	67992	96226	119917	646321
0	6	40	177	1097	4760	13868	31490	58966	90178	799418
0	4	62	474	2191	7275	17802	34313	56272	80584	801023
0	3	3	46	261	1390	4954	14234	31679	58027	889403
0	0	8	94	650	2608	8176	17662	30735	47082	892985
0	0	0	0	19	200	1050	3683	10203	23451	961394
0	0	0	7	108	640	2308	6503	13214	21904	955316
0	0	0	0	2	10	157	580	2396	7485	989370
0	0	0	0	14	169	946	2882	7023	11664	977302
0	0	0	0	0	3	21	196	877	2882	996021
0	0	0	0	1	28	269	1152	3236	6845	988469
40708	0	0	0	0	2	40	234	1112	3032	954872
