v1	v2	v3	v4	v5	v6	v7	v8	v9	v10	over10
1000000	0	0	0	0	0	0	0	0	0	0
1000000	0	0	0	0	0	0	0	0	0	0
1000000	0	0	0	0	0	0	0	0	0	0
1000000	0	0	0	0	0	0	0	0	0	0
1000000	0	0	0	0	0	0	0	0	0	0
900494	99506	0	0	0	0	0	0	0	0	0
1000000	0	0	0	0	0	0	0	0	0	0
857012	142988	0	0	0	0	0	0	0	0	0
964211	0	35789	0	0	0	0	0	0	0	0
832898	167102	0	0	0	0	0	0	0	0	0
1000000	0	0	0	0	0	0	0	0	0	0
763226	163767	54730	18277	0	0	0	0	0	0	0
1000000	0	0	0	0	0	0	0	0	0	0
794943	205057	0	0	0	0	0	0	0	0	0
911862	11013	65921	0	11204	0	0	0	0	0	0
780206	190882	0	28912	0	0	0	0	0	0	0
966618	33382	0	0	0	0	0	0	0	0	0
676222	242586	73718	0	0	7474	0	0	0	0	0
895117	91765	13118	0	0	0	0	0	0	0	0
689852	256781	0	35441	17926	0	0	0	0	0	0
768203	126302	95045	5240	0	0	5210	0	0	0	0
604201	343467	52332	0	0	0	0	0	0	0	0
796539	177508	21597	4356	0	0	0	0	0	0	0
553493	284559	107077	39150	0	11669	0	4052	0	0	0
749790	203361	25137	0	21712	0	0	0	0	0	0
462649	460506	59904	13497	3444	0	0	0	0	0	0
640002	230593	98777	24532	2993	0	0	0	3103	0	0
512851	322254	102524	45428	5622	2883	8438	0	0	0	0
574349	365085	34112	23819	2635	0	0	0	0	0	0
302814	396529	202125	46805	34385	14868	0	0	0	2474	0
453344	390399	110358	29733	11533	4633	0	0	0	0	0
280093	387095	225375	60297	32229	6360	2153	6398	0	0	0
278406	352760	251697	74483	26432	8176	4076	1930	0	0	2040
329710	414948	189062	37892	17059	11329	0	0	0	0	0
308135	397285	205214	30505	28615	12417	16072	1757	0	0	0
198315	323064	282977	126673	26850	26932	6834	1650	5005	0	1700
221413	390594	220195	137615	7857	8090	11110	3126	0	0	0
137994	311814	324812	165539	31332	10518	10444	6105	1442	0	0
175143	287629	312708	169023	22507	14255	9951	5884	1446	0	1454
63369	259278	287257	215957	98227	40718	12109	16293	1362	5430	0
109905	298903	285297	196091	79081	5090	8957	9108	7568	0	0
77915	171845	289321	217789	150675	43822	26834	4900	12131	2402	2366
81299	209050	316937	211820	136812	13941	8082	6945	8154	6960	0
36279	147220	258728	255733	166023	98785	7628	9841	7592	6611	5560
36426	105725	230870	290730	186489	102287	13624	8574	6383	12585	6307
10004	99163	205005	270757	218844	115416	56855	4920	3012	5045	10979
14416	99499	219771	250550	191136	135805	51320	18270	946	3851	14436
6392	68384	137271	253241	219690	173543	72064	39596	8418	2886	18515
3640	61411	164246	247618	228970	136528	92022	28467	16710	3527	16861
72837	24742	84588	158617	224439	191671	147901	58579	27948	5215	3463
106947	48195	126671	173923	215183	165241	89320	37594	12281	8242	16403
33765	50937	87322	136311	219571	192108	163696	70190	16393	8591	21116
28554	73916	100680	170016	190832	176883	132062	65844	26352	14517	20344
10287	39986	70750	131325	194442	209046	147390	101230	44396	21275	29873
18227	27348	73405	100583	186319	197664	160044	112493	60807	22498	40612
10118	10290	35792	90822	132575	214842	189544	155722	84272	26283	49740
12267	25200	30848	94867	126979	162637	202396	148704	95652	49732	50718
13143	4303	14439	58188	127372	170341	185811	203630	109879	63138	49756
9006	12772	25389	40709	118314	136005	184676	174360	148622	73077	77070
7007	6948	13008	13970	42457	133561	155860	173194	186093	123333	144569
8490	15412	15478	32541	57415	124052	166038	163215	148458	118338	150563
3265	8711	7549	11857	32938	96502	152808	175985	153914	145821	210650
7372	10702	11664	26280	28012	63220	122502	173432	188210	147807	220799
2123	9631	6735	4598	19286	39974	103167	157698	157410	162265	337113
471	6409	9947	9783	26705	32020	61630	110532	166742	163489	412272
0	3812	9760	9103	10105	22805	54645	101002	138088	157196	493484
3245	4750	12109	11192	10694	36432	51944	92572	154762	180872	441428
1342	3130	6903	10898	3630	9504	26508	66048	113872	156912	601253
0	2143	6061	13380	14843	16242	35823	50723	79217	129323	652245
0	1233	822	10836	8416	9897	14804	30574	53689	97196	772533
0	0	3609	2063	16245	11894	20206	39443	60988	73438	772114
0	0	2462	5322	6814	10880	8763	13221	43550	70546	838442
0	0	1184	2756	11124	13848	14859	20767	31284	60921	843257
0	0	0	2711	2646	14191	6805	12077	18233	42214	901123
772	353	0	355	2607	6970	17831	13560	23385	25765	908402
737	363	366	0	3905	1512	9310	10133	6736	20169	946769
311	1107	333	764	691	2730	8952	13367	20462	17890	933393
0	0	724	352	1710	2719	3368	11038	8617	16793	954679
0	356	313	673	336	2005	2404	10854	15407	16615	951037
0	0	0	0	650	308	1331	1969	8943	9727	977072
0	0	310	301	0	953	3142	2855	10659	13774	968006
0	0	0	0	0	0	1842	3809	1891	10181	982277
0	0	0	304	331	0	0	2503	3258	7373	986231
0	0	0	0	0	0	0	0	4129	2309	993562
0	0	0	0	293	303	0	293	0	3786	995325
0	0	0	0	0	0	0	0	557	2271	997172
0	0	0	0	0	257	293	0	0	857	998593
0	0	0	0	0	0	0	0	0	0	1000000
0	0	0	0	0	0	275	277	0	260	999188
0	0	0	0	0	0	0	0	0	0	1000000
0	0	0	0	0	0	0	240	253	0	999507
0	0	0	0	0	0	0	0	0	0	1000000
0	0	0	0	0	0	0	0	274	237	999489
0	0	0	0	0	0	0	0	0	0	1000000
0	0	0	0	0	0	0	0	0	221	999779
0	0	0	0	0	0	0	0	0	0	1000000
0	0	0	0	0	0	0	0	0	0	1000000
0	0	0	0	0	0	0	0	0	0	1000000
0	0	0	0	0	0	0	0	0	0	1000000
20026	0	0	0	0	0	0	0	0	0	979974
