1	1	1000000
2	1	1000000
3	1	1000000
4	1	666045	2	333955
5	1	1000000
6	1	399812	2	400675	3	199513
7	1	1000000
8	1	571555	2	285761	4	142684
9	1	749681	3	250319
10	1	444816	2	444916	5	110268
11	1	899806	2	100194
12	1	363509	2	181944	3	181837	4	181347	6	91363
13	1	916752	2	83248
14	1	307582	2	615334	7	77084
15	1	429146	2	141928	3	286233	5	142693
16	1	266728	2	532781	4	134340	8	66151
17	1	437345	2	562655
18	2	588444	3	235683	6	117147	9	58726
19	1	55568	2	723169	3	221263
20	1	104922	2	52805	3	420326	4	263562	5	105453	10	52932
21	1	100251	2	99812	3	449292	4	200351	5	50083	7	100211
22	1	47364	2	191173	3	618686	5	94898	11	47879
23	1	91201	2	363956	3	317688	4	181593	5	45562
24	1	43580	2	43489	3	390884	4	217757	5	86956	6	87329	8	86560	12	43445
25	1	166451	3	208497	4	333214	5	125242	6	166596
26	1	40359	2	120016	3	199532	4	360157	5	200229	7	39860	13	39847
27	1	76404	2	115365	3	77199	4	385270	5	153893	6	38196	7	76992	9	76681
28	1	36941	2	110994	3	111650	4	333870	5	110827	6	147911	7	74115	8	36587	14	37105
29	2	107036	3	178588	4	357313	5	285157	7	35851	8	36055
30	3	34462	4	137585	5	345895	6	240480	8	138656	10	68694	15	34228
31	2	66267	3	99865	4	167199	5	400250	6	67153	7	133204	9	66062
32	3	32051	4	64093	5	387467	6	289897	7	32512	8	64624	9	64890	10	32277	16	32189
33	3	62324	4	62366	5	124952	6	344136	7	187506	8	31070	9	94034	10	31387	11	62225
34	1	60329	3	60593	4	90936	5	181966	6	424512	7	90851	8	30212	9	30376	17	30225
35	2	58677	3	29428	5	118104	6	324097	7	205017	8	116999	10	118133	11	29545
36	3	57327	4	28553	5	28445	6	199687	7	400466	8	85757	9	28834	11	56858	12	85697	18	28376
37	4	166937	5	55479	6	83470	7	388790	8	194873	9	55231	11	27633	12	27587
38	4	27075	5	81030	6	53985	7	297337	8	405736	9	80840	11	27075	19	26922
39	4	52905	6	131777	7	210045	8	342189	9	131770	10	26411	11	26061	13	78842
40	5	25648	6	51004	7	51290	8	230561	9	282658	10	153406	11	25406	12	103068	13	25600	14	25464	20	25895
41	5	74698	6	24579	7	125334	8	275205	9	300819	10	74952	11	49720	13	49815	14	24878
42	5	24336	6	24605	7	48908	8	72686	9	316767	10	243894	11	121725	12	24581	13	24479	14	73392	21	24627
43	5	47329	6	47590	7	23997	8	119047	9	261324	10	310480	11	71640	12	23483	13	47849	14	23508	15	23753
44	6	46619	8	46265	9	255739	10	302147	11	163337	12	46370	14	69912	15	23184	16	23296	22	23131
45	6	23018	8	22768	9	22886	10	385688	11	250396	12	113459	13	22784	15	136605	16	22396
46	7	89159	8	22411	9	66611	10	111018	11	377332	12	199917	13	66599	16	44831	23	22122
47	6	21724	7	21567	8	43390	9	21932	10	65638	11	260469	12	326310	13	130551	14	43204	16	21796	17	43419
48	7	21362	8	21369	9	21261	10	43040	11	233765	12	233753	13	190979	14	42675	15	42682	16	63868	17	42451	18	21367	24	21428
49	7	20755	8	62546	9	20639	10	41337	12	396052	13	146481	14	187248	15	20778	16	41624	17	41635	18	20905
50	1	20486	7	20592	8	20288	10	61243	12	101744	13	264946	14	224746	15	143492	17	40554	18	81357	25	20552
51	1	40049	2	20015	8	20106	9	60438	11	120286	12	20036	13	339568	14	119530	15	99967	16	40060	17	20039	18	19969	19	59958	26	19979
52	2	19701	3	19654	9	39070	10	39483	11	39332	12	78085	13	136936	14	274517	15	156985	16	78621	17	19572	19	39172	20	39261	27	19611
53	2	19215	3	19246	4	19204	9	38505	10	38319	11	19141	12	57543	13	134650	14	231684	15	192212	16	57354	17	38300	18	38758	19	38388	20	38360	28	19121
54	4	18747	5	18916	9	18929	10	56394	12	37600	13	18889	14	244844	15	226614	16	151102	17	37716	18	18965	19	38027	20	56642	21	37611	29	19004
55	3	18400	5	18610	6	18437	10	18429	11	36945	13	92687	14	36787	15	296265	16	204160	17	92846	18	36898	20	18425	21	74134	22	18434	30	18543
56	6	17977	7	18204	11	36547	12	36343	13	18137	14	54137	15	127849	16	291039	17	182093	18	72313	19	18215	20	18415	21	18198	22	54531	23	18039	31	17963
57	4	17790	7	18008	8	17898	11	35760	12	17752	13	17717	14	53257	15	71839	16	213743	17	232136	18	143045	19	53440	21	17957	22	35898	23	35855	32	17905
58	8	17707	9	17536	11	35118	12	34840	13	17599	14	17728	15	87454	16	192756	17	263575	18	157830	19	52159	20	17668	22	17615	23	17526	24	35492	33	17397
59	5	17300	9	17331	10	17028	12	51314	14	17379	15	34634	16	51841	17	224547	18	223823	19	172771	20	68823	22	17284	23	51511	25	17062	34	17352
60	10	17152	11	16995	16	33583	17	118243	18	253960	19	237350	20	84953	21	85083	23	17075	24	84737	25	16959	26	16922	35	16988
61	6	16681	11	16517	12	16625	13	66568	15	16853	16	49807	17	49556	18	166783	19	200783	20	216776	21	66792	22	33490	25	49572	26	16507	36	16690
62	12	16578	13	48927	14	49023	16	32757	17	66247	18	98353	19	196314	20	180118	21	82139	22	65626	23	32678	24	16509	25	32779	26	32774	27	32953	37	16225
63	7	16172	13	16185	14	64677	15	16176	17	16175	18	64383	19	177334	20	193468	21	225788	22	32171	23	48401	24	16250	25	16018	26	48318	27	16224	28	16108	38	16152
64	14	15945	15	63541	16	15771	17	15790	18	31903	19	94995	20	222180	21	206458	22	158801	23	31686	24	31676	25	15779	27	47770	28	16051	29	16065	39	15589
65	8	15526	15	31545	16	15604	17	15581	18	31529	19	31518	20	125344	21	233499	22	219457	23	93349	24	15556	25	31209	26	31401	27	15608	28	62118	29	15588	40	15568
66	15	15321	16	76603	17	15259	18	15376	19	15358	20	45984	21	153576	22	200258	23	199711	24	92583	25	15401	26	15563	27	31017	28	15594	29	46153	30	30867	41	15376
67	9	15157	16	30395	17	60564	18	30316	19	30262	20	45169	21	75776	22	257310	23	212593	24	120718	25	30588	26	15196	29	15263	30	30424	31	15141	42	15128
68	17	30047	18	44924	19	29833	20	44526	21	59886	22	89911	23	239119	24	208558	25	74406	26	44473	27	14828	28	14859	29	14950	30	29964	31	29934	32	14941	43	14841
69	10	14615	17	14751	18	44295	19	29677	20	29326	21	29211	22	58822	23	132444	24	264494	25	176894	26	73092	27	29573	29	14641	30	14823	31	43977	32	14672	44	14693
70	17	14446	18	14707	20	28898	21	43453	22	14393	23	86986	24	188314	25	275244	26	115640	27	58096	28	58036	32	58183	33	29088	45	14516
71	11	14272	18	14155	19	42704	21	28856	22	85859	23	14282	24	85452	25	186160	26	242571	27	85793	28	57053	29	42730	30	14298	31	14122	33	43071	34	14277	46	14345
72	19	14131	20	28188	22	28289	23	84756	24	41858	25	156025	26	196772	27	224787	28	56467	29	14041	30	42301	31	13882	32	14149	33	14046	34	42465	35	14038	47	13805
73	12	13798	19	13801	20	27978	21	13911	22	13806	23	41814	24	55528	25	69524	26	208692	27	181031	28	180233	29	83008	31	27656	34	27512	35	27694	48	14014
74	19	13574	20	13837	21	40898	23	13790	24	68884	25	41081	26	68887	27	259794	28	150504	29	136788	30	54676	31	13844	32	27673	33	13599	35	41127	36	27551	49	13493
75	13	13519	20	13585	21	13750	24	13374	25	54230	26	54143	27	81256	28	242660	29	149104	30	175221	31	40529	32	27191	33	27258	34	13440	36	53936	37	13421	50	13383
76	22	40048	25	53492	26	40146	27	80195	28	160001	29	253772	30	119362	31	120071	32	26833	33	13225	34	13202	37	53094	38	13410	51	13149
77	14	13312	21	13093	22	26187	23	26219	26	65729	27	26569	28	66086	29	197207	30	197021	31	91725	32	131866	33	26402	34	13194	35	26418	37	13129	38	39415	39	13315	52	13113
78	22	12971	23	39041	24	13136	27	77766	28	64852	29	65102	30	207682	31	220179	32	52272	33	104072	34	38980	35	12892	36	12942	38	26077	39	26087	40	13007	53	12942
79	15	12825	23	12701	24	51363	28	76746	29	64138	30	127657	31	205832	32	231201	33	64069	34	38576	35	38482	39	38271	40	12742	41	12719	54	12678
80	29	37875	30	50400	31	164326	32	215580	33	202098	34	126920	35	38042	36	63200	37	12695	40	50725	41	12702	42	12671	55	12766
81	16	12613	24	12505	25	62798	29	37575	30	49952	31	75139	32	136960	33	212936	34	149426	35	74947	36	24995	37	49918	38	12589	41	49992	42	12453	43	12726	56	12476
82	25	12433	26	61926	29	12277	30	36408	31	49704	32	111809	33	160547	34	196937	35	161104	36	61229	37	12300	38	37083	42	49072	43	12303	44	12535	57	12333
83	17	12357	26	12275	27	61139	30	12240	31	24302	32	48858	33	109659	34	182663	35	195476	36	134205	37	60793	38	24340	39	36051	43	48879	44	12264	45	12181	58	12318
84	28	48177	31	23876	32	24196	33	72267	34	120297	35	205209	36	204989	37	96175	38	47854	39	36174	40	36173	44	48395	45	11897	46	12289	59	12032
85	18	11879	27	12022	28	11946	32	23735	33	23888	34	95218	35	130719	36	202202	37	214549	38	95315	39	47725	40	23729	41	23697	45	47809	46	11849	47	12051	60	11667
86	28	11562	29	58526	33	23564	34	23519	35	94021	36	165027	37	188186	38	187604	39	82318	40	23646	41	35206	42	23706	46	47496	47	11818	48	11945	61	11856
87	19	11693	29	11761	30	58559	34	23002	35	11781	36	93211	37	197423	38	185358	39	162505	40	93183	41	23456	42	34848	43	11840	47	46533	48	11651	49	11649	62	11547
88	31	45898	35	34380	36	11436	37	115069	38	218725	39	195070	40	172585	41	80675	43	34191	44	11601	48	46015	49	11584	50	11421	63	11350
89	20	11348	30	11350	31	11301	32	45652	36	34099	38	125644	39	204662	40	193255	41	170311	42	67678	43	11551	44	33644	49	45377	50	11409	51	11391	64	11328
90	31	11330	32	11248	39	157026	40	214131	41	202638	42	201227	43	67401	44	11101	45	45196	50	44929	51	11292	52	11275	65	11206
91	21	11222	32	11302	33	55737	37	44335	40	154829	41	200459	42	177735	43	177987	44	44164	46	44356	51	44649	52	11066	53	11075	66	11084
92	34	44209	38	44382	41	164731	42	208598	43	186951	44	186525	45	43721	47	43643	52	44287	53	10915	54	11000	67	11038
93	22	10821	33	10622	34	10711	35	43483	39	43769	42	173439	43	196255	44	184255	45	185331	46	21661	48	43452	53	43656	54	10886	55	10892	68	10767
94	34	10829	35	10724	36	42992	40	42923	43	193389	44	193808	45	193729	46	193224	49	42915	54	43216	55	10878	56	10734	69	10639
95	23	10663	35	10554	36	10561	41	42581	44	202764	45	191490	46	202159	47	212555	50	42558	55	42274	56	10661	57	10551	70	10629
96	37	42154	42	41785	45	200077	46	190097	47	199968	48	210105	51	41920	56	42247	57	10556	58	10533	71	10558
97	24	10224	36	10426	37	10312	38	41834	43	41731	46	197883	47	187410	48	188098	49	197660	52	41486	57	41642	58	10369	59	10453	72	10472
98	37	10194	38	10226	39	41199	44	41785	47	195080	48	196332	49	196339	50	195960	53	41082	58	41016	59	10369	60	10247	73	10171
99	25	10205	38	10121	39	10024	40	40643	45	40733	48	194285	49	193715	50	194379	51	194152	54	40378	59	40716	60	10099	61	10346	74	10204
100	1	10059	26	9991	39	10267	40	9915	41	40225	46	40581	49	192294	50	191825	51	191489	52	192786	55	40101	60	39999	61	10100	62	10055	75	10313
