1	1	1000000
2	1	1000000
3	1	1000000
4	1	1000000
5	1	1000000
6	1	1000000
7	1	1000000
8	1	971171	2	28829
9	1	1000000
10	1	952267	2	47733
11	1	1000000
12	1	933572	2	60540	3	5888
13	1	1000000
14	1	929973	2	70027
15	1	988804	3	11196
16	1	923209	2	74512	4	2279
17	1	1000000
18	1	897591	2	87725	3	14684
19	1	990244	2	9756
20	1	907604	2	87268	4	4086	5	1042
21	1	964011	2	18536	3	17453
22	1	881026	2	118229	3	745
23	1	970375	2	29625
24	1	855306	2	118049	3	20528	4	5524	6	593
25	1	970985	2	27087	5	1928
26	1	836423	2	160923	3	2654
27	1	929758	2	47469	3	22376	4	397
28	1	835960	2	147018	3	9886	4	6808	7	328
29	1	917603	2	81470	3	614	4	313
30	1	749742	2	207645	3	37715	4	1072	5	2760	6	1066
31	1	852584	2	137199	3	9677	4	540
32	1	718174	2	243136	3	27359	4	10197	5	909	8	225
33	1	733584	2	205538	3	53911	4	5945	5	1022
34	1	764981	2	212782	3	19693	4	2371	5	173
35	1	770810	2	204723	3	18251	4	2048	5	3343	6	154	7	671
36	1	644301	2	271925	3	65225	4	14924	5	1984	6	1485	9	156
37	1	705803	2	251072	3	30721	4	12265	6	139
38	1	592441	2	330027	3	61029	4	14197	5	1803	6	503
39	1	658364	2	253011	3	73477	4	13693	5	846	6	609
40	1	469239	2	390113	3	109054	4	23158	5	6531	6	880	7	467	8	450	10	108
41	1	571684	2	331806	3	77320	4	15339	5	3634	6	102	7	115
42	1	453624	2	356948	3	143911	4	29373	5	11147	6	3285	7	1712
43	1	495216	2	368615	3	108728	4	18300	5	8494	6	569	8	78
44	1	366077	2	396496	3	172496	4	45414	5	14246	6	5065	7	65	8	68	11	73
45	1	348217	2	383440	3	194051	4	53978	5	14424	6	4172	7	1007	8	392	9	319
46	1	260803	2	401807	3	237436	4	71742	5	18253	6	7493	7	2401	8	65
47	1	282801	2	395314	3	217657	4	72806	5	20608	6	7721	7	2515	8	578
48	1	210047	2	390804	3	243780	4	110447	5	26320	6	13821	7	2414	8	2089	9	230	12	48
49	1	194319	2	398869	3	253266	4	100714	5	34380	6	10803	7	5709	8	982	9	900	10	58
50	1	247622	2	274936	3	280291	4	146224	5	41155	6	7753	7	1413	8	95	9	294	10	217
51	1	330064	2	320634	3	211664	4	91294	5	32554	6	9872	7	3486	8	271	9	98	10	63
52	1	185047	2	309439	3	273604	4	151375	5	53202	6	16502	7	9073	8	1454	10	264	13	40
53	1	188694	2	339112	3	271903	4	124423	5	48846	6	17846	7	6841	8	1621	9	527	10	187
54	1	133364	2	299278	3	286359	4	171836	5	69329	6	24478	7	9613	8	3795	9	1005	10	641	11	258	14	44
55	1	119352	2	264169	3	303055	4	174967	5	86494	6	31643	7	12858	8	5261	9	1747	10	37	11	381	12	36
56	1	76073	2	210185	3	300896	4	226211	5	109689	6	47143	7	16144	8	9319	9	3025	10	469	11	501	12	312	15	33
57	1	89324	2	211315	3	266402	4	227213	5	113819	6	51911	7	25079	8	8641	9	4230	10	1491	11	252	12	254	13	69
58	1	66663	2	155865	3	271182	4	267484	5	141294	6	55562	7	22147	8	14003	9	3857	10	1468	11	176	12	126	13	140	16	33
59	1	59050	2	141671	3	262350	4	243775	5	164817	6	73342	7	29815	8	14709	9	6884	10	2213	11	764	12	254	13	285	14	71
60	1	45157	2	87886	3	209663	4	260667	5	202409	6	111634	7	46129	8	18365	9	11514	10	4326	11	1160	12	539	13	382	14	103	15	25	17	41
61	1	56035	2	111335	3	211371	4	242194	5	181847	6	108140	7	50840	8	20135	9	9955	10	5058	11	2095	12	668	13	189	14	86	15	52
62	1	28530	2	74625	3	162579	4	237129	5	220352	6	142390	7	70789	8	34414	9	14818	10	8881	11	3167	12	1375	13	344	14	358	15	122	16	95	18	32
63	1	45262	2	76496	3	149296	4	234164	5	223654	6	136859	7	69327	8	32175	9	18332	10	7886	11	3657	12	1516	13	933	14	287	15	101	17	55
64	1	23511	2	52497	3	112050	4	201766	5	229184	6	174103	7	104476	8	51815	9	24247	10	13962	11	7328	12	3153	13	851	14	629	15	276	16	100	18	26	19	26
65	1	15971	2	43323	3	97620	4	168564	5	216982	6	193717	7	126357	8	66643	9	34998	10	17942	11	10043	12	4213	13	2099	14	623	15	636	16	174	17	50	18	27	19	18
66	1	9726	2	39381	3	76133	4	143012	5	195233	6	196657	7	148334	8	92896	9	46889	10	24552	11	12823	12	7899	13	3255	14	1880	15	401	16	618	17	181	18	49	19	27	20	54
67	1	24000	2	45704	3	85387	4	162858	5	218532	6	205484	7	127653	8	62066	9	31186	10	18165	11	10241	12	5144	13	2273	14	687	15	252	16	196	17	99	18	49	19	24
68	1	12364	2	31042	3	54449	4	110378	5	187034	6	213293	7	173515	8	106244	9	51130	10	26715	11	16685	12	9007	13	4787	14	1916	15	781	16	179	17	300	18	98	19	20	20	41	21	22
69	1	6964	2	32247	3	63973	4	107310	5	153642	6	188992	7	181296	8	126056	9	69046	10	30108	11	17301	12	11899	13	6176	14	3095	15	1095	16	321	17	242	18	153	19	41	20	20	21	23
70	1	3926	2	18564	3	44208	4	74318	5	120948	6	175728	7	190206	8	160992	9	99425	10	52530	11	25719	12	14842	13	9794	14	4729	15	2147	16	1078	17	276	18	312	19	174	20	46	21	24	22	14
71	1	2698	2	13163	3	39935	4	73304	5	125277	6	158135	7	174105	8	157889	9	113540	10	63812	11	33370	12	18354	13	12284	14	7405	15	3684	16	1714	17	557	18	368	19	269	20	57	21	49	22	31
72	1	2074	2	10330	3	29963	4	53030	5	95002	6	141898	7	172802	8	168495	9	137030	10	83921	11	45462	12	23244	13	15615	14	11013	15	5488	16	2328	17	1310	18	317	19	304	20	232	21	55	22	47	23	40
73	1	1311	2	9102	3	27246	4	54428	5	86394	6	126385	7	163411	8	164915	9	146365	10	100639	11	52412	12	27226	13	14994	14	11458	15	7489	16	3792	17	1369	18	482	19	139	20	311	21	61	22	16	23	55
74	1	892	2	3363	3	16619	4	38741	5	63502	6	108594	7	143566	8	172536	9	154012	10	125701	11	77864	12	41130	13	20446	14	12390	15	9828	16	6394	17	2573	18	1067	19	226	20	140	21	318	22	35	24	63
75	1	3003	2	2875	3	9748	4	30196	5	58857	6	91812	7	129815	8	146821	9	155902	10	134877	11	100756	12	62117	13	33407	14	16581	15	9893	16	6383	17	3867	18	1682	19	864	20	188	21	75	22	216	23	27	25	38
76	1	3065	2	2387	3	7973	4	17821	5	43207	6	76481	7	121902	8	147913	9	153437	10	141345	11	112238	12	72820	13	40772	14	22852	15	13518	16	9712	17	6847	18	3133	19	1340	20	658	21	215	22	136	23	152	24	27	25	34	26	15
77	1	2264	2	4350	3	5217	4	17992	5	39623	6	71173	7	105723	8	145096	9	154871	10	139191	11	112641	12	78573	13	51162	14	28642	15	17280	16	10335	17	7079	18	4833	19	1906	20	948	21	497	22	266	23	199	24	68	25	32	26	28	27	11
78	1	346	2	1985	3	5189	4	14083	5	29034	6	52883	7	84070	8	121208	9	143803	10	148589	11	129276	12	102816	13	66667	14	41882	15	22129	16	13552	17	9085	18	6568	19	3640	20	1513	21	774	22	375	23	210	24	191	25	58	26	31	27	29	28	14
79	1	317	2	1920	3	3681	4	8894	5	24249	6	45626	7	71510	8	104489	9	134388	10	144427	11	140201	12	111986	13	83280	14	49556	15	29645	16	18332	17	10209	18	7415	19	5429	20	2472	21	860	22	544	23	197	24	163	25	147	26	27	27	14	28	12	29	10
80	1	59	2	62	3	1090	4	3337	5	9625	6	20339	7	37771	8	59430	9	97778	10	135872	11	149361	12	147662	13	117679	14	87123	15	54199	16	30425	17	19077	18	10370	19	7606	20	5766	21	2982	22	1089	23	566	24	268	25	207	26	179	27	34	28	26	29	8	30	10
81	1	57	2	679	3	1920	4	4626	5	14078	6	29289	7	51918	8	73949	9	101996	10	120399	11	134183	12	126523	13	109744	14	80802	15	56519	16	36974	17	22249	18	13412	19	7754	20	5476	21	3766	22	1859	23	856	24	489	25	167	26	152	27	103	28	13	29	33	30	7	31	8
82	2	59	3	467	4	2349	5	7216	6	17735	7	33990	8	54250	9	82118	10	114356	11	132126	12	133933	13	122262	14	99359	15	73025	16	48209	17	30037	18	19001	19	11224	20	6868	21	5272	22	3141	23	1506	24	684	25	355	26	166	27	143	28	116	29	16	31	9	32	8
83	2	125	3	738	4	1679	5	3762	6	11950	7	28062	8	48584	9	67336	10	93140	11	119253	12	129287	13	128723	14	111577	15	85020	16	62882	17	41352	18	25333	19	16455	20	9663	21	5383	22	4761	23	2298	24	1259	25	557	26	361	27	167	28	154	29	67	30	42	32	18	33	12
84	1	54	2	9	3	121	4	458	5	1674	6	6132	7	15446	8	30807	9	53039	10	76245	11	104704	12	130640	13	132681	14	123944	15	102952	16	74532	17	53354	18	35382	19	22142	20	13476	21	8496	22	5357	23	4069	24	2072	25	1110	26	451	27	309	28	146	29	122	30	15	31	34	33	18	34	9
85	1	37	2	68	3	187	4	651	5	1855	6	3982	7	11363	8	26824	9	43661	10	60132	11	79935	12	100889	13	123570	14	127825	15	118147	16	95928	17	68930	18	48952	19	32471	20	21195	21	12706	22	7729	23	5475	24	3716	25	1672	26	999	27	393	28	353	29	155	30	140	31	17	32	23	34	8	35	12
86	3	67	4	123	5	566	6	2589	7	7078	8	15457	9	31052	10	52130	11	75691	12	97361	13	114504	14	123594	15	122110	16	104066	17	83374	18	58358	19	39770	20	26493	21	17471	22	10338	23	6627	24	5130	25	2949	26	1337	27	808	28	347	29	246	30	168	31	123	32	39	33	12	35	12	36	10
87	2	29	3	23	4	307	5	861	6	2052	7	5690	8	14482	9	28389	10	46471	11	62585	12	83073	13	101197	14	113211	15	113927	16	111160	17	93199	18	72609	19	51381	20	35629	21	23354	22	15680	23	9081	24	5783	25	4599	26	2476	27	1103	28	714	29	435	30	201	31	165	32	103	33	13	34	8	36	8	37	2
88	5	126	6	410	7	1214	8	3373	9	9338	10	22953	11	43730	12	65538	13	86205	14	108302	15	121196	16	121814	17	112166	18	91464	19	69950	20	48498	21	33340	22	21937	23	14542	24	8749	25	5912	26	4265	27	2470	28	1012	29	588	30	428	31	194	32	146	33	112	34	11	37	7	38	10
89	3	22	4	55	5	350	6	820	7	2249	8	6506	9	14222	10	24449	11	38864	12	57093	13	76290	14	94491	15	105829	16	113540	17	110470	18	99283	19	78816	20	59531	21	40160	22	26910	23	18177	24	12120	25	6710	26	5409	27	3707	28	1781	29	824	30	467	31	397	32	192	33	131	34	110	35	11	38	10	39	4
90	5	17	6	39	7	143	8	1230	9	3093	10	6333	11	14425	12	31516	13	52517	14	70287	15	91488	16	105339	17	115499	18	116672	19	108007	20	87179	21	67228	22	45159	23	29639	24	19582	25	13295	26	7394	27	5590	28	4191	29	1930	30	904	31	449	32	407	33	177	34	136	35	102	36	12	39	10	40	11
91	4	14	5	52	6	343	7	1045	8	1797	9	6033	10	12607	11	20249	12	29376	13	46421	14	65757	15	82918	16	97165	17	102649	18	105334	19	100432	20	90220	21	72304	22	55278	23	38215	24	25080	25	16854	26	11176	27	6513	28	4966	29	3574	30	1723	31	662	32	379	33	400	34	182	35	143	36	103	37	13	40	11	41	12
92	7	55	8	377	9	590	10	2727	11	6168	12	13694	13	26889	14	50653	15	70784	16	88257	17	105797	18	107396	19	109171	20	100766	21	89030	22	70393	23	53288	24	36210	25	23800	26	15946	27	10400	28	6097	29	4873	30	3270	31	1566	32	723	33	363	34	320	35	195	36	104	37	74	38	12	41	5	42	7
93	5	15	6	67	7	322	8	760	9	2163	10	5353	11	12165	12	16953	13	24199	14	35391	15	56223	16	75299	17	88266	18	100709	19	101515	20	101516	21	92244	22	80673	23	63297	24	47676	25	32081	26	22155	27	14658	28	10012	29	5482	30	4610	31	2989	32	1512	33	663	34	358	35	289	36	180	37	108	38	70	39	6	42	10	43	11
94	8	62	9	63	10	605	11	1717	12	5367	13	10708	14	19959	15	34120	16	56639	17	75823	18	90551	19	104777	20	106630	21	106234	22	96626	23	82683	24	64576	25	48177	26	32239	27	22049	28	14487	29	9852	30	5441	31	4767	32	2823	33	1376	34	566	35	404	36	301	37	194	38	96	39	79	43	3	44	6
95	6	24	7	69	8	335	9	593	10	1780	11	4514	12	9193	13	12664	14	15729	15	22361	16	36005	17	54735	18	70360	19	84990	20	98048	21	100019	22	104474	23	95867	24	82574	25	64979	26	47767	27	31587	28	22161	29	13799	30	9585	31	5408	32	4655	33	2780	34	1384	35	580	36	355	37	279	38	182	39	85	40	61	44	10	45	9
96	9	27	10	71	11	290	12	686	13	2967	14	6290	15	14713	16	23772	17	41854	18	62436	19	78390	20	90810	21	101888	22	100122	23	102091	24	93246	25	80476	26	62645	27	46435	28	31044	29	21320	30	13513	31	9528	32	5276	33	4549	34	2756	35	1285	36	549	37	370	38	245	39	182	40	88	41	68	45	8	46	10
97	7	23	8	89	9	402	10	800	11	2376	12	4845	13	8020	14	11583	15	12652	16	18353	17	24952	18	41934	19	62434	20	75012	21	85668	22	97589	23	96173	24	98724	25	88903	26	77363	27	60178	28	44831	29	29703	30	20646	31	12799	32	9037	33	5012	34	4485	35	2641	36	1250	37	517	38	404	39	248	40	173	41	88	42	78	46	7	47	8
98	11	154	12	262	13	862	14	2709	15	6340	16	11457	17	21088	18	30291	19	47262	20	67288	21	80679	22	88802	23	97916	24	95433	25	97750	26	87344	27	75887	28	59404	29	43785	30	28956	31	20191	32	12826	33	8946	34	4768	35	4329	36	2540	37	1274	38	525	39	319	40	250	41	173	42	103	43	72	47	6	48	9
99	8	28	9	74	10	405	11	844	12	2594	13	4790	14	7117	15	9479	16	11001	17	13624	18	21768	19	30339	20	46122	21	65757	22	77832	23	86595	24	94989	25	92182	26	94242	27	84993	28	73399	29	57081	30	42568	31	28193	32	19125	33	12293	34	8385	35	4755	36	4331	37	2428	38	1216	39	503	40	353	41	248	42	167	43	85	44	78	48	6	49	11
100	1	30206	9	27	10	96	11	386	12	817	13	2546	14	4624	15	6757	16	9275	17	10513	18	12978	19	21138	20	29299	21	45155	22	63098	23	75515	24	83431	25	92316	26	89859	27	91241	28	82809	29	71350	30	55608	31	40941	32	27559	33	18814	34	11654	35	8296	36	4655	37	4156	38	2376	39	1133	40	460	41	344	42	241	43	159	44	84	45	68	49	8	50	8
