1	1	1000000
2	1	1000000
3	1	1000000
4	1	1000000
5	1	1000000
6	1	1000000
7	1	1000000
8	1	1000000
9	1	1000000
10	1	1000000
11	1	1000000
12	1	1000000
13	1	1000000
14	1	1000000
15	1	1000000
16	1	999841	2	159
17	1	1000000
18	1	999593	2	407
19	1	1000000
20	1	999278	2	722
21	1	1000000
22	1	998993	2	1007
23	1	1000000
24	1	998606	2	1392	3	2
25	1	1000000
26	1	998240	2	1760
27	1	999985	2	4	3	11
28	1	998008	2	1992
29	1	999995	2	5
30	1	997416	2	2562	3	22
31	1	999727	2	273
32	1	997092	2	2906	3	2
33	1	997739	2	2221	3	40
34	1	997261	2	2739
35	1	999231	2	769
36	1	993957	2	5979	3	63	4	1
37	1	999069	2	931
38	1	995593	2	4398	3	9
39	1	998233	2	1701	3	66
40	1	990621	2	9375	3	3	4	1
41	1	996931	2	3068	3	1
42	1	990766	2	9154	3	79	4	1
43	1	995430	2	4565	3	5
44	1	984940	2	14991	3	62	4	7
45	1	982386	2	17426	3	188
46	1	970403	2	29347	3	249	4	1
47	1	972634	2	27068	3	297	4	1
48	1	963284	2	36259	3	449	4	8
49	1	947118	2	51970	3	884	4	26	5	2
50	1	970477	2	29125	3	396	4	1	5	1
51	1	981364	2	18315	3	320	4	1
52	1	957861	2	41206	3	920	4	13
53	1	935115	2	63958	3	915	4	12
54	1	946410	2	52273	3	1281	4	36
55	1	926102	2	71698	3	2170	4	26	5	4
56	1	897955	2	98321	3	3550	4	168	5	4	6	2
57	1	897744	2	96705	3	5304	4	226	5	20	6	1
58	1	899453	2	96358	3	4009	4	174	5	6
59	1	854156	2	137087	3	8309	4	431	5	17
60	1	841223	2	147769	3	10514	4	465	5	26	6	3
61	1	852605	2	136368	3	10462	4	543	5	19	6	3
62	1	776823	2	199219	3	22322	4	1536	5	90	6	9	7	1
63	1	811748	2	169470	3	17494	4	1229	5	57	6	2
64	1	747794	2	219762	3	29566	4	2642	5	210	6	22	7	4
65	1	667368	2	277780	3	48985	4	5359	5	470	6	31	7	5	8	2
66	1	628987	2	298281	3	62485	4	9162	5	983	6	88	7	11	8	3
67	1	740435	2	224202	3	32151	4	2978	5	219	6	14	7	1
68	1	625298	2	297669	3	66696	4	9389	5	866	6	74	7	4	8	4
69	1	604498	2	308711	3	73362	4	11886	5	1421	6	112	7	9	8	1
70	1	549612	2	331054	3	97963	4	18541	5	2540	6	255	7	32	8	3
71	1	484502	2	357191	3	124457	4	28256	5	4806	6	689	7	85	8	10	9	3	10	1
72	1	452270	2	364608	3	139453	4	35585	5	6861	6	1066	7	139	8	14	9	3	10	1
73	1	411850	2	377230	3	158051	4	42261	5	8816	6	1547	7	214	8	29	10	2
74	1	343745	2	384326	3	193372	4	60819	5	14476	6	2764	7	421	8	65	9	12
75	1	323374	2	377174	3	206068	4	71045	5	18004	6	3626	7	611	8	84	9	12	10	2
76	1	288575	2	364838	3	224484	4	88257	5	25901	6	6363	7	1311	8	214	9	52	10	4	11	1
77	1	268766	2	358913	3	233832	4	97937	5	30537	6	7856	7	1743	8	338	9	64	10	12	11	2
78	1	220600	2	343594	3	250780	4	121866	5	44976	6	13700	7	3486	8	813	9	147	10	29	11	9
79	1	174787	2	323832	3	271579	4	146836	5	57937	6	18615	7	4941	8	1178	9	241	10	42	11	11	12	1
80	1	98323	2	258201	3	295317	4	201405	5	96080	6	35733	7	11004	8	2987	9	734	10	182	11	25	12	8	13	1
81	1	117546	2	265498	3	274935	4	187056	5	95925	6	39489	7	13759	8	4225	9	1174	10	295	11	87	12	9	13	2
82	1	80045	2	220849	3	276249	4	215095	5	122497	6	55040	7	20640	8	6817	9	2015	10	559	11	155	12	29	13	8	14	2
83	1	56535	2	182257	3	260746	4	231663	5	147442	6	74448	7	30501	8	11351	9	3584	10	1078	11	297	12	73	13	16	14	7	15	1	18	1
84	1	43796	2	153080	3	245566	4	239657	5	165932	6	89261	7	39806	8	15262	9	5330	10	1670	11	484	12	106	13	35	14	13	15	1	16	1
85	1	30970	2	116526	3	208077	4	231644	5	187951	6	119266	7	62344	8	27481	9	10574	10	3590	11	1107	12	333	13	98	14	39
86	1	20195	2	90378	3	182875	4	226733	5	200832	6	139526	7	78053	8	37113	9	15718	10	5725	11	1939	12	681	13	172	14	52	15	7	16	1
87	1	17087	2	75499	3	158047	4	208122	5	199338	6	151974	7	95723	8	52662	9	24888	10	10625	11	4050	12	1358	13	443	14	136	15	33	16	11	17	2	18	1	19	1
88	1	5588	2	36277	3	104288	4	179384	5	213155	6	187971	7	130995	8	76522	9	38071	10	16948	11	6949	12	2586	13	861	14	277	15	99	16	20	17	8	18	1
89	1	6676	2	39166	3	103343	4	168102	5	196474	6	180068	7	135766	8	85271	9	46885	10	22594	11	9809	12	3831	13	1391	14	415	15	147	16	40	17	21	18	1
90	1	1716	2	13875	3	48724	4	105774	5	163266	6	188374	7	174359	8	132028	9	84667	10	47405	11	23143	12	10314	13	4095	14	1505	15	536	16	149	17	47	18	12	19	8	20	1	21	1	22	1
91	1	1748	2	14118	3	47920	4	98924	5	148786	6	174079	7	167037	8	136345	9	95289	10	57960	11	31410	12	15282	13	6846	14	2722	15	1014	16	355	17	115	18	35	19	13	20	1	23	1
92	1	619	2	5256	3	23083	4	60704	5	112803	6	158008	7	176385	8	160948	9	124818	10	82869	11	48346	12	25608	13	11915	14	5302	15	2124	16	823	17	278	18	77	19	22	20	10	21	2
93	1	574	2	5596	3	22948	4	55249	5	96423	6	134302	7	157894	8	157211	9	134024	10	99159	11	64406	12	37377	13	19233	14	9244	15	3894	16	1591	17	587	18	208	19	50	20	22	21	6	22	2
94	1	37	2	896	3	5498	4	19695	5	48700	6	90701	7	134969	8	161619	9	162410	10	137918	11	101434	12	64942	13	37090	14	19051	15	8826	16	3845	17	1533	18	548	19	194	20	70	21	20	22	3	23	1
95	1	89	2	1263	3	7469	4	23087	5	47448	6	75994	7	105419	8	130065	9	143632	10	139502	11	117300	12	86822	13	57214	14	33429	15	17363	16	8142	17	3532	18	1465	19	505	20	173	21	57	22	23	23	5	24	2
96	1	6	2	208	3	1563	4	6749	5	20047	6	43285	7	76046	8	112179	9	138358	10	150101	11	139893	12	114869	13	83255	14	53595	15	31044	16	15821	17	7601	18	3421	19	1283	20	472	21	155	22	28	23	18	24	2	27	1
97	1	5	2	234	3	2070	4	8175	5	20294	6	37374	7	57378	8	81542	9	107940	10	129344	11	138511	12	129297	13	106192	14	76853	15	49604	16	28551	17	14843	18	6857	19	3053	20	1199	21	458	22	159	23	48	24	17	25	2
98	1	4	2	63	3	483	4	2316	5	7622	6	18809	7	37446	8	62101	9	89585	10	115905	11	132650	12	136615	13	124778	14	101361	15	72542	16	46532	17	26497	18	13670	19	6464	20	2776	21	1110	22	460	23	152	24	44	25	11	26	2	27	1	29	1
99	1	1	2	44	3	603	4	3392	5	9920	6	20489	7	33782	8	48754	9	66519	10	87883	11	109246	12	124400	13	126897	14	115764	15	93608	16	67821	17	42809	18	24947	19	12811	20	6063	21	2576	22	1051	23	429	24	139	25	35	26	11	27	4	28	2
100	1	70977	3	49	4	560	5	3135	6	9236	7	19140	8	31397	9	45645	10	61939	11	81225	12	101839	13	115197	14	118326	15	107188	16	87221	17	62459	18	40137	19	22798	20	12083	21	5608	22	2355	23	919	24	384	25	113	26	51	27	14	28	1	29	2	30	2
