1	1	1000000
2	1	1000000
3	1	1000000
4	1	1000000
5	1	1000000
6	1	1000000
7	1	1000000
8	1	1000000
9	1	1000000
10	1	1000000
11	1	1000000
12	1	1000000
13	1	1000000
14	1	1000000
15	1	1000000
16	1	1000000
17	1	1000000
18	1	999961	2	39
19	1	1000000
20	1	999879	2	121
21	1	1000000
22	1	999786	2	214
23	1	1000000
24	1	999696	2	304
25	1	1000000
26	1	999578	2	422
27	1	1000000
28	1	999411	2	589
29	1	999999	2	1
30	1	999231	2	768	3	1
31	1	999973	2	27
32	1	999059	2	941
33	1	999308	2	691	3	1
34	1	999082	2	918
35	1	999837	2	163
36	1	997860	2	2134	3	6
37	1	999825	2	175
38	1	998674	2	1323	3	3
39	1	999515	2	474	3	11
40	1	996790	2	3208	4	2
41	1	999219	2	781
42	1	997003	2	2988	3	9
43	1	998766	2	1233	3	1
44	1	994839	2	5152	3	9
45	1	993100	2	6867	3	33
46	1	988242	2	11725	3	32	4	1
47	1	988825	2	11128	3	46	4	1
48	1	984781	2	15130	3	85	4	4
49	1	974159	2	25684	3	152	4	5
50	1	989059	2	10886	3	55
51	1	993414	2	6545	3	41
52	1	983252	2	16614	3	132	4	1	5	1
53	1	966183	2	33643	3	174
54	1	977472	2	22312	3	212	4	4
55	1	966314	2	33234	3	451	4	1
56	1	950098	2	49136	3	746	4	20
57	1	950284	2	48440	3	1249	4	25	5	2
58	1	953982	2	45217	3	783	4	18
59	1	923630	2	74119	3	2190	4	61
60	1	918937	2	78449	3	2555	4	58	5	1
61	1	925795	2	71577	3	2557	4	71
62	1	875230	2	117843	3	6675	4	244	5	7	6	1
63	1	901289	2	93475	3	5063	4	165	5	7	6	1
64	1	857660	2	132546	3	9337	4	439	5	18
65	1	796502	2	184843	3	17574	4	1027	5	51	6	3
66	1	765271	2	208222	3	24261	4	2098	5	134	6	14
67	1	856149	2	133769	3	9585	4	475	5	22
68	1	762593	2	209063	3	26250	4	1981	5	102	6	11
69	1	748521	2	218579	3	29998	4	2731	5	158	6	12	7	1
70	1	706844	2	245376	3	42698	4	4713	5	345	6	24
71	1	644768	2	286552	3	59585	4	8124	5	881	6	79	7	11
72	1	618796	2	299775	3	69135	4	10921	5	1252	6	117	7	3	8	1
73	1	576865	2	324520	3	82830	4	13769	5	1810	6	194	7	9	8	3
74	1	508808	2	355442	3	110330	4	21621	5	3339	6	414	7	43	8	3
75	1	488235	2	359182	3	121668	4	26287	5	4078	6	500	7	46	8	3	9	1
76	1	448913	2	364346	3	143223	4	35619	5	6701	6	1048	7	135	8	15
77	1	427009	2	367753	3	153134	4	41857	5	8508	6	1486	7	207	8	38	9	7	10	1
78	1	366719	2	374730	3	180778	4	59255	5	14813	6	3052	7	559	8	81	9	12	10	1
79	1	307924	2	379307	3	210980	4	76063	5	20375	6	4364	7	828	8	130	9	26	10	2	12	1
80	1	203354	2	355432	3	268506	4	121145	5	39187	6	9747	7	2138	8	409	9	66	10	15	12	1
81	1	225159	2	346313	3	249554	4	118795	5	43468	6	12739	7	3178	8	642	9	131	10	14	11	7
82	1	169150	2	320028	3	275215	4	149638	5	59641	6	19455	7	5230	8	1280	9	287	10	66	11	8	12	1	13	1
83	1	128612	2	285682	3	285169	4	178162	5	80982	6	29309	7	8998	8	2322	9	595	10	138	11	20	12	9	13	2
84	1	106150	2	259110	3	287688	4	196730	5	96458	6	37233	7	12069	8	3404	9	871	10	222	11	57	12	5	13	2	14	1
85	1	78482	2	210696	3	269813	4	218299	5	129669	6	59942	7	22993	8	7284	9	2117	10	560	11	116	12	24	13	3	14	2
86	1	55502	2	178371	3	257037	4	232708	5	150801	6	77134	7	32104	8	11492	9	3530	10	982	11	249	12	69	13	19	14	2
87	1	47337	2	152086	3	231495	4	228437	5	165867	6	97613	7	47025	8	19585	9	7279	10	2381	11	670	12	172	13	43	14	8	15	2
88	1	19662	2	91626	3	189582	4	237276	5	207455	6	135088	7	70683	8	31104	9	11755	10	4040	11	1216	12	382	13	100	14	27	15	3	17	1
89	1	22303	2	93157	3	179964	4	223658	5	199177	6	138750	7	78980	8	38786	9	16299	10	6030	11	2032	12	599	13	190	14	62	15	10	16	3
90	1	7318	2	41591	3	109642	4	179965	5	208916	6	184164	7	129868	8	75968	9	37353	10	16137	11	6077	12	2060	13	685	14	178	15	62	16	11	17	4	18	1
91	1	6801	2	40103	3	102904	4	164547	5	193046	6	179871	7	137336	8	88138	9	48510	10	23144	11	9938	12	3812	13	1263	14	414	15	130	16	36	17	5	18	2
92	1	2661	2	18802	3	61151	4	122482	5	175865	6	191579	7	167531	8	119450	9	73121	10	38180	11	17958	12	7142	13	2743	14	944	15	284	16	73	17	30	18	4
93	1	2562	2	18304	3	55082	4	106038	5	152260	6	174321	7	166754	8	132768	9	90494	10	53403	11	27428	12	12538	13	5149	14	1972	15	642	16	199	17	68	18	12	19	5	22	1
94	1	392	2	4097	3	18784	4	51170	5	101080	6	149125	7	177164	8	169928	9	135122	10	91993	11	53457	12	27424	13	12403	14	5037	15	1886	16	669	17	198	18	49	19	15	20	6	24	1
95	1	527	2	5363	3	21974	4	51893	5	86585	6	120407	7	145112	8	153622	9	140583	10	110923	11	76258	12	45330	13	23552	14	10897	15	4475	16	1662	17	572	18	178	19	56	20	24	21	7
96	1	68	2	1150	3	6413	4	21204	5	48522	6	87345	7	125614	8	152801	9	158065	10	140020	11	107388	12	71333	13	41868	14	21724	15	9963	16	4152	17	1560	18	546	19	178	20	64	21	15	22	5	23	2
97	1	57	2	1201	3	7026	4	20883	5	41148	6	65564	7	92854	8	120813	9	140667	10	144062	11	127790	12	98388	13	66043	14	38554	15	19855	16	9262	17	3720	18	1398	19	490	20	171	21	41	22	8	23	3	24	1	25	1
98	1	28	2	396	3	2102	4	8067	5	20886	6	42461	7	70573	8	101281	9	127864	10	143435	11	140848	12	121733	13	91850	14	60751	15	35742	16	18232	17	8504	18	3337	19	1287	20	437	21	132	22	37	23	12	24	3	26	2
99	1	6	2	285	3	2553	4	9607	5	22277	6	38847	7	56544	8	76278	9	99048	10	119708	11	131849	12	128883	13	111298	14	84562	15	55984	16	32776	17	16820	18	7700	19	3199	20	1195	21	398	22	142	23	37	24	2	25	2
100	1	80750	2	8	3	271	4	2271	5	8916	6	20580	7	35648	8	51958	9	70368	10	91080	11	109637	12	121194	13	118688	14	102224	15	77698	16	51649	17	30077	18	15360	19	6987	20	3025	21	1104	22	362	23	107	24	21	25	11	26	4	27	1	28	1
