v1	v2	v3	v4	v5	v6	v7	v8	v9	v10	over10
1000000	0	0	0	0	0	0	0	0	0	0
1000000	0	0	0	0	0	0	0	0	0	0
1000000	0	0	0	0	0	0	0	0	0	0
1000000	0	0	0	0	0	0	0	0	0	0
1000000	0	0	0	0	0	0	0	0	0	0
1000000	0	0	0	0	0	0	0	0	0	0
1000000	0	0	0	0	0	0	0	0	0	0
1000000	0	0	0	0	0	0	0	0	0	0
1000000	0	0	0	0	0	0	0	0	0	0
1000000	0	0	0	0	0	0	0	0	0	0
1000000	0	0	0	0	0	0	0	0	0	0
1000000	0	0	0	0	0	0	0	0	0	0
1000000	0	0	0	0	0	0	0	0	0	0
1000000	0	0	0	0	0	0	0	0	0	0
1000000	0	0	0	0	0	0	0	0	0	0
1000000	0	0	0	0	0	0	0	0	0	0
1000000	0	0	0	0	0	0	0	0	0	0
1000000	0	0	0	0	0	0	0	0	0	0
1000000	0	0	0	0	0	0	0	0	0	0
999990	10	0	0	0	0	0	0	0	0	0
1000000	0	0	0	0	0	0	0	0	0	0
999973	27	0	0	0	0	0	0	0	0	0
1000000	0	0	0	0	0	0	0	0	0	0
999927	73	0	0	0	0	0	0	0	0	0
1000000	0	0	0	0	0	0	0	0	0	0
999895	105	0	0	0	0	0	0	0	0	0
1000000	0	0	0	0	0	0	0	0	0	0
999842	158	0	0	0	0	0	0	0	0	0
1000000	0	0	0	0	0	0	0	0	0	0
999798	202	0	0	0	0	0	0	0	0	0
999997	3	0	0	0	0	0	0	0	0	0
999740	260	0	0	0	0	0	0	0	0	0
999807	193	0	0	0	0	0	0	0	0	0
999710	290	0	0	0	0	0	0	0	0	0
999973	27	0	0	0	0	0	0	0	0	0
999290	709	1	0	0	0	0	0	0	0	0
999972	28	0	0	0	0	0	0	0	0	0
999589	411	0	0	0	0	0	0	0	0	0
999890	108	2	0	0	0	0	0	0	0	0
998999	1001	0	0	0	0	0	0	0	0	0
999836	164	0	0	0	0	0	0	0	0	0
999073	924	3	0	0	0	0	0	0	0	0
999653	347	0	0	0	0	0	0	0	0	0
998253	1747	0	0	0	0	0	0	0	0	0
997312	2684	4	0	0	0	0	0	0	0	0
995386	4609	5	0	0	0	0	0	0	0	0
995404	4583	13	0	0	0	0	0	0	0	0
993496	6489	15	0	0	0	0	0	0	0	0
987468	12513	19	0	0	0	0	0	0	0	0
996161	3835	4	0	0	0	0	0	0	0	0
997677	2320	3	0	0	0	0	0	0	0	0
993509	6469	21	1	0	0	0	0	0	0	0
982361	17618	21	0	0	0	0	0	0	0	0
990857	9104	39	0	0	0	0	0	0	0	0
984708	15202	90	0	0	0	0	0	0	0	0
975420	24422	158	0	0	0	0	0	0	0	0
976018	23678	298	6	0	0	0	0	0	0	0
979252	20596	147	5	0	0	0	0	0	0	0
960215	39239	536	10	0	0	0	0	0	0	0
960197	39173	616	14	0	0	0	0	0	0	0
963253	36131	614	2	0	0	0	0	0	0	0
931413	66648	1915	24	0	0	0	0	0	0	0
949208	49506	1267	18	1	0	0	0	0	0	0
922259	74971	2702	65	3	0	0	0	0	0	0
878615	115260	5924	196	5	0	0	0	0	0	0
854758	135754	8995	485	7	1	0	0	0	0	0
923185	73984	2753	78	0	0	0	0	0	0	0
852449	137389	9744	411	7	0	0	0	0	0	0
845803	142459	11151	571	16	0	0	0	0	0	0
815417	166249	17188	1098	47	1	0	0	0	0	0
766993	204987	25800	2091	123	6	0	0	0	0	0
745123	220616	31036	3015	197	12	1	0	0	0	0
709929	247517	38149	4022	358	22	3	0	0	0	0
649275	287125	56121	6738	684	56	0	1	0	0	0
633681	294062	63010	8375	807	58	5	2	0	0	0
593999	312474	79076	12730	1560	148	13	0	0	0	0
573679	321398	87068	15567	2049	214	25	0	0	0	0
511461	346773	111980	24835	4256	593	93	9	0	0	0
448832	370556	139503	33977	6096	918	102	14	2	0	0
330749	392305	200009	60858	13384	2277	363	51	4	0	0
350164	375684	188610	64600	16710	3500	608	116	8	0	0
282257	371321	226442	87904	24860	5796	1162	212	40	4	2
225722	355541	253236	114821	37973	9914	2242	454	81	15	1
197184	339654	268966	131145	46232	12872	3144	665	118	16	4
150343	296819	278329	167203	73322	24905	6874	1758	369	62	16
114067	267793	284626	190356	92902	35287	10920	3063	774	174	38
97478	232510	270215	203693	115156	52464	19794	6334	1779	472	105
48558	167744	258323	242670	158604	78276	31239	10365	3141	801	279
51953	165469	244453	231275	160162	87147	38433	14623	4597	1397	491
20417	88409	179230	228547	206588	142328	78270	35800	13919	4578	1914
18629	82859	165841	211908	200589	149959	91570	46575	20520	7799	3751
8328	44922	114275	183563	209706	181832	126505	72890	35075	14830	8074
7792	41496	100588	158833	189204	180657	140956	91131	50406	23863	15074
1563	12362	43810	97574	154596	188828	181722	141448	90928	49548	37621
1858	14680	45814	88535	128325	155756	162263	145662	111965	72752	72390
424	4068	16980	45426	87145	132536	162455	166555	144484	106555	133372
301	3879	16745	39430	68191	97666	127241	147710	149823	130501	218513
164	1296	6168	18696	41327	72217	106005	135051	150278	145363	323435
65	1183	6752	19633	38477	59322	81224	104706	125705	136702	426231
91006	45	980	6289	18022	35247	54088	74276	94932	114068	511047
