v1	v2	v3	v4	v5	v6	v7	v8	v9	v10	over10
1000000	0	0	0	0	0	0	0	0	0	0
1000000	0	0	0	0	0	0	0	0	0	0
1000000	0	0	0	0	0	0	0	0	0	0
1000000	0	0	0	0	0	0	0	0	0	0
1000000	0	0	0	0	0	0	0	0	0	0
1000000	0	0	0	0	0	0	0	0	0	0
1000000	0	0	0	0	0	0	0	0	0	0
1000000	0	0	0	0	0	0	0	0	0	0
1000000	0	0	0	0	0	0	0	0	0	0
1000000	0	0	0	0	0	0	0	0	0	0
1000000	0	0	0	0	0	0	0	0	0	0
997808	2192	0	0	0	0	0	0	0	0	0
1000000	0	0	0	0	0	0	0	0	0	0
995325	4675	0	0	0	0	0	0	0	0	0
1000000	0	0	0	0	0	0	0	0	0	0
992842	7158	0	0	0	0	0	0	0	0	0
1000000	0	0	0	0	0	0	0	0	0	0
990838	9009	153	0	0	0	0	0	0	0	0
1000000	0	0	0	0	0	0	0	0	0	0
989105	10895	0	0	0	0	0	0	0	0	0
999609	0	391	0	0	0	0	0	0	0	0
987406	12594	0	0	0	0	0	0	0	0	0
999772	228	0	0	0	0	0	0	0	0	0
985024	14325	625	26	0	0	0	0	0	0	0
999905	95	0	0	0	0	0	0	0	0	0
983587	16413	0	0	0	0	0	0	0	0	0
998515	646	839	0	0	0	0	0	0	0	0
981832	18081	17	70	0	0	0	0	0	0	0
998396	1604	0	0	0	0	0	0	0	0	0
975487	23428	1075	0	10	0	0	0	0	0	0
993156	6833	11	0	0	0	0	0	0	0	0
970999	28722	160	119	0	0	0	0	0	0	0
974862	23506	1628	4	0	0	0	0	0	0	0
976894	23071	35	0	0	0	0	0	0	0	0
985175	14738	72	0	15	0	0	0	0	0	0
953498	44118	2195	188	0	1	0	0	0	0	0
979749	20037	176	38	0	0	0	0	0	0	0
955181	43866	936	17	0	0	0	0	0	0	0
971457	26254	2267	22	0	0	0	0	0	0	0
922702	75769	1223	278	28	0	0	0	0	0	0
958003	41143	853	1	0	0	0	0	0	0	0
918385	77014	4273	313	9	5	1	0	0	0	0
942665	56029	1282	20	4	0	0	0	0	0	0
886266	108162	5089	464	15	4	0	0	0	0	0
879411	112246	8087	196	57	3	0	0	0	0	0
828310	159684	11304	682	14	6	0	0	0	0	0
840998	146896	11281	769	56	0	0	0	0	0	0
800061	182495	15612	1736	64	29	0	3	0	0	0
768839	208855	20149	1931	199	17	10	0	0	0	0
809616	171779	17725	802	75	3	0	0	0	0	0
865012	122515	11726	719	27	1	0	0	0	0	0
764561	206787	26177	2263	204	6	2	0	0	0	0
740924	231961	25021	1932	158	4	0	0	0	0	0
725281	237981	32785	3607	293	37	15	1	0	0	0
681342	269167	44942	3906	553	84	6	0	0	0	0
609668	316931	63052	9095	1067	162	14	11	0	0	0
613873	301712	70927	11556	1646	218	65	1	2	0	0
583924	327239	75883	11400	1387	142	12	10	3	0	0
524197	353561	101111	17917	2745	433	28	5	3	0	0
477294	364944	128555	24299	4084	664	137	20	2	1	0
501469	347980	118883	26757	4077	699	116	14	4	1	0
392798	378885	170301	46931	9111	1579	307	74	7	7	0
432190	360595	155899	41083	8304	1566	290	58	12	2	1
341622	375599	198328	64745	15359	3358	785	159	30	11	4
269804	371733	235930	89403	25480	5859	1394	289	88	16	4
234447	357030	247242	110672	37018	10088	2576	718	148	45	16
321033	365644	213552	75558	19021	4091	888	170	34	8	1
225872	340466	255955	123305	40545	10603	2457	610	141	36	10
205953	334144	259045	132467	49358	14381	3511	855	227	40	19
162218	296355	272695	166021	71708	22907	6011	1583	378	82	42
126860	273415	279386	183303	88005	33675	10915	3181	962	207	91
108105	249683	274111	197883	104957	43387	15294	4648	1407	387	138
92025	229920	275533	207517	116130	51714	18792	5905	1677	576	211
62254	188239	263701	227663	142884	72069	28607	10084	3053	1009	437
56818	162729	248924	232836	158180	83954	36734	13544	4468	1280	533
46992	137516	230695	234136	171336	99370	47966	20473	7519	2726	1271
42050	125452	216376	234349	179670	108268	54826	23953	9646	3545	1865
26962	103865	190210	223627	190450	129860	73686	36064	15601	6091	3584
18305	80112	165715	217089	203469	148309	88555	45123	20250	8239	4834
5908	36378	103671	179133	212981	188023	131562	75490	38204	17192	11458
9281	49058	119955	179720	196590	169594	122942	76049	41379	20380	15052
4265	28274	85712	153528	192598	185207	145110	96754	55626	29054	23872
2405	18893	63272	128042	177326	187358	159424	114740	71793	40240	36507
1794	10957	44818	103294	160126	185700	170330	131264	88377	51713	51627
1210	7802	32135	76867	128900	164635	170940	148464	110759	72760	85528
456	4594	21645	58882	109626	152585	170318	157443	125080	86217	113154
352	3822	17553	49750	94314	135106	156910	154567	131975	99953	155698
63	711	5167	20324	54274	101451	145706	164120	156836	127079	224269
113	1189	6822	23515	54936	94546	129562	150028	148313	128603	262373
4	151	1287	6353	21047	49216	86995	124757	148693	149965	411532
14	231	1960	8180	23992	49003	80770	111502	133804	140818	449726
2	36	312	2057	8093	23761	50616	86823	120582	141522	566196
1	38	534	3177	10487	24903	46126	71700	98893	121669	622472
0	0	32	295	1680	6366	17501	38234	66854	100288	768750
0	2	53	539	3107	9335	19868	34542	52568	73722	806264
0	0	2	36	292	1604	5426	14369	30429	53067	894775
0	0	5	138	938	3580	9256	16593	26671	38914	903905
0	0	0	7	68	503	2066	5851	13238	25597	952670
0	0	0	23	282	1400	4295	9387	15749	23211	945653
50282	0	0	0	15	260	1337	4047	9017	14967	920075
