v1	v2	v3	v4	v5	v6	v7	v8	v9	v10	over10
1000000	0	0	0	0	0	0	0	0	0	0
1000000	0	0	0	0	0	0	0	0	0	0
1000000	0	0	0	0	0	0	0	0	0	0
1000000	0	0	0	0	0	0	0	0	0	0
1000000	0	0	0	0	0	0	0	0	0	0
1000000	0	0	0	0	0	0	0	0	0	0
1000000	0	0	0	0	0	0	0	0	0	0
1000000	0	0	0	0	0	0	0	0	0	0
1000000	0	0	0	0	0	0	0	0	0	0
1000000	0	0	0	0	0	0	0	0	0	0
1000000	0	0	0	0	0	0	0	0	0	0
1000000	0	0	0	0	0	0	0	0	0	0
1000000	0	0	0	0	0	0	0	0	0	0
1000000	0	0	0	0	0	0	0	0	0	0
1000000	0	0	0	0	0	0	0	0	0	0
999841	159	0	0	0	0	0	0	0	0	0
1000000	0	0	0	0	0	0	0	0	0	0
999593	407	0	0	0	0	0	0	0	0	0
1000000	0	0	0	0	0	0	0	0	0	0
999278	722	0	0	0	0	0	0	0	0	0
1000000	0	0	0	0	0	0	0	0	0	0
998993	1007	0	0	0	0	0	0	0	0	0
1000000	0	0	0	0	0	0	0	0	0	0
998606	1392	2	0	0	0	0	0	0	0	0
1000000	0	0	0	0	0	0	0	0	0	0
998240	1760	0	0	0	0	0	0	0	0	0
999985	4	11	0	0	0	0	0	0	0	0
998008	1992	0	0	0	0	0	0	0	0	0
999995	5	0	0	0	0	0	0	0	0	0
997416	2562	22	0	0	0	0	0	0	0	0
999727	273	0	0	0	0	0	0	0	0	0
997092	2906	2	0	0	0	0	0	0	0	0
997739	2221	40	0	0	0	0	0	0	0	0
997261	2739	0	0	0	0	0	0	0	0	0
999231	769	0	0	0	0	0	0	0	0	0
993957	5979	63	1	0	0	0	0	0	0	0
999069	931	0	0	0	0	0	0	0	0	0
995593	4398	9	0	0	0	0	0	0	0	0
998233	1701	66	0	0	0	0	0	0	0	0
990621	9375	3	1	0	0	0	0	0	0	0
996931	3068	1	0	0	0	0	0	0	0	0
990766	9154	79	1	0	0	0	0	0	0	0
995430	4565	5	0	0	0	0	0	0	0	0
984940	14991	62	7	0	0	0	0	0	0	0
982386	17426	188	0	0	0	0	0	0	0	0
970403	29347	249	1	0	0	0	0	0	0	0
972634	27068	297	1	0	0	0	0	0	0	0
963284	36259	449	8	0	0	0	0	0	0	0
947118	51970	884	26	2	0	0	0	0	0	0
970477	29125	396	1	1	0	0	0	0	0	0
981364	18315	320	1	0	0	0	0	0	0	0
957861	41206	920	13	0	0	0	0	0	0	0
935115	63958	915	12	0	0	0	0	0	0	0
946410	52273	1281	36	0	0	0	0	0	0	0
926102	71698	2170	26	4	0	0	0	0	0	0
897955	98321	3550	168	4	2	0	0	0	0	0
897744	96705	5304	226	20	1	0	0	0	0	0
899453	96358	4009	174	6	0	0	0	0	0	0
854156	137087	8309	431	17	0	0	0	0	0	0
841223	147769	10514	465	26	3	0	0	0	0	0
852605	136368	10462	543	19	3	0	0	0	0	0
776823	199219	22322	1536	90	9	1	0	0	0	0
811748	169470	17494	1229	57	2	0	0	0	0	0
747794	219762	29566	2642	210	22	4	0	0	0	0
667368	277780	48985	5359	470	31	5	2	0	0	0
628987	298281	62485	9162	983	88	11	3	0	0	0
740435	224202	32151	2978	219	14	1	0	0	0	0
625298	297669	66696	9389	866	74	4	4	0	0	0
604498	308711	73362	11886	1421	112	9	1	0	0	0
549612	331054	97963	18541	2540	255	32	3	0	0	0
484502	357191	124457	28256	4806	689	85	10	3	1	0
452270	364608	139453	35585	6861	1066	139	14	3	1	0
411850	377230	158051	42261	8816	1547	214	29	0	2	0
343745	384326	193372	60819	14476	2764	421	65	12	0	0
323374	377174	206068	71045	18004	3626	611	84	12	2	0
288575	364838	224484	88257	25901	6363	1311	214	52	4	1
268766	358913	233832	97937	30537	7856	1743	338	64	12	2
220600	343594	250780	121866	44976	13700	3486	813	147	29	9
174787	323832	271579	146836	57937	18615	4941	1178	241	42	12
98323	258201	295317	201405	96080	35733	11004	2987	734	182	34
117546	265498	274935	187056	95925	39489	13759	4225	1174	295	98
80045	220849	276249	215095	122497	55040	20640	6817	2015	559	194
56535	182257	260746	231663	147442	74448	30501	11351	3584	1078	395
43796	153080	245566	239657	165932	89261	39806	15262	5330	1670	640
30970	116526	208077	231644	187951	119266	62344	27481	10574	3590	1577
20195	90378	182875	226733	200832	139526	78053	37113	15718	5725	2852
17087	75499	158047	208122	199338	151974	95723	52662	24888	10625	6035
5588	36277	104288	179384	213155	187971	130995	76522	38071	16948	10801
6676	39166	103343	168102	196474	180068	135766	85271	46885	22594	15655
1716	13875	48724	105774	163266	188374	174359	132028	84667	47405	39812
1748	14118	47920	98924	148786	174079	167037	136345	95289	57960	57794
619	5256	23083	60704	112803	158008	176385	160948	124818	82869	94507
574	5596	22948	55249	96423	134302	157894	157211	134024	99159	136620
37	896	5498	19695	48700	90701	134969	161619	162410	137918	237557
89	1263	7469	23087	47448	75994	105419	130065	143632	139502	326032
6	208	1563	6749	20047	43285	76046	112179	138358	150101	451458
5	234	2070	8175	20294	37374	57378	81542	107940	129344	555644
4	63	483	2316	7622	18809	37446	62101	89585	115905	665666
1	44	603	3392	9920	20489	33782	48754	66519	87883	728613
70977	0	49	560	3135	9236	19140	31397	45645	61939	757922
