v1	v2	v3	v4	v5	v6	v7	v8	v9	v10	over10
1000000	0	0	0	0	0	0	0	0	0	0
1000000	0	0	0	0	0	0	0	0	0	0
1000000	0	0	0	0	0	0	0	0	0	0
1000000	0	0	0	0	0	0	0	0	0	0
1000000	0	0	0	0	0	0	0	0	0	0
1000000	0	0	0	0	0	0	0	0	0	0
1000000	0	0	0	0	0	0	0	0	0	0
971171	28829	0	0	0	0	0	0	0	0	0
1000000	0	0	0	0	0	0	0	0	0	0
952267	47733	0	0	0	0	0	0	0	0	0
1000000	0	0	0	0	0	0	0	0	0	0
933572	60540	5888	0	0	0	0	0	0	0	0
1000000	0	0	0	0	0	0	0	0	0	0
929973	70027	0	0	0	0	0	0	0	0	0
988804	0	11196	0	0	0	0	0	0	0	0
923209	74512	0	2279	0	0	0	0	0	0	0
1000000	0	0	0	0	0	0	0	0	0	0
897591	87725	14684	0	0	0	0	0	0	0	0
990244	9756	0	0	0	0	0	0	0	0	0
907604	87268	0	4086	1042	0	0	0	0	0	0
964011	18536	17453	0	0	0	0	0	0	0	0
881026	118229	745	0	0	0	0	0	0	0	0
970375	29625	0	0	0	0	0	0	0	0	0
855306	118049	20528	5524	0	593	0	0	0	0	0
970985	27087	0	0	1928	0	0	0	0	0	0
836423	160923	2654	0	0	0	0	0	0	0	0
929758	47469	22376	397	0	0	0	0	0	0	0
835960	147018	9886	6808	0	0	328	0	0	0	0
917603	81470	614	313	0	0	0	0	0	0	0
749742	207645	37715	1072	2760	1066	0	0	0	0	0
852584	137199	9677	540	0	0	0	0	0	0	0
718174	243136	27359	10197	909	0	0	225	0	0	0
733584	205538	53911	5945	1022	0	0	0	0	0	0
764981	212782	19693	2371	173	0	0	0	0	0	0
770810	204723	18251	2048	3343	154	671	0	0	0	0
644301	271925	65225	14924	1984	1485	0	0	156	0	0
705803	251072	30721	12265	0	139	0	0	0	0	0
592441	330027	61029	14197	1803	503	0	0	0	0	0
658364	253011	73477	13693	846	609	0	0	0	0	0
469239	390113	109054	23158	6531	880	467	450	0	108	0
571684	331806	77320	15339	3634	102	115	0	0	0	0
453624	356948	143911	29373	11147	3285	1712	0	0	0	0
495216	368615	108728	18300	8494	569	0	78	0	0	0
366077	396496	172496	45414	14246	5065	65	68	0	0	73
348217	383440	194051	53978	14424	4172	1007	392	319	0	0
260803	401807	237436	71742	18253	7493	2401	65	0	0	0
282801	395314	217657	72806	20608	7721	2515	578	0	0	0
210047	390804	243780	110447	26320	13821	2414	2089	230	0	48
194319	398869	253266	100714	34380	10803	5709	982	900	58	0
247622	274936	280291	146224	41155	7753	1413	95	294	217	0
330064	320634	211664	91294	32554	9872	3486	271	98	63	0
185047	309439	273604	151375	53202	16502	9073	1454	0	264	40
188694	339112	271903	124423	48846	17846	6841	1621	527	187	0
133364	299278	286359	171836	69329	24478	9613	3795	1005	641	302
119352	264169	303055	174967	86494	31643	12858	5261	1747	37	417
76073	210185	300896	226211	109689	47143	16144	9319	3025	469	846
89324	211315	266402	227213	113819	51911	25079	8641	4230	1491	575
66663	155865	271182	267484	141294	55562	22147	14003	3857	1468	475
59050	141671	262350	243775	164817	73342	29815	14709	6884	2213	1374
45157	87886	209663	260667	202409	111634	46129	18365	11514	4326	2250
56035	111335	211371	242194	181847	108140	50840	20135	9955	5058	3090
28530	74625	162579	237129	220352	142390	70789	34414	14818	8881	5493
45262	76496	149296	234164	223654	136859	69327	32175	18332	7886	6549
23511	52497	112050	201766	229184	174103	104476	51815	24247	13962	12389
15971	43323	97620	168564	216982	193717	126357	66643	34998	17942	17883
9726	39381	76133	143012	195233	196657	148334	92896	46889	24552	27187
24000	45704	85387	162858	218532	205484	127653	62066	31186	18165	18965
12364	31042	54449	110378	187034	213293	173515	106244	51130	26715	33836
6964	32247	63973	107310	153642	188992	181296	126056	69046	30108	40366
3926	18564	44208	74318	120948	175728	190206	160992	99425	52530	59155
2698	13163	39935	73304	125277	158135	174105	157889	113540	63812	78142
2074	10330	29963	53030	95002	141898	172802	168495	137030	83921	105455
1311	9102	27246	54428	86394	126385	163411	164915	146365	100639	119804
892	3363	16619	38741	63502	108594	143566	172536	154012	125701	172474
3003	2875	9748	30196	58857	91812	129815	146821	155902	134877	236094
3065	2387	7973	17821	43207	76481	121902	147913	153437	141345	284469
2264	4350	5217	17992	39623	71173	105723	145096	154871	139191	314500
346	1985	5189	14083	29034	52883	84070	121208	143803	148589	398810
317	1920	3681	8894	24249	45626	71510	104489	134388	144427	460499
59	62	1090	3337	9625	20339	37771	59430	97778	135872	634637
57	679	1920	4626	14078	29289	51918	73949	101996	120399	601089
0	59	467	2349	7216	17735	33990	54250	82118	114356	687460
0	125	738	1679	3762	11950	28062	48584	67336	93140	744624
54	9	121	458	1674	6132	15446	30807	53039	76245	816015
37	68	187	651	1855	3982	11363	26824	43661	60132	851240
0	0	67	123	566	2589	7078	15457	31052	52130	890938
0	29	23	307	861	2052	5690	14482	28389	46471	901696
0	0	0	0	126	410	1214	3373	9338	22953	962586
0	0	22	55	350	820	2249	6506	14222	24449	951327
0	0	0	0	17	39	143	1230	3093	6333	989145
0	0	0	14	52	343	1045	1797	6033	12607	978109
0	0	0	0	0	0	55	377	590	2727	996251
0	0	0	0	15	67	322	760	2163	5353	991320
0	0	0	0	0	0	0	62	63	605	999270
0	0	0	0	0	24	69	335	593	1780	997199
0	0	0	0	0	0	0	0	27	71	999902
0	0	0	0	0	0	23	89	402	800	998686
0	0	0	0	0	0	0	0	0	0	1000000
0	0	0	0	0	0	0	28	74	405	999493
30206	0	0	0	0	0	0	0	27	96	969671
