v1	v2	v3	v4	v5	v6	v7	v8	v9	v10	over10
1000000	0	0	0	0	0	0	0	0	0	0
1000000	0	0	0	0	0	0	0	0	0	0
1000000	0	0	0	0	0	0	0	0	0	0
1000000	0	0	0	0	0	0	0	0	0	0
1000000	0	0	0	0	0	0	0	0	0	0
1000000	0	0	0	0	0	0	0	0	0	0
1000000	0	0	0	0	0	0	0	0	0	0
1000000	0	0	0	0	0	0	0	0	0	0
1000000	0	0	0	0	0	0	0	0	0	0
1000000	0	0	0	0	0	0	0	0	0	0
1000000	0	0	0	0	0	0	0	0	0	0
1000000	0	0	0	0	0	0	0	0	0	0
1000000	0	0	0	0	0	0	0	0	0	0
999413	587	0	0	0	0	0	0	0	0	0
1000000	0	0	0	0	0	0	0	0	0	0
998624	1376	0	0	0	0	0	0	0	0	0
1000000	0	0	0	0	0	0	0	0	0	0
997633	2367	0	0	0	0	0	0	0	0	0
1000000	0	0	0	0	0	0	0	0	0	0
996933	3067	0	0	0	0	0	0	0	0	0
999967	0	33	0	0	0	0	0	0	0	0
996054	3946	0	0	0	0	0	0	0	0	0
999989	11	0	0	0	0	0	0	0	0	0
995354	4577	69	0	0	0	0	0	0	0	0
1000000	0	0	0	0	0	0	0	0	0	0
994768	5232	0	0	0	0	0	0	0	0	0
999865	42	93	0	0	0	0	0	0	0	0
993872	6125	0	3	0	0	0	0	0	0	0
999833	167	0	0	0	0	0	0	0	0	0
992126	7716	158	0	0	0	0	0	0	0	0
998659	1341	0	0	0	0	0	0	0	0	0
990793	9193	9	5	0	0	0	0	0	0	0
992299	7425	276	0	0	0	0	0	0	0	0
992002	7998	0	0	0	0	0	0	0	0	0
996605	3392	3	0	0	0	0	0	0	0	0
983073	16547	359	21	0	0	0	0	0	0	0
995521	4471	8	0	0	0	0	0	0	0	0
985648	14264	88	0	0	0	0	0	0	0	0
992512	7059	428	1	0	0	0	0	0	0	0
973129	26784	64	20	3	0	0	0	0	0	0
988291	11657	52	0	0	0	0	0	0	0	0
971919	27457	599	25	0	0	0	0	0	0	0
983264	16650	86	0	0	0	0	0	0	0	0
958261	41065	625	49	0	0	0	0	0	0	0
953611	45026	1349	9	5	0	0	0	0	0	0
927968	70101	1890	41	0	0	0	0	0	0	0
933496	64536	1928	39	1	0	0	0	0	0	0
913370	83590	2858	180	1	1	0	0	0	0	0
889766	105935	4083	205	11	0	0	0	0	0	0
922998	74160	2781	56	5	0	0	0	0	0	0
948977	49109	1865	49	0	0	0	0	0	0	0
897925	96872	5014	176	13	0	0	0	0	0	0
870367	124541	4948	137	7	0	0	0	0	0	0
875746	117198	6695	340	19	2	0	0	0	0	0
844640	144912	10071	326	45	6	0	0	0	0	0
796129	186550	16045	1184	85	7	0	0	0	0	0
796465	181262	20441	1628	191	9	4	0	0	0	0
787819	192121	18631	1348	78	3	0	0	0	0	0
729742	236725	30469	2814	227	23	0	0	0	0	0
700806	254961	40138	3675	363	51	6	0	0	0	0
716886	239840	38860	4058	319	34	3	0	0	0	0
618109	304179	67432	9232	928	107	9	4	0	0	0
659224	274590	57642	7635	817	83	8	1	0	0	0
572431	325520	85229	14570	1962	243	35	9	1	0	0
486128	365017	120311	24090	3846	513	80	13	0	2	0
443740	374481	139316	34337	6742	1136	192	49	4	2	1
557888	329505	93344	16789	2128	301	34	7	4	0	0
437100	368043	148549	38251	6852	1029	149	24	3	0	0
411681	373903	158405	45064	9154	1530	228	25	8	2	0
354573	370164	192695	63928	15425	2699	425	79	10	0	2
296923	370247	218696	83751	23624	5453	1053	207	40	6	0
267224	362671	231559	97866	30875	7674	1733	311	69	13	5
236103	354740	248050	110886	37207	10159	2296	453	78	21	7
181867	330181	272023	140688	53384	16592	4070	943	195	47	10
166267	308571	278369	155147	63805	20627	5592	1299	270	42	11
143331	282470	280284	173192	78991	29100	9230	2530	651	177	44
130114	268572	279451	183584	88374	34099	11252	3368	903	213	70
98321	239400	272435	201788	111051	49491	18842	6244	1796	453	179
72505	206569	268393	221245	132031	62500	24687	8318	2718	757	277
32450	131450	234118	246969	181632	101064	45679	17743	6247	1892	756
43543	149146	231280	226781	167620	99321	49263	21099	7964	2703	1280
25421	108087	202349	232494	192652	123598	65858	30183	12341	4616	2401
16374	80447	172045	223033	204300	145172	85571	42537	18850	7444	4227
11767	59033	145104	209796	211513	162984	102540	54344	25476	10989	6454
7912	42620	110602	177203	202203	178380	128512	78705	41303	19435	13125
4592	29889	88181	156173	194564	186728	145078	94487	52995	26932	20381
3811	24815	73849	135398	176983	180704	152935	109491	69245	38611	34158
892	8231	35569	88526	150824	186110	180423	142801	95602	56228	54794
1253	10132	38217	86874	138400	170119	170463	143276	102606	65921	72739
189	2497	12958	39848	84164	133866	165408	166860	142955	105981	145274
247	2884	14468	40814	79686	120443	149256	157316	141740	111450	181696
61	741	4874	18330	47118	88358	129734	155903	157603	136250	261028
73	945	5767	19435	43911	74823	108633	135551	145955	138081	326826
3	87	824	4188	14517	35867	68761	107107	138846	152828	476972
5	132	1311	6189	17680	35488	57751	83410	108110	128231	561693
0	5	164	1077	4490	13762	30891	56979	88268	116990	687374
0	14	303	1975	7008	15753	28387	42963	62603	86402	754592
0	3	34	322	1633	5211	13297	26738	46148	69847	836767
0	1	70	609	2835	7774	15899	25685	36940	51612	858575
60359	0	1	52	578	2639	7578	14853	24093	34931	854916
