v1	v2	v3	v4	v5	v6	v7	v8	v9	v10	over10
1000000	0	0	0	0	0	0	0	0	0	0
1000000	0	0	0	0	0	0	0	0	0	0
1000000	0	0	0	0	0	0	0	0	0	0
666045	333955	0	0	0	0	0	0	0	0	0
1000000	0	0	0	0	0	0	0	0	0	0
399812	400675	199513	0	0	0	0	0	0	0	0
1000000	0	0	0	0	0	0	0	0	0	0
571555	285761	0	142684	0	0	0	0	0	0	0
749681	0	250319	0	0	0	0	0	0	0	0
444816	444916	0	0	110268	0	0	0	0	0	0
899806	100194	0	0	0	0	0	0	0	0	0
363509	181944	181837	181347	0	91363	0	0	0	0	0
916752	83248	0	0	0	0	0	0	0	0	0
307582	615334	0	0	0	0	77084	0	0	0	0
429146	141928	286233	0	142693	0	0	0	0	0	0
266728	532781	0	134340	0	0	0	66151	0	0	0
437345	562655	0	0	0	0	0	0	0	0	0
0	588444	235683	0	0	117147	0	0	58726	0	0
55568	723169	221263	0	0	0	0	0	0	0	0
104922	52805	420326	263562	105453	0	0	0	0	52932	0
100251	99812	449292	200351	50083	0	100211	0	0	0	0
47364	191173	618686	0	94898	0	0	0	0	0	47879
91201	363956	317688	181593	45562	0	0	0	0	0	0
43580	43489	390884	217757	86956	87329	0	86560	0	0	43445
166451	0	208497	333214	125242	166596	0	0	0	0	0
40359	120016	199532	360157	200229	0	39860	0	0	0	39847
76404	115365	77199	385270	153893	38196	76992	0	76681	0	0
36941	110994	111650	333870	110827	147911	74115	36587	0	0	37105
0	107036	178588	357313	285157	0	35851	36055	0	0	0
0	0	34462	137585	345895	240480	0	138656	0	68694	34228
0	66267	99865	167199	400250	67153	133204	0	66062	0	0
0	0	32051	64093	387467	289897	32512	64624	64890	32277	32189
0	0	62324	62366	124952	344136	187506	31070	94034	31387	62225
60329	0	60593	90936	181966	424512	90851	30212	30376	0	30225
0	58677	29428	0	118104	324097	205017	116999	0	118133	29545
0	0	57327	28553	28445	199687	400466	85757	28834	0	170931
0	0	0	166937	55479	83470	388790	194873	55231	0	55220
0	0	0	27075	81030	53985	297337	405736	80840	0	53997
0	0	0	52905	0	131777	210045	342189	131770	26411	104903
0	0	0	0	25648	51004	51290	230561	282658	153406	205433
0	0	0	0	74698	24579	125334	275205	300819	74952	124413
0	0	0	0	24336	24605	48908	72686	316767	243894	268804
0	0	0	0	47329	47590	23997	119047	261324	310480	190233
0	0	0	0	0	46619	0	46265	255739	302147	349230
0	0	0	0	0	23018	0	22768	22886	385688	545640
0	0	0	0	0	0	89159	22411	66611	111018	710801
0	0	0	0	0	21724	21567	43390	21932	65638	825749
0	0	0	0	0	0	21362	21369	21261	43040	892968
0	0	0	0	0	0	20755	62546	20639	41337	854723
20486	0	0	0	0	0	20592	20288	0	61243	877391
40049	20015	0	0	0	0	0	20106	60438	0	859392
0	19701	19654	0	0	0	0	0	39070	39483	882092
0	19215	19246	19204	0	0	0	0	38505	38319	865511
0	0	0	18747	18916	0	0	0	18929	56394	887014
0	0	18400	0	18610	18437	0	0	0	18429	926124
0	0	0	0	0	17977	18204	0	0	0	963819
0	0	0	17790	0	0	18008	17898	0	0	946304
0	0	0	0	0	0	0	17707	17536	0	964757
0	0	0	0	17300	0	0	0	17331	17028	948341
0	0	0	0	0	0	0	0	0	17152	982848
0	0	0	0	0	16681	0	0	0	0	983319
0	0	0	0	0	0	0	0	0	0	1000000
0	0	0	0	0	0	16172	0	0	0	983828
0	0	0	0	0	0	0	0	0	0	1000000
0	0	0	0	0	0	0	15526	0	0	984474
0	0	0	0	0	0	0	0	0	0	1000000
0	0	0	0	0	0	0	0	15157	0	984843
0	0	0	0	0	0	0	0	0	0	1000000
0	0	0	0	0	0	0	0	0	14615	985385
0	0	0	0	0	0	0	0	0	0	1000000
0	0	0	0	0	0	0	0	0	0	1000000
0	0	0	0	0	0	0	0	0	0	1000000
0	0	0	0	0	0	0	0	0	0	1000000
0	0	0	0	0	0	0	0	0	0	1000000
0	0	0	0	0	0	0	0	0	0	1000000
0	0	0	0	0	0	0	0	0	0	1000000
0	0	0	0	0	0	0	0	0	0	1000000
0	0	0	0	0	0	0	0	0	0	1000000
0	0	0	0	0	0	0	0	0	0	1000000
0	0	0	0	0	0	0	0	0	0	1000000
0	0	0	0	0	0	0	0	0	0	1000000
0	0	0	0	0	0	0	0	0	0	1000000
0	0	0	0	0	0	0	0	0	0	1000000
0	0	0	0	0	0	0	0	0	0	1000000
0	0	0	0	0	0	0	0	0	0	1000000
0	0	0	0	0	0	0	0	0	0	1000000
0	0	0	0	0	0	0	0	0	0	1000000
0	0	0	0	0	0	0	0	0	0	1000000
0	0	0	0	0	0	0	0	0	0	1000000
0	0	0	0	0	0	0	0	0	0	1000000
0	0	0	0	0	0	0	0	0	0	1000000
0	0	0	0	0	0	0	0	0	0	1000000
0	0	0	0	0	0	0	0	0	0	1000000
0	0	0	0	0	0	0	0	0	0	1000000
0	0	0	0	0	0	0	0	0	0	1000000
0	0	0	0	0	0	0	0	0	0	1000000
0	0	0	0	0	0	0	0	0	0	1000000
0	0	0	0	0	0	0	0	0	0	1000000
0	0	0	0	0	0	0	0	0	0	1000000
10059	0	0	0	0	0	0	0	0	0	989941
