1	1	1000000
2	1	1000000
3	1	1000000
4	1	1000000
5	1	1000000
6	1	1000000
7	1	1000000
8	1	1000000
9	1	1000000
10	1	992131	2	7869
11	1	1000000
12	1	984616	2	15384
13	1	1000000
14	1	978739	2	21261
15	1	998985	3	1015
16	1	974302	2	25698
17	1	1000000
18	1	968281	2	29655	3	2064
19	1	999366	2	634
20	1	967070	2	32653	4	277
21	1	995835	2	1065	3	3100
22	1	962242	2	37758
23	1	996800	2	3200
24	1	954020	2	41330	3	4010	4	640
25	1	997794	2	2108	5	98
26	1	950431	2	49488	3	81
27	1	989192	2	6165	3	4643
28	1	945906	2	52741	3	521	4	832
29	1	987672	2	12328
30	1	921764	2	71657	3	6302	5	234	6	43
31	1	967207	2	32422	3	371
32	1	908338	2	87921	3	2418	4	1323
33	1	916231	2	73862	3	9639	4	244	5	24
34	1	927743	2	71010	3	1176	4	71
35	1	940017	2	58349	3	1184	4	70	5	356	7	24
36	1	870194	2	116024	3	12053	4	1586	5	53	6	90
37	1	917961	2	78584	3	2771	4	684
38	1	859550	2	131939	3	7851	4	614	5	32	6	14
39	1	895784	2	90403	3	13195	4	589	5	17	6	12
40	1	785558	2	197910	3	13721	4	2328	5	475	8	8
41	1	856563	2	133378	3	9556	4	413	5	90
42	1	773391	2	195490	3	27566	4	2863	5	410	6	219	7	61
43	1	816222	2	168278	3	14581	4	705	5	210	6	4
44	1	711904	2	247808	3	34779	4	4719	5	646	6	144
45	1	698719	2	249927	3	46014	4	4374	5	850	6	82	7	22	8	6	9	6
46	1	613598	2	314664	3	62558	4	8159	5	704	6	257	7	60
47	1	636655	2	294827	3	58153	4	8930	5	1199	6	179	7	51	8	6
48	1	565564	2	341053	3	75197	4	15880	5	1524	6	708	7	24	8	50
49	1	537717	2	359018	3	83765	4	15746	5	2928	6	535	7	248	8	24	9	19
50	1	572455	2	314991	3	97720	4	13060	5	1601	6	169	10	4
51	1	667268	2	258018	3	62523	4	10817	5	1170	6	148	7	56
52	1	510518	2	349371	3	111163	4	24532	5	3791	6	374	7	235	8	14	10	2
53	1	503333	2	367461	3	105057	4	20065	5	3528	6	436	7	86	8	17	9	17
54	1	453953	2	377029	3	130823	4	31290	5	5496	6	955	7	362	8	54	9	17	10	21
55	1	410234	2	383591	3	159086	4	36844	5	8137	6	1642	7	372	8	80	9	12	11	2
56	1	330343	2	399796	3	193295	4	58702	5	13907	6	3075	7	505	8	311	9	49	10	1	11	16
57	1	341405	2	375770	3	191814	4	68109	5	17350	6	3861	7	1323	8	211	9	124	10	25	11	3	12	5
58	1	292736	2	384936	3	222583	4	76130	5	18601	6	3775	7	701	8	407	9	112	10	19
59	1	256240	2	370912	3	244911	4	91284	5	28026	6	6589	7	1404	8	390	9	196	10	23	11	7	12	16	13	2
60	1	209710	2	333039	3	283437	4	119817	5	39019	6	11191	7	2825	8	624	9	250	10	68	11	6	12	4	13	10
61	1	234695	2	336070	3	251660	4	121826	5	39642	6	11977	7	3216	8	588	9	205	10	88	11	27	12	6
62	1	156498	2	299383	3	284428	4	165352	5	65155	6	20742	7	5813	8	1864	9	483	10	212	11	46	12	16	14	8
63	1	184709	2	292346	3	277442	4	155878	5	61314	6	20059	7	5652	8	1638	9	620	10	240	11	65	12	24	13	12	14	1
64	1	124095	2	254097	3	286502	4	195099	5	89681	6	33414	7	11699	8	3643	9	1122	10	403	11	174	12	53	13	9	14	7	15	2
65	1	90182	2	217415	3	285525	4	215697	5	116472	6	48324	7	17691	8	5682	9	1959	10	698	11	247	12	65	13	28	15	15
66	1	72220	2	195249	3	262320	4	224635	5	138245	6	65213	7	26537	8	10180	9	3398	10	1268	11	423	12	222	13	41	14	34	16	15
67	1	114080	2	220580	3	282009	4	211238	5	105592	6	44120	7	15445	8	4644	9	1393	10	607	11	189	12	74	13	23	14	3	15	3
68	1	68810	2	167678	3	249079	4	239780	5	153863	6	73514	7	30495	8	11283	9	3540	10	1134	11	526	12	186	13	72	14	22	15	5	17	13
69	1	58342	2	165925	3	234494	4	231044	5	163545	6	86142	7	37579	8	15068	9	5409	10	1457	11	593	12	271	13	74	14	33	15	23	17	1
70	1	39715	2	123923	3	201013	4	228349	5	195378	6	118388	7	55664	8	23636	9	8949	10	3210	11	961	12	476	13	216	14	79	15	26	16	15	18	2
71	1	28829	2	105124	3	189361	4	227384	5	194436	6	128269	7	70733	8	32847	9	14153	10	5583	11	1935	12	755	13	337	14	157	15	53	16	31	17	7	18	5	19	1
72	1	22341	2	86785	3	164183	4	211802	5	205664	6	148348	7	85334	8	42284	9	19845	10	8266	11	3290	12	934	13	516	14	263	15	105	16	19	17	16	19	5
73	1	18403	2	74814	3	153289	4	204283	5	204271	6	158390	7	96331	8	49278	9	23639	10	10966	11	3958	12	1420	13	440	14	314	15	139	16	39	17	17	18	4	20	5
74	1	10329	2	50106	3	121417	4	187280	5	201877	6	178628	7	121517	8	68778	9	32596	10	16243	11	7043	12	2617	13	787	14	347	15	277	16	118	17	29	18	7	20	4
75	1	12554	2	37121	3	102086	4	168379	5	197896	6	179175	7	136992	8	84084	9	45252	10	21031	11	9190	12	3961	13	1401	14	469	15	233	16	122	17	37	18	11	19	4	21	2
76	1	10941	2	27267	3	82496	4	149199	5	190490	6	186103	7	145648	8	97189	9	55380	10	29334	11	14457	12	6735	13	2870	14	1060	15	433	16	226	17	114	18	37	19	17	20	2	21	2
77	1	9816	2	26150	3	71517	4	138281	5	183014	6	187057	7	151574	8	103819	9	63273	10	33926	11	17026	12	8027	13	3793	14	1560	15	683	16	252	17	123	18	74	19	19	20	13	21	2	22	1
78	1	3959	2	19578	3	57761	4	112547	5	161485	6	178580	7	163379	8	124736	9	81202	10	47738	11	25305	12	12939	13	5926	14	2800	15	1092	16	474	17	246	18	145	19	68	20	21	21	10	22	7	23	2
79	1	2637	2	14074	3	42461	4	92690	5	146438	6	175445	7	170811	8	138451	9	95814	10	57399	11	32708	12	16402	13	8189	14	3532	15	1657	16	720	17	276	18	139	19	109	20	33	21	11	22	2	23	2
80	1	500	2	3725	3	17531	4	47222	5	95347	6	145475	7	175568	8	169939	9	135855	10	91940	11	55417	12	31007	13	15528	14	8200	15	3851	16	1583	17	707	18	291	19	159	20	105	21	33	22	14	23	1	24	2
81	1	1071	2	6789	3	24894	4	62061	5	108556	6	143823	7	159642	8	150956	9	123994	10	89701	11	58376	12	33610	13	18474	14	9228	15	4642	16	2268	17	1064	18	458	19	185	20	100	21	74	22	24	23	5	24	4	25	1
82	1	249	2	2618	3	13146	4	39505	5	81311	6	124748	7	156006	8	160261	9	140130	10	108503	11	73362	12	45990	13	26375	14	13826	15	7333	16	3621	17	1610	18	758	19	329	20	131	21	120	22	48	23	12	24	7	25	1
83	1	160	2	1773	3	8242	4	27522	5	63162	6	106705	7	140184	8	155898	9	147720	10	122360	11	88993	12	58951	13	36142	14	20667	15	10542	16	5729	17	2781	18	1274	19	652	20	266	21	114	22	85	23	48	24	18	25	10	26	1	27	1
84	1	267	2	587	3	3897	4	16351	5	43523	6	85241	7	125120	8	149381	9	153822	10	134838	11	105577	12	74058	13	47143	14	27839	15	15969	16	7929	17	4289	18	2224	19	1022	20	501	21	208	22	110	23	75	24	19	25	5	26	3	27	2
85	1	206	2	588	3	3003	4	11597	5	32323	6	62600	7	99148	8	129950	9	143057	10	141825	11	122231	12	93975	13	65393	14	41708	15	24419	16	13679	17	7061	18	3722	19	1833	20	888	21	397	22	180	23	130	24	58	25	15	26	11	27	2	28	1
86	1	23	2	213	3	1612	4	6657	5	22152	6	48045	7	84648	8	118211	9	139615	10	143315	11	130846	12	104399	13	76413	14	51400	15	32270	16	18616	17	10483	18	5537	19	2859	20	1342	21	730	22	308	23	147	24	87	25	45	26	12	27	11	28	3	29	1
87	1	22	2	319	3	1185	4	5716	5	17746	6	41487	7	71787	8	102897	9	126802	10	134736	11	129130	12	112462	13	88826	14	64338	15	42454	16	26797	17	15503	18	8595	19	4552	20	2389	21	1093	22	629	23	264	24	142	25	78	26	26	27	9	28	8	29	6	30	2
88	1	4	2	24	3	218	4	1178	5	4532	6	15443	7	39642	8	74449	9	109169	10	134850	11	142448	12	132134	13	110898	14	84304	15	58949	16	38486	17	23766	18	13681	19	7535	20	4060	21	2154	22	1044	23	507	24	221	25	150	26	100	27	31	28	11	29	6	30	4	31	2
89	1	11	2	56	3	404	4	1908	5	7113	6	19844	7	40208	8	67992	9	96226	10	119917	11	131237	12	126625	13	112784	14	91164	15	67879	16	46501	17	29514	18	18401	19	10447	20	5589	21	2949	22	1649	23	795	24	386	25	160	26	133	27	65	28	25	29	4	30	9	31	2	32	2	33	1
90	2	6	3	40	4	177	5	1097	6	4760	7	13868	8	31490	9	58966	10	90178	11	116959	12	131718	13	130595	14	119226	15	97696	16	74119	17	51692	18	32824	19	20068	20	11338	21	6544	22	3323	23	1662	24	832	25	421	26	180	27	126	28	56	29	22	30	8	31	6	32	3
91	2	4	3	62	4	474	5	2191	6	7275	7	17802	8	34313	9	56272	10	80584	11	104369	12	119722	13	122657	14	114971	15	99668	16	78862	17	58318	18	40403	19	26272	20	16010	21	8974	22	5141	23	2726	24	1470	25	710	26	376	27	146	28	129	29	60	30	27	31	2	32	8	33	2
92	2	3	3	3	4	46	5	261	6	1390	7	4954	8	14234	9	31679	10	58027	11	87148	12	112048	13	125845	14	126099	15	114428	16	97229	17	76837	18	55710	19	37393	20	23850	21	14740	22	8398	23	4649	24	2467	25	1255	26	679	27	303	28	135	29	87	30	80	31	15	32	1	33	4	34	3
93	3	8	4	94	5	650	6	2608	7	8176	8	17662	9	30735	10	47082	11	69018	12	91822	13	110660	14	118848	15	115671	16	103613	17	85410	18	66966	19	48362	20	32805	21	20932	22	12899	23	7374	24	4056	25	2186	26	1170	27	602	28	293	29	109	30	109	31	55	32	11	33	6	34	5	35	2	37	1
94	5	19	6	200	7	1050	8	3683	9	10203	10	23451	11	43021	12	67532	13	95079	14	115116	15	123995	16	120233	17	107965	18	88805	19	68888	20	48857	21	32881	22	20599	23	12730	24	7227	25	4072	26	2179	27	1055	28	598	29	286	30	108	31	101	32	52	33	11	34	1	35	1	36	1	37	1
95	4	7	5	108	6	640	7	2308	8	6503	9	13214	10	21904	11	33118	12	48433	13	68067	14	89558	15	106300	16	114585	17	112524	18	102269	19	85198	20	66484	21	48260	22	32235	23	20407	24	12602	25	7183	26	3866	27	2034	28	1090	29	556	30	275	31	104	32	112	33	37	34	10	35	2	36	6	37	1
96	5	2	6	10	7	157	8	580	9	2396	10	7485	11	17000	12	32290	13	53536	14	75352	15	98469	16	112933	17	117031	18	112249	19	100150	20	82590	21	64333	22	46019	23	31113	24	19464	25	12181	26	6789	27	3785	28	1971	29	1041	30	538	31	268	32	96	33	123	34	37	35	7	36	2	37	1	38	1	39	1
97	5	14	6	169	7	946	8	2882	9	7023	10	11664	11	17619	12	24647	13	36108	14	53550	15	72524	16	94104	17	107306	18	111605	19	107104	20	95689	21	78087	22	61013	23	44082	24	29658	25	18630	26	11490	27	6545	28	3701	29	1845	30	1016	31	482	32	268	33	88	34	70	35	39	36	17	37	5	38	6	39	3	40	1
98	6	3	7	21	8	196	9	877	10	2882	11	7115	12	14674	13	26540	14	41447	15	60405	16	79818	17	97872	18	109283	19	110905	20	105589	21	93438	22	76229	23	59321	24	42435	25	28582	26	18044	27	10890	28	6256	29	3469	30	1805	31	951	32	463	33	226	34	94	35	103	36	45	37	13	38	2	39	2	40	4	42	1
99	5	1	6	28	7	269	8	1152	9	3236	10	6845	11	10525	12	15131	13	20947	14	28924	15	41931	16	59052	17	76969	18	94578	19	104637	20	107051	21	101705	22	89428	23	72947	24	56645	25	40358	26	26958	27	17100	28	10834	29	5962	30	3252	31	1659	32	908	33	499	34	225	35	93	36	94	37	40	38	8	39	1	40	4	41	3	42	1
100	1	40708	6	2	7	40	8	234	9	1112	10	3032	11	6538	12	10208	13	14684	14	19986	15	27948	16	40605	17	56700	18	73554	19	90537	20	99973	21	102283	22	97464	23	85351	24	70354	25	54577	26	38891	27	25952	28	16706	29	10250	30	5716	31	3122	32	1663	33	866	34	461	35	231	36	98	37	87	38	44	39	18	40	1	41	3	42	1
