1	1	1000000
2	1	1000000
3	1	1000000
4	1	1000000
5	1	1000000
6	1	1000000
7	1	1000000
8	1	1000000
9	1	1000000
10	1	1000000
11	1	1000000
12	1	997808	2	2192
13	1	1000000
14	1	995325	2	4675
15	1	1000000
16	1	992842	2	7158
17	1	1000000
18	1	990838	2	9009	3	153
19	1	1000000
20	1	989105	2	10895
21	1	999609	3	391
22	1	987406	2	12594
23	1	999772	2	228
24	1	985024	2	14325	3	625	4	26
25	1	999905	2	95
26	1	983587	2	16413
27	1	998515	2	646	3	839
28	1	981832	2	18081	3	17	4	70
29	1	998396	2	1604
30	1	975487	2	23428	3	1075	5	10
31	1	993156	2	6833	3	11
32	1	970999	2	28722	3	160	4	119
33	1	974862	2	23506	3	1628	4	4
34	1	976894	2	23071	3	35
35	1	985175	2	14738	3	72	5	15
36	1	953498	2	44118	3	2195	4	188	6	1
37	1	979749	2	20037	3	176	4	38
38	1	955181	2	43866	3	936	4	17
39	1	971457	2	26254	3	2267	4	22
40	1	922702	2	75769	3	1223	4	278	5	28
41	1	958003	2	41143	3	853	4	1
42	1	918385	2	77014	3	4273	4	313	5	9	6	5	7	1
43	1	942665	2	56029	3	1282	4	20	5	4
44	1	886266	2	108162	3	5089	4	464	5	15	6	4
45	1	879411	2	112246	3	8087	4	196	5	57	6	3
46	1	828310	2	159684	3	11304	4	682	5	14	6	6
47	1	840998	2	146896	3	11281	4	769	5	56
48	1	800061	2	182495	3	15612	4	1736	5	64	6	29	8	3
49	1	768839	2	208855	3	20149	4	1931	5	199	6	17	7	10
50	1	809616	2	171779	3	17725	4	802	5	75	6	3
51	1	865012	2	122515	3	11726	4	719	5	27	6	1
52	1	764561	2	206787	3	26177	4	2263	5	204	6	6	7	2
53	1	740924	2	231961	3	25021	4	1932	5	158	6	4
54	1	725281	2	237981	3	32785	4	3607	5	293	6	37	7	15	8	1
55	1	681342	2	269167	3	44942	4	3906	5	553	6	84	7	6
56	1	609668	2	316931	3	63052	4	9095	5	1067	6	162	7	14	8	11
57	1	613873	2	301712	3	70927	4	11556	5	1646	6	218	7	65	8	1	9	2
58	1	583924	2	327239	3	75883	4	11400	5	1387	6	142	7	12	8	10	9	3
59	1	524197	2	353561	3	101111	4	17917	5	2745	6	433	7	28	8	5	9	3
60	1	477294	2	364944	3	128555	4	24299	5	4084	6	664	7	137	8	20	9	2	10	1
61	1	501469	2	347980	3	118883	4	26757	5	4077	6	699	7	116	8	14	9	4	10	1
62	1	392798	2	378885	3	170301	4	46931	5	9111	6	1579	7	307	8	74	9	7	10	7
63	1	432190	2	360595	3	155899	4	41083	5	8304	6	1566	7	290	8	58	9	12	10	2	11	1
64	1	341622	2	375599	3	198328	4	64745	5	15359	6	3358	7	785	8	159	9	30	10	11	11	4
65	1	269804	2	371733	3	235930	4	89403	5	25480	6	5859	7	1394	8	289	9	88	10	16	11	4
66	1	234447	2	357030	3	247242	4	110672	5	37018	6	10088	7	2576	8	718	9	148	10	45	11	12	12	4
67	1	321033	2	365644	3	213552	4	75558	5	19021	6	4091	7	888	8	170	9	34	10	8	13	1
68	1	225872	2	340466	3	255955	4	123305	5	40545	6	10603	7	2457	8	610	9	141	10	36	11	6	12	2	14	1	17	1
69	1	205953	2	334144	3	259045	4	132467	5	49358	6	14381	7	3511	8	855	9	227	10	40	11	12	12	7
70	1	162218	2	296355	3	272695	4	166021	5	71708	6	22907	7	6011	8	1583	9	378	10	82	11	32	12	1	13	7	14	2
71	1	126860	2	273415	3	279386	4	183303	5	88005	6	33675	7	10915	8	3181	9	962	10	207	11	70	12	14	13	4	14	2	17	1
72	1	108105	2	249683	3	274111	4	197883	5	104957	6	43387	7	15294	8	4648	9	1407	10	387	11	113	12	16	13	6	14	2	19	1
73	1	92025	2	229920	3	275533	4	207517	5	116130	6	51714	7	18792	8	5905	9	1677	10	576	11	158	12	40	13	8	14	1	15	2	16	2
74	1	62254	2	188239	3	263701	4	227663	5	142884	6	72069	7	28607	8	10084	9	3053	10	1009	11	318	12	89	13	22	14	3	15	3	17	2
75	1	56818	2	162729	3	248924	4	232836	5	158180	6	83954	7	36734	8	13544	9	4468	10	1280	11	377	12	123	13	24	14	6	15	3
76	1	46992	2	137516	3	230695	4	234136	5	171336	6	99370	7	47966	8	20473	9	7519	10	2726	11	825	12	327	13	87	14	22	15	7	16	1	17	2
77	1	42050	2	125452	3	216376	4	234349	5	179670	6	108268	7	54826	8	23953	9	9646	10	3545	11	1248	12	396	13	161	14	49	15	5	16	3	17	1	19	1	21	1
78	1	26962	2	103865	3	190210	4	223627	5	190450	6	129860	7	73686	8	36064	9	15601	10	6091	11	2331	12	832	13	275	14	92	15	33	16	10	17	8	18	1	20	2
79	1	18305	2	80112	3	165715	4	217089	5	203469	6	148309	7	88555	8	45123	9	20250	10	8239	11	3093	12	1088	13	441	14	148	15	52	16	9	17	1	18	1	19	1
80	1	5908	2	36378	3	103671	4	179133	5	212981	6	188023	7	131562	8	75490	9	38204	10	17192	11	7049	12	2794	13	1043	14	378	15	131	16	42	17	15	18	4	19	1	20	1
81	1	9281	2	49058	3	119955	4	179720	5	196590	6	169594	7	122942	8	76049	9	41379	10	20380	11	8946	12	3705	13	1483	14	575	15	239	16	68	17	20	18	12	19	4
82	1	4265	2	28274	3	85712	4	153528	5	192598	6	185207	7	145110	8	96754	9	55626	10	29054	11	13734	12	6054	13	2516	14	946	15	393	16	154	17	50	18	12	19	8	20	3	21	2
83	1	2405	2	18893	3	63272	4	128042	5	177326	6	187358	7	159424	8	114740	9	71793	10	40240	11	20225	12	9368	13	4067	14	1735	15	671	16	292	17	104	18	23	19	12	20	6	21	1	22	3
84	1	1794	2	10957	3	44818	4	103294	5	160126	6	185700	7	170330	8	131264	9	88377	10	51713	11	27535	12	13538	13	6084	14	2651	15	1106	16	430	17	167	18	78	19	22	20	11	21	5
85	1	1210	2	7802	3	32135	4	76867	5	128900	6	164635	7	170940	8	148464	9	110759	10	72760	11	42515	12	22922	13	11200	14	5102	15	2231	16	925	17	391	18	152	19	59	20	21	21	7	22	1	23	2
86	1	456	2	4594	3	21645	4	58882	5	109626	6	152585	7	170318	8	157443	9	125080	10	86217	11	53437	12	30409	13	15735	14	7570	15	3496	16	1459	17	609	18	288	19	95	20	38	21	13	22	2	23	3
87	1	352	2	3822	3	17553	4	49750	5	94314	6	135106	7	156910	8	154567	9	131975	10	99953	11	67415	12	41633	13	23637	14	12276	15	5966	16	2728	17	1195	18	467	19	228	20	87	21	41	22	11	23	4	24	6	25	2	26	1	28	1
88	1	63	2	711	3	5167	4	20324	5	54274	6	101451	7	145706	8	164120	9	156836	10	127079	11	91520	12	59294	13	35631	14	19236	15	9897	16	4887	17	2149	18	967	19	396	20	192	21	60	22	27	23	7	24	5	26	1
89	1	113	2	1189	3	6822	4	23515	5	54936	6	94546	7	129562	8	150028	9	148313	10	128603	11	98767	12	68534	13	43130	14	25303	15	13704	16	6942	17	3328	18	1496	19	667	20	289	21	126	22	51	23	24	24	5	25	5	26	2
90	1	4	2	151	3	1287	4	6353	5	21047	6	49216	7	86995	8	124757	9	148693	10	149965	11	132264	12	103244	13	73079	14	46688	15	27303	16	14993	17	7482	18	3543	19	1672	20	700	21	328	22	145	23	58	24	19	25	10	26	3	28	1
91	1	14	2	231	3	1960	4	8180	5	23992	6	49003	7	80770	8	111502	9	133804	10	140818	11	129633	12	107095	13	80609	14	55215	15	35074	16	20377	17	11074	18	5669	19	2767	20	1249	21	555	22	244	23	103	24	43	25	15	26	2	28	2
92	1	2	2	36	3	312	4	2057	5	8093	6	23761	7	50616	8	86823	9	120582	10	141522	11	143244	12	127646	13	101328	14	74989	15	50519	16	31321	17	18072	18	9840	19	4971	20	2352	21	1078	22	482	23	200	24	88	25	39	26	22	27	4	28	1
93	1	1	2	38	3	534	4	3177	5	10487	6	24903	7	46126	8	71700	9	98893	10	121669	11	132501	12	128292	13	111256	14	87456	15	63408	16	42133	17	26270	18	15123	19	8247	20	4125	21	1960	22	968	23	418	24	179	25	81	26	32	27	12	28	8	29	1	30	1	31	1
94	3	32	4	295	5	1680	6	6366	7	17501	8	38234	9	66854	10	100288	11	125742	12	138634	13	134110	14	115197	15	90488	16	64739	17	42684	18	26245	19	15146	20	8000	21	4177	22	1940	23	874	24	459	25	182	26	73	27	36	28	15	29	4	30	2	31	2	32	1
95	2	2	3	53	4	539	5	3107	6	9335	7	19868	8	34542	9	52568	10	73722	11	96902	12	116075	13	125517	14	121786	15	106124	16	84207	17	60498	18	40368	19	25201	20	14414	21	7765	22	4016	23	1845	24	826	25	413	26	172	27	88	28	29	29	14	30	3	31	1
96	3	2	4	36	5	292	6	1604	7	5426	8	14369	9	30429	10	53067	11	80637	12	106805	13	124793	14	128573	15	121149	16	103265	17	81182	18	58097	19	38534	20	23795	21	13535	22	7446	23	3740	24	1791	25	827	26	351	27	138	28	69	29	31	30	9	31	6	32	1	33	1
97	3	5	4	138	5	938	6	3580	7	9256	8	16593	9	26671	10	38914	11	56659	12	77909	13	100879	14	116538	15	121474	16	115652	17	97785	18	76100	19	55107	20	36538	21	22650	22	13052	23	6926	24	3476	25	1765	26	801	27	324	28	156	29	62	30	30	31	18	32	2	33	1	34	1
98	4	7	5	68	6	503	7	2066	8	5851	9	13238	10	25597	11	42582	12	63736	13	86662	14	105984	15	118698	16	120232	17	112357	18	94565	19	73584	20	52789	21	34896	22	21294	23	12250	24	6597	25	3410	26	1634	27	773	28	359	29	146	30	80	31	27	32	11	33	2	34	1	35	1
99	4	23	5	282	6	1400	7	4295	8	9387	9	15749	10	23211	11	32729	12	45038	13	62756	14	82735	15	101301	16	112910	17	114750	18	106681	19	89865	20	69940	21	49358	22	33391	23	20420	24	11776	25	6115	26	3131	27	1519	28	705	29	304	30	131	31	61	32	27	33	9	34	1
100	1	50282	5	15	6	260	7	1337	8	4047	9	9017	10	14967	11	22160	12	30700	13	43309	14	59918	15	77903	16	96076	17	107254	18	108845	19	100897	20	85733	21	66392	22	47297	23	31293	24	19268	25	11261	26	6138	27	3009	28	1423	29	716	30	275	31	129	32	51	33	17	34	7	35	2	36	1	37	1
