1	1	1000000
2	1	1000000
3	1	1000000
4	1	1000000
5	1	1000000
6	1	1000000
7	1	1000000
8	1	1000000
9	1	1000000
10	1	1000000
11	1	1000000
12	1	1000000
13	1	1000000
14	1	999413	2	587
15	1	1000000
16	1	998624	2	1376
17	1	1000000
18	1	997633	2	2367
19	1	1000000
20	1	996933	2	3067
21	1	999967	3	33
22	1	996054	2	3946
23	1	999989	2	11
24	1	995354	2	4577	3	69
25	1	1000000
26	1	994768	2	5232
27	1	999865	2	42	3	93
28	1	993872	2	6125	4	3
29	1	999833	2	167
30	1	992126	2	7716	3	158
31	1	998659	2	1341
32	1	990793	2	9193	3	9	4	5
33	1	992299	2	7425	3	276
34	1	992002	2	7998
35	1	996605	2	3392	3	3
36	1	983073	2	16547	3	359	4	21
37	1	995521	2	4471	3	8
38	1	985648	2	14264	3	88
39	1	992512	2	7059	3	428	4	1
40	1	973129	2	26784	3	64	4	20	5	3
41	1	988291	2	11657	3	52
42	1	971919	2	27457	3	599	4	25
43	1	983264	2	16650	3	86
44	1	958261	2	41065	3	625	4	49
45	1	953611	2	45026	3	1349	4	9	5	5
46	1	927968	2	70101	3	1890	4	41
47	1	933496	2	64536	3	1928	4	39	5	1
48	1	913370	2	83590	3	2858	4	180	5	1	6	1
49	1	889766	2	105935	3	4083	4	205	5	11
50	1	922998	2	74160	3	2781	4	56	5	5
51	1	948977	2	49109	3	1865	4	49
52	1	897925	2	96872	3	5014	4	176	5	13
53	1	870367	2	124541	3	4948	4	137	5	7
54	1	875746	2	117198	3	6695	4	340	5	19	6	2
55	1	844640	2	144912	3	10071	4	326	5	45	6	6
56	1	796129	2	186550	3	16045	4	1184	5	85	6	7
57	1	796465	2	181262	3	20441	4	1628	5	191	6	9	7	4
58	1	787819	2	192121	3	18631	4	1348	5	78	6	3
59	1	729742	2	236725	3	30469	4	2814	5	227	6	23
60	1	700806	2	254961	3	40138	4	3675	5	363	6	51	7	6
61	1	716886	2	239840	3	38860	4	4058	5	319	6	34	7	3
62	1	618109	2	304179	3	67432	4	9232	5	928	6	107	7	9	8	4
63	1	659224	2	274590	3	57642	4	7635	5	817	6	83	7	8	8	1
64	1	572431	2	325520	3	85229	4	14570	5	1962	6	243	7	35	8	9	9	1
65	1	486128	2	365017	3	120311	4	24090	5	3846	6	513	7	80	8	13	10	2
66	1	443740	2	374481	3	139316	4	34337	5	6742	6	1136	7	192	8	49	9	4	10	2	12	1
67	1	557888	2	329505	3	93344	4	16789	5	2128	6	301	7	34	8	7	9	4
68	1	437100	2	368043	3	148549	4	38251	5	6852	6	1029	7	149	8	24	9	3
69	1	411681	2	373903	3	158405	4	45064	5	9154	6	1530	7	228	8	25	9	8	10	2
70	1	354573	2	370164	3	192695	4	63928	5	15425	6	2699	7	425	8	79	9	10	11	2
71	1	296923	2	370247	3	218696	4	83751	5	23624	6	5453	7	1053	8	207	9	40	10	6
72	1	267224	2	362671	3	231559	4	97866	5	30875	6	7674	7	1733	8	311	9	69	10	13	11	4	12	1
73	1	236103	2	354740	3	248050	4	110886	5	37207	6	10159	7	2296	8	453	9	78	10	21	11	5	12	2
74	1	181867	2	330181	3	272023	4	140688	5	53384	6	16592	7	4070	8	943	9	195	10	47	11	7	12	1	13	2
75	1	166267	2	308571	3	278369	4	155147	5	63805	6	20627	7	5592	8	1299	9	270	10	42	11	6	12	5
76	1	143331	2	282470	3	280284	4	173192	5	78991	6	29100	7	9230	8	2530	9	651	10	177	11	29	12	12	13	3
77	1	130114	2	268572	3	279451	4	183584	5	88374	6	34099	7	11252	8	3368	9	903	10	213	11	54	12	13	13	3
78	1	98321	2	239400	3	272435	4	201788	5	111051	6	49491	7	18842	8	6244	9	1796	10	453	11	143	12	29	13	4	14	3
79	1	72505	2	206569	3	268393	4	221245	5	132031	6	62500	7	24687	8	8318	9	2718	10	757	11	199	12	62	13	14	14	2
80	1	32450	2	131450	3	234118	4	246969	5	181632	6	101064	7	45679	8	17743	9	6247	10	1892	11	547	12	156	13	44	14	8	15	1
81	1	43543	2	149146	3	231280	4	226781	5	167620	6	99321	7	49263	8	21099	9	7964	10	2703	11	909	12	271	13	79	14	17	15	4
82	1	25421	2	108087	3	202349	4	232494	5	192652	6	123598	7	65858	8	30183	9	12341	10	4616	11	1646	12	548	13	143	14	36	15	19	16	7	17	2
83	1	16374	2	80447	3	172045	4	223033	5	204300	6	145172	7	85571	8	42537	9	18850	10	7444	11	2786	12	976	13	329	14	93	15	31	16	8	17	4
84	1	11767	2	59033	3	145104	4	209796	5	211513	6	162984	7	102540	8	54344	9	25476	10	10989	11	4178	12	1508	13	507	14	188	15	57	16	12	17	3	18	1
85	1	7912	2	42620	3	110602	4	177203	5	202203	6	178380	7	128512	8	78705	9	41303	10	19435	11	8367	12	3125	13	1103	14	330	15	142	16	39	17	11	18	4	19	4
86	1	4592	2	29889	3	88181	4	156173	5	194564	6	186728	7	145078	8	94487	9	52995	10	26932	11	12186	12	5109	13	1983	14	734	15	253	16	82	17	20	18	11	19	1	20	2
87	1	3811	2	24815	3	73849	4	135398	5	176983	6	180704	7	152935	8	109491	9	69245	10	38611	11	19343	12	8848	13	3827	14	1363	15	517	16	182	17	53	18	18	19	6	21	1
88	1	892	2	8231	3	35569	4	88526	5	150824	6	186110	7	180423	8	142801	9	95602	10	56228	11	29579	12	14367	13	6476	14	2708	15	1037	16	409	17	145	18	46	19	19	20	6	21	2
89	1	1253	2	10132	3	38217	4	86874	5	138400	6	170119	7	170463	8	143276	9	102606	10	65921	11	37351	12	19487	13	9218	14	4034	15	1642	16	667	17	214	18	91	19	25	20	9	21	1
90	1	189	2	2497	3	12958	4	39848	5	84164	6	133866	7	165408	8	166860	9	142955	10	105981	11	68126	12	39776	13	20401	14	9765	15	4362	16	1771	17	676	18	262	19	100	20	26	21	5	22	4
91	1	247	2	2884	3	14468	4	40814	5	79686	6	120443	7	149256	8	157316	9	141740	10	111450	11	78000	12	49044	13	27626	14	14681	15	6979	16	3174	17	1361	18	520	19	200	20	77	21	21	22	10	23	2	25	1
92	1	61	2	741	3	4874	4	18330	5	47118	6	88358	7	129734	8	155903	9	157603	10	136250	11	102576	12	70273	13	42335	14	23838	15	12008	16	5698	17	2566	18	1081	19	405	20	146	21	72	22	15	23	10	24	4	25	1
93	1	73	2	945	3	5767	4	19435	5	43911	6	74823	7	108633	8	135551	9	145955	10	138081	11	115289	12	84499	13	56283	14	34175	15	18932	16	9670	17	4569	18	2046	19	841	20	329	21	122	22	49	23	7	24	9	25	5	26	1
94	1	3	2	87	3	824	4	4188	5	14517	6	35867	7	68761	8	107107	9	138846	10	152828	11	143522	12	118964	13	87473	14	57175	15	34201	16	18566	17	9428	18	4371	19	1943	20	836	21	323	22	118	23	36	24	7	25	6	26	2	28	1
95	1	5	2	132	3	1311	4	6189	5	17680	6	35488	7	57751	8	83410	9	108110	10	128231	11	134634	12	126521	13	105163	14	78008	15	52086	16	31576	17	17356	18	9097	19	4154	20	1848	21	779	22	309	23	108	24	37	25	11	26	5	27	1
96	2	5	3	164	4	1077	5	4490	6	13762	7	30891	8	56979	9	88268	10	116990	11	135538	12	138691	13	126359	14	101662	15	74604	16	49223	17	29713	18	16295	19	8389	20	3971	21	1799	22	700	23	277	24	103	25	34	26	8	27	5	28	2	30	1
97	2	14	3	303	4	1975	5	7008	6	15753	7	28387	8	42963	9	62603	10	86402	11	111040	12	126966	13	129750	14	117998	15	95572	16	69869	17	46070	18	27741	19	15333	20	7871	21	3628	22	1652	23	669	24	266	25	113	26	39	27	12	28	3
98	2	3	3	34	4	322	5	1633	6	5211	7	13297	8	26738	9	46148	10	69847	11	95110	12	116690	13	128159	14	127310	15	114015	16	91212	17	66328	18	43932	19	26121	20	14436	21	7384	22	3520	23	1565	24	635	25	224	26	86	27	26	28	5	29	5	30	2	31	1	32	1
99	2	1	3	70	4	609	5	2835	6	7774	7	15899	8	25685	9	36940	10	51612	11	69608	12	91239	13	110597	14	120788	15	119901	16	106818	17	85570	18	62411	19	40679	20	24687	21	13571	22	6986	23	3354	24	1419	25	572	26	249	27	83	28	29	29	9	30	5
100	1	60359	3	1	4	52	5	578	6	2639	7	7578	8	14853	9	24093	10	34931	11	48450	12	65956	13	85498	14	102641	15	113386	16	112424	17	100652	18	80896	19	58401	20	38482	21	23343	22	12892	23	6498	24	3097	25	1368	26	579	27	221	28	80	29	35	30	12	31	3	32	1	33	1
