1	1	1000000
2	1	1000000
3	1	1000000
4	1	1000000
5	1	1000000
6	1	900494	2	99506
7	1	1000000
8	1	857012	2	142988
9	1	964211	3	35789
10	1	832898	2	167102
11	1	1000000
12	1	763226	2	163767	3	54730	4	18277
13	1	1000000
14	1	794943	2	205057
15	1	911862	2	11013	3	65921	5	11204
16	1	780206	2	190882	4	28912
17	1	966618	2	33382
18	1	676222	2	242586	3	73718	6	7474
19	1	895117	2	91765	3	13118
20	1	689852	2	256781	4	35441	5	17926
21	1	768203	2	126302	3	95045	4	5240	7	5210
22	1	604201	2	343467	3	52332
23	1	796539	2	177508	3	21597	4	4356
24	1	553493	2	284559	3	107077	4	39150	6	11669	8	4052
25	1	749790	2	203361	3	25137	5	21712
26	1	462649	2	460506	3	59904	4	13497	5	3444
27	1	640002	2	230593	3	98777	4	24532	5	2993	9	3103
28	1	512851	2	322254	3	102524	4	45428	5	5622	6	2883	7	8438
29	1	574349	2	365085	3	34112	4	23819	5	2635
30	1	302814	2	396529	3	202125	4	46805	5	34385	6	14868	10	2474
31	1	453344	2	390399	3	110358	4	29733	5	11533	6	4633
32	1	280093	2	387095	3	225375	4	60297	5	32229	6	6360	7	2153	8	6398
33	1	278406	2	352760	3	251697	4	74483	5	26432	6	8176	7	4076	8	1930	11	2040
34	1	329710	2	414948	3	189062	4	37892	5	17059	6	11329
35	1	308135	2	397285	3	205214	4	30505	5	28615	6	12417	7	16072	8	1757
36	1	198315	2	323064	3	282977	4	126673	5	26850	6	26932	7	6834	8	1650	9	5005	12	1700
37	1	221413	2	390594	3	220195	4	137615	5	7857	6	8090	7	11110	8	3126
38	1	137994	2	311814	3	324812	4	165539	5	31332	6	10518	7	10444	8	6105	9	1442
39	1	175143	2	287629	3	312708	4	169023	5	22507	6	14255	7	9951	8	5884	9	1446	13	1454
40	1	63369	2	259278	3	287257	4	215957	5	98227	6	40718	7	12109	8	16293	9	1362	10	5430
41	1	109905	2	298903	3	285297	4	196091	5	79081	6	5090	7	8957	8	9108	9	7568
42	1	77915	2	171845	3	289321	4	217789	5	150675	6	43822	7	26834	8	4900	9	12131	10	2402	11	1189	14	1177
43	1	81299	2	209050	3	316937	4	211820	5	136812	6	13941	7	8082	8	6945	9	8154	10	6960
44	1	36279	2	147220	3	258728	4	255733	5	166023	6	98785	7	7628	8	9841	9	7592	10	6611	11	5560
45	1	36426	2	105725	3	230870	4	290730	5	186489	6	102287	7	13624	8	8574	9	6383	10	12585	11	2121	12	3118	15	1068
46	1	10004	2	99163	3	205005	4	270757	5	218844	6	115416	7	56855	8	4920	9	3012	10	5045	11	8969	12	987	13	1023
47	1	14416	2	99499	3	219771	4	250550	5	191136	6	135805	7	51320	8	18270	9	946	10	3851	11	8692	12	3782	13	988	14	974
48	1	6392	2	68384	3	137271	4	253241	5	219690	6	173543	7	72064	8	39596	9	8418	10	2886	11	7458	12	8259	13	899	15	983	16	916
49	1	3640	2	61411	3	164246	4	247618	5	228970	6	136528	7	92022	8	28467	9	16710	10	3527	11	1707	12	11573	13	937	14	1738	16	906
50	1	72837	2	24742	3	84588	4	158617	5	224439	6	191671	7	147901	8	58579	9	27948	10	5215	12	3463
51	1	106947	2	48195	3	126671	4	173923	5	215183	6	165241	7	89320	8	37594	9	12281	10	8242	11	4890	12	848	13	9841	17	824
52	1	33765	2	50937	3	87322	4	136311	5	219571	6	192108	7	163696	8	70190	9	16393	10	8591	11	4635	12	3128	13	7896	14	4659	15	798
53	1	28554	2	73916	3	100680	4	170016	5	190832	6	176883	7	132062	8	65844	9	26352	10	14517	11	3719	12	3690	13	6127	14	4525	15	1496	18	787
54	1	10287	2	39986	3	70750	4	131325	5	194442	6	209046	7	147390	8	101230	9	44396	10	21275	11	10218	12	2168	13	5076	14	8026	15	2174	16	1475	19	736
55	1	18227	2	27348	3	73405	4	100583	5	186319	6	197664	7	160044	8	112493	9	60807	10	22498	11	14680	12	7796	13	2807	14	7596	15	7040	16	693
56	1	10118	2	10290	3	35792	4	90822	5	132575	6	214842	7	189544	8	155722	9	84272	10	26283	11	17565	12	11449	13	4652	14	2713	15	6692	16	4716	17	1272	20	681
57	1	12267	2	25200	3	30848	4	94867	5	126979	6	162637	7	202396	8	148704	9	95652	10	49732	11	16356	12	11779	13	5173	14	4528	15	4534	16	5050	17	1976	18	655	21	667
58	1	13143	2	4303	3	14439	4	58188	5	127372	6	170341	7	185811	8	203630	9	109879	10	63138	11	16767	12	6950	13	8045	14	2432	15	4899	16	6315	17	3105	18	1243
59	1	9006	2	12772	3	25389	4	40709	5	118314	6	136005	7	184676	8	174360	9	148622	10	73077	11	30658	12	15655	13	6590	14	7765	15	3050	16	3641	17	6605	18	1237	19	1235	22	634
60	1	7007	2	6948	3	13008	4	13970	5	42457	6	133561	7	155860	8	173194	9	186093	10	123333	11	76670	12	26210	13	15317	14	3482	15	6516	16	4101	17	4753	18	5795	19	550	20	607	23	568
61	1	8490	2	15412	3	15478	4	32541	5	57415	6	124052	7	166038	8	163215	9	148458	10	118338	11	70123	12	35592	13	17083	14	6794	15	2829	16	5699	17	2865	18	4463	19	3960	20	1155
62	1	3265	2	8711	3	7549	4	11857	5	32938	6	96502	7	152808	8	175985	9	153914	10	145821	11	85352	12	58152	13	23885	14	14102	15	6720	16	4336	17	6497	18	4454	19	3332	20	2174	21	1094	24	552
63	1	7372	2	10702	3	11664	4	26280	5	28012	6	63220	7	122502	8	173432	9	188210	10	147807	11	88398	12	51089	13	30749	14	21859	15	7313	16	2185	17	4889	18	4187	19	5334	20	2118	21	1604	22	531	25	543
64	1	2123	2	9631	3	6735	4	4598	5	19286	6	39974	7	103167	8	157698	9	157410	10	162265	11	138747	12	86814	13	42189	14	23811	15	17507	16	8626	17	1585	18	6076	19	3458	20	5144	21	1078	22	1532	23	546
65	1	471	2	6409	3	9947	4	9783	5	26705	6	32020	7	61630	8	110532	9	166742	10	163489	11	156650	12	99161	13	68283	14	27281	15	23943	16	10472	17	5054	18	2990	19	7978	20	4003	21	4492	22	493	23	1009	26	463
66	2	3812	3	9760	4	9103	5	10105	6	22805	7	54645	8	101002	9	138088	10	157196	11	140480	12	126449	13	90755	14	61498	15	20000	16	21026	17	10016	18	3895	19	2928	20	5810	21	4802	22	2905	23	1025	24	1432	27	463
67	1	3245	2	4750	3	12109	4	11192	5	10694	6	36432	7	51944	8	92572	9	154762	10	180872	11	161738	12	116400	13	66189	14	36622	15	18124	16	11099	17	9792	18	4260	19	2866	20	4569	21	3292	22	4664	23	1331	25	482
68	1	1342	2	3130	3	6903	4	10898	5	3630	6	9504	7	26508	8	66048	9	113872	10	156912	11	186286	12	151433	13	106121	14	61310	15	37210	16	16570	17	12438	18	8141	19	2268	20	4441	21	6492	22	2645	23	3605	24	875	25	454	26	477	28	487
69	2	2143	3	6061	4	13380	5	14843	6	16242	7	35823	8	50723	9	79217	10	129323	11	147907	12	164841	13	135101	14	88910	15	48620	16	19485	17	13237	18	10615	19	5780	20	1377	21	4827	22	3338	23	3859	24	3025	25	478	26	445	29	400
70	2	1233	3	822	4	10836	5	8416	6	9897	7	14804	8	30574	9	53689	10	97196	11	152235	12	165378	13	154141	14	110709	15	73063	16	44473	17	20650	18	16429	19	11622	20	4718	21	1699	22	6671	23	3547	24	4720	25	1247	26	420	27	811
71	3	3609	4	2063	5	16245	6	11894	7	20206	8	39443	9	60988	10	73438	11	119515	12	141732	13	154391	14	130771	15	83312	16	55880	17	27128	18	15380	19	13982	20	7095	21	4625	22	3710	23	4994	24	2910	25	4540	26	846	27	453	28	405	30	445
72	3	2462	4	5322	5	6814	6	10880	7	8763	8	13221	9	43550	10	70546	11	89172	12	131571	13	152955	14	158846	15	115090	16	73665	17	43642	18	20536	19	13287	20	12552	21	5212	22	3638	23	4483	24	4803	25	4059	26	3271	27	419	28	398	29	404	31	439
73	3	1184	4	2756	5	11124	6	13848	7	14859	8	20767	9	31284	10	60921	11	81888	12	108282	13	133087	14	155059	15	139794	16	94241	17	53685	18	25444	19	8693	20	13197	21	7729	22	3479	23	4348	24	3108	25	3890	26	4686	27	1880	28	376	29	391
74	4	2711	5	2646	6	14191	7	6805	8	12077	9	18233	10	42214	11	73138	12	95357	13	125265	14	139058	15	149832	16	124150	17	78802	18	43945	19	23170	20	6997	21	13619	22	6829	23	1507	24	5781	25	3032	26	3809	27	4945	28	735	30	769	32	383
75	1	772	2	353	4	355	5	2607	6	6970	7	17831	8	13560	9	23385	10	25765	11	47070	12	77234	13	89232	14	121791	15	142263	16	139930	17	103558	18	78274	19	44065	20	22307	21	6982	22	10215	23	8551	24	1099	25	5153	26	2540	27	4115	28	2945	29	346	31	350	33	382
76	1	737	2	363	3	366	5	3905	6	1512	7	9310	8	10133	9	6736	10	20169	11	45739	12	73633	13	92544	14	113996	15	127781	16	134945	17	135746	18	84223	19	53164	20	28945	21	16188	22	8237	23	6321	24	6926	25	2917	26	4240	27	2148	28	5375	29	2596	30	371	31	364	32	370
77	1	311	2	1107	3	333	4	764	5	691	6	2730	7	8952	8	13367	9	20462	10	17890	11	32526	12	56561	13	97367	14	98949	15	127116	16	121063	17	117260	18	101658	19	64790	20	41676	21	21074	22	15154	23	9393	24	5211	25	5653	26	3548	27	4327	28	2117	29	5502	30	1068	31	373	32	315	33	384	34	308
78	3	724	4	352	5	1710	6	2719	7	3368	8	11038	9	8617	10	16793	11	18044	12	49398	13	58262	14	101992	15	104957	16	121727	17	132495	18	123829	19	92149	20	54077	21	34858	22	16471	23	11153	24	8956	25	4658	26	4119	27	3866	28	5083	29	2115	30	4870	31	311	32	342	33	318	34	321	35	308
79	2	356	3	313	4	673	5	336	6	2005	7	2404	8	10854	9	15407	10	16615	11	21456	12	21584	13	60965	14	69226	15	105273	16	120602	17	115496	18	128058	19	107782	20	78437	21	42622	22	28202	23	11560	24	8680	25	7308	26	4987	27	3060	28	2948	29	4797	30	3731	31	3616	34	306	35	341
80	5	650	6	308	7	1331	8	1969	9	8943	10	9727	11	8462	12	9455	13	22992	14	36935	15	56816	16	98233	17	125002	18	125970	19	140547	20	123636	21	89347	22	48045	23	32830	24	15911	25	9089	26	8682	27	5878	28	3674	29	2250	30	3582	31	4946	32	3541	33	310	35	311	36	628
81	3	310	4	301	6	953	7	3142	8	2855	9	10659	10	13774	11	18936	12	21537	13	22671	14	57489	15	71131	16	84410	17	107465	18	113058	19	110628	20	105282	21	84765	22	60639	23	36377	24	23779	25	13200	26	7283	27	6893	28	4430	29	4465	30	2813	31	3228	32	3679	33	2882	36	300	37	666
82	7	1842	8	3809	9	1891	10	10181	11	10168	12	13352	13	19798	14	29073	15	60982	16	82701	17	97610	18	108213	19	114520	20	108290	21	107292	22	78741	23	54513	24	32021	25	18110	26	11096	27	8256	28	7050	29	3958	30	3922	31	2417	32	3587	33	4055	34	1895	37	323	38	334
83	4	304	5	331	8	2503	9	3258	10	7373	11	15840	12	16143	13	16566	14	25259	15	37103	16	61051	17	81115	18	103165	19	112878	20	111944	21	99188	22	99873	23	66660	24	49521	25	29487	26	16490	27	10096	28	7914	29	6161	30	3851	31	3614	32	2374	33	3358	34	4205	35	1417	38	636	39	322
84	9	4129	10	2309	11	6177	12	10159	13	10519	14	11390	15	24118	16	44141	17	66791	18	92082	19	115705	20	119419	21	111789	22	103930	23	91779	24	59993	25	43050	26	26646	27	14568	28	9168	29	7332	30	4629	31	4085	32	3885	33	2926	34	3599	35	4188	36	589	39	589	40	316
85	5	293	6	303	8	293	10	3786	11	5963	12	14954	13	17575	14	16724	15	15437	16	21827	17	43189	18	57105	19	89033	20	114996	21	123280	22	107443	23	106902	24	84972	25	55562	26	40003	27	23633	28	14341	29	9549	30	8592	31	4841	32	3934	33	3407	34	3353	35	3840	36	4031	37	271	40	286	41	282
86	9	557	10	2271	11	2898	12	5425	13	9865	14	9941	15	19810	16	25924	17	38285	18	62986	19	67040	20	99397	21	114955	22	112276	23	97508	24	102620	25	74232	26	48215	27	34798	28	19616	29	12772	30	8661	31	7494	32	4807	33	3115	34	3124	35	3043	36	4212	37	3331	40	249	41	299	42	274
87	6	257	7	293	10	857	11	4789	12	6023	13	14656	14	17623	15	12206	16	18857	17	29346	18	42533	19	66719	20	70475	21	100710	22	114455	23	107778	24	91692	25	94031	26	65229	27	42111	28	31495	29	18907	30	12922	31	8313	32	6755	33	4363	34	2987	35	2425	36	3280	37	4114	38	3019	41	248	42	244	43	288
88	11	1079	12	797	13	4318	14	5656	15	13312	16	10053	17	17367	18	29457	19	44322	20	64301	21	80529	22	108618	23	115886	24	106428	25	103892	26	92796	27	65085	28	40848	29	29352	30	17202	31	12277	32	8119	33	7822	34	3735	35	3249	36	2393	37	3824	38	4308	39	2477	43	242	44	256
89	7	275	8	277	10	260	11	248	12	5495	13	3726	14	15146	15	10397	16	16619	17	12700	18	25474	19	37053	20	57039	21	61102	22	82489	23	105999	24	117373	25	93343	26	99143	27	80201	28	56006	29	35691	30	25484	31	13472	32	11464	33	7152	34	7873	35	2860	36	3063	37	2095	38	3734	39	3956	40	2040	42	243	44	254	45	254
90	11	242	12	263	13	534	14	522	15	6387	16	8522	17	12390	18	9358	19	21246	20	32419	21	47153	22	50853	23	79067	24	106546	25	125368	26	103982	27	110896	28	91880	29	62895	30	39303	31	28954	32	14072	33	11571	34	7507	35	8979	36	2798	37	2569	38	2328	39	4397	40	4161	41	2041	43	266	45	272	46	259
91	8	240	9	253	12	270	13	5496	14	3848	15	10368	16	9547	17	14772	18	15401	19	13237	20	30039	21	52042	22	67545	23	64652	24	78263	25	90434	26	108669	27	92248	28	93485	29	79285	30	53416	31	35036	32	25720	33	12807	34	10299	35	6943	36	8127	37	2959	38	2507	39	1970	40	4150	41	3729	42	1740	46	261	47	242
92	14	2252	15	970	16	1503	17	5761	18	11636	19	14380	20	12036	21	32348	22	47302	23	69273	24	72175	25	92383	26	95680	27	109454	28	92608	29	96140	30	77627	31	52051	32	33938	33	26064	34	13249	35	10167	36	6084	37	7579	38	2428	39	2748	40	1953	41	4383	42	3661	43	1428	44	240	47	247	48	252
93	9	274	10	237	13	255	14	3558	15	5789	16	9986	17	5301	18	10061	19	13364	20	17631	21	17480	22	40851	23	51459	24	66898	25	66806	26	93966	27	88285	28	106747	29	84174	30	90590	31	71951	32	47702	33	30556	34	23913	35	11697	36	10153	37	6291	38	7899	39	1862	40	2671	41	1972	42	4305	43	3425	44	1125	45	276	48	232	49	258
94	14	230	15	214	16	2098	17	1404	18	3061	19	10694	20	13870	21	15434	22	15765	23	40826	24	53006	25	72228	26	63691	27	102128	28	89529	29	111380	30	85777	31	92617	32	71691	33	47988	34	30250	35	23584	36	12169	37	10945	38	5771	39	7990	40	1622	41	2550	42	1882	43	4425	44	3536	45	1208	49	233	50	204
95	10	221	11	209	15	3020	16	4402	17	8914	18	4463	19	5040	20	9844	21	13292	22	15646	23	14147	24	33517	25	43462	26	63470	27	62013	28	104154	29	89806	30	114743	31	89534	32	95117	33	70632	34	48900	35	30279	36	23461	37	11028	38	10796	39	5916	40	8014	41	1526	42	2765	43	1880	44	4588	45	3415	46	1341	50	218	51	227
96	17	1989	18	201	19	1315	20	2712	21	11481	22	12866	23	18619	24	19853	25	43637	26	52039	27	67579	28	64121	29	103024	30	86145	31	112058	32	87401	33	93497	34	69537	35	47557	36	29856	37	24135	38	10665	39	10488	40	5795	41	7779	42	1578	43	2730	44	1727	45	4440	46	3376	47	1337	51	243	52	220
97	11	230	12	217	15	843	16	2820	17	3482	18	10204	19	3156	20	4212	21	4135	22	14082	23	13196	24	21514	25	22729	26	48595	27	47164	28	61663	29	59807	30	100262	31	83307	32	108168	33	84011	34	91341	35	67668	36	46407	37	28654	38	23731	39	10473	40	9978	41	5388	42	7561	43	1487	44	2653	45	1756	46	4390	47	3271	48	1010	52	220	53	215
98	17	212	18	449	19	2367	20	859	21	1931	22	5433	23	15303	24	15873	25	22492	26	24963	27	53713	28	52449	29	66892	30	61351	31	101188	32	83495	33	106825	34	82955	35	89721	36	65965	37	45905	38	28151	39	22842	40	10584	41	10052	42	5368	43	7578	44	1506	45	2646	46	1683	47	4253	48	3474	49	1087	53	199	54	236
99	12	236	13	243	16	839	17	2945	18	3404	19	8180	20	4862	21	2956	22	1934	23	5366	24	15322	25	16141	26	22210	27	24299	28	53370	29	51665	30	64492	31	60362	32	98469	33	81464	34	105151	35	81230	36	87257	37	65286	38	44989	39	27479	40	22552	41	10265	42	9896	43	5129	44	7279	45	1507	46	2498	47	1630	48	4218	49	3423	50	1028	54	222	55	202
100	1	20026	13	205	14	205	17	847	18	2785	19	3212	20	8019	21	4733	22	2913	23	1815	24	5118	25	14828	26	15510	27	21919	28	23761	29	51911	30	51533	31	63806	32	58908	33	96145	34	79671	35	102634	36	80073	37	86467	38	63460	39	43943	40	26940	41	22049	42	10043	43	9686	44	5228	45	7210	46	1428	47	2507	48	1596	49	4160	50	3304	51	997	55	205	56	200
