v1	v2	v3	v4	v5	v6	v7	v8	v9	v10	over10
1000000	0	0	0	0	0	0	0	0	0	0
1000000	0	0	0	0	0	0	0	0	0	0
1000000	0	0	0	0	0	0	0	0	0	0
1000000	0	0	0	0	0	0	0	0	0	0
1000000	0	0	0	0	0	0	0	0	0	0
1000000	0	0	0	0	0	0	0	0	0	0
1000000	0	0	0	0	0	0	0	0	0	0
1000000	0	0	0	0	0	0	0	0	0	0
1000000	0	0	0	0	0	0	0	0	0	0
1000000	0	0	0	0	0	0	0	0	0	0
1000000	0	0	0	0	0	0	0	0	0	0
1000000	0	0	0	0	0	0	0	0	0	0
1000000	0	0	0	0	0	0	0	0	0	0
1000000	0	0	0	0	0	0	0	0	0	0
1000000	0	0	0	0	0	0	0	0	0	0
1000000	0	0	0	0	0	0	0	0	0	0
1000000	0	0	0	0	0	0	0	0	0	0
999961	39	0	0	0	0	0	0	0	0	0
1000000	0	0	0	0	0	0	0	0	0	0
999879	121	0	0	0	0	0	0	0	0	0
1000000	0	0	0	0	0	0	0	0	0	0
999786	214	0	0	0	0	0	0	0	0	0
1000000	0	0	0	0	0	0	0	0	0	0
999696	304	0	0	0	0	0	0	0	0	0
1000000	0	0	0	0	0	0	0	0	0	0
999578	422	0	0	0	0	0	0	0	0	0
1000000	0	0	0	0	0	0	0	0	0	0
999411	589	0	0	0	0	0	0	0	0	0
999999	1	0	0	0	0	0	0	0	0	0
999231	768	1	0	0	0	0	0	0	0	0
999973	27	0	0	0	0	0	0	0	0	0
999059	941	0	0	0	0	0	0	0	0	0
999308	691	1	0	0	0	0	0	0	0	0
999082	918	0	0	0	0	0	0	0	0	0
999837	163	0	0	0	0	0	0	0	0	0
997860	2134	6	0	0	0	0	0	0	0	0
999825	175	0	0	0	0	0	0	0	0	0
998674	1323	3	0	0	0	0	0	0	0	0
999515	474	11	0	0	0	0	0	0	0	0
996790	3208	0	2	0	0	0	0	0	0	0
999219	781	0	0	0	0	0	0	0	0	0
997003	2988	9	0	0	0	0	0	0	0	0
998766	1233	1	0	0	0	0	0	0	0	0
994839	5152	9	0	0	0	0	0	0	0	0
993100	6867	33	0	0	0	0	0	0	0	0
988242	11725	32	1	0	0	0	0	0	0	0
988825	11128	46	1	0	0	0	0	0	0	0
984781	15130	85	4	0	0	0	0	0	0	0
974159	25684	152	5	0	0	0	0	0	0	0
989059	10886	55	0	0	0	0	0	0	0	0
993414	6545	41	0	0	0	0	0	0	0	0
983252	16614	132	1	1	0	0	0	0	0	0
966183	33643	174	0	0	0	0	0	0	0	0
977472	22312	212	4	0	0	0	0	0	0	0
966314	33234	451	1	0	0	0	0	0	0	0
950098	49136	746	20	0	0	0	0	0	0	0
950284	48440	1249	25	2	0	0	0	0	0	0
953982	45217	783	18	0	0	0	0	0	0	0
923630	74119	2190	61	0	0	0	0	0	0	0
918937	78449	2555	58	1	0	0	0	0	0	0
925795	71577	2557	71	0	0	0	0	0	0	0
875230	117843	6675	244	7	1	0	0	0	0	0
901289	93475	5063	165	7	1	0	0	0	0	0
857660	132546	9337	439	18	0	0	0	0	0	0
796502	184843	17574	1027	51	3	0	0	0	0	0
765271	208222	24261	2098	134	14	0	0	0	0	0
856149	133769	9585	475	22	0	0	0	0	0	0
762593	209063	26250	1981	102	11	0	0	0	0	0
748521	218579	29998	2731	158	12	1	0	0	0	0
706844	245376	42698	4713	345	24	0	0	0	0	0
644768	286552	59585	8124	881	79	11	0	0	0	0
618796	299775	69135	10921	1252	117	3	1	0	0	0
576865	324520	82830	13769	1810	194	9	3	0	0	0
508808	355442	110330	21621	3339	414	43	3	0	0	0
488235	359182	121668	26287	4078	500	46	3	1	0	0
448913	364346	143223	35619	6701	1048	135	15	0	0	0
427009	367753	153134	41857	8508	1486	207	38	7	1	0
366719	374730	180778	59255	14813	3052	559	81	12	1	0
307924	379307	210980	76063	20375	4364	828	130	26	2	1
203354	355432	268506	121145	39187	9747	2138	409	66	15	1
225159	346313	249554	118795	43468	12739	3178	642	131	14	7
169150	320028	275215	149638	59641	19455	5230	1280	287	66	10
128612	285682	285169	178162	80982	29309	8998	2322	595	138	31
106150	259110	287688	196730	96458	37233	12069	3404	871	222	65
78482	210696	269813	218299	129669	59942	22993	7284	2117	560	145
55502	178371	257037	232708	150801	77134	32104	11492	3530	982	339
47337	152086	231495	228437	165867	97613	47025	19585	7279	2381	895
19662	91626	189582	237276	207455	135088	70683	31104	11755	4040	1729
22303	93157	179964	223658	199177	138750	78980	38786	16299	6030	2896
7318	41591	109642	179965	208916	184164	129868	75968	37353	16137	9078
6801	40103	102904	164547	193046	179871	137336	88138	48510	23144	15600
2661	18802	61151	122482	175865	191579	167531	119450	73121	38180	29178
2562	18304	55082	106038	152260	174321	166754	132768	90494	53403	48014
392	4097	18784	51170	101080	149125	177164	169928	135122	91993	101145
527	5363	21974	51893	86585	120407	145112	153622	140583	110923	163011
68	1150	6413	21204	48522	87345	125614	152801	158065	140020	258798
57	1201	7026	20883	41148	65564	92854	120813	140667	144062	365725
28	396	2102	8067	20886	42461	70573	101281	127864	143435	482907
6	285	2553	9607	22277	38847	56544	76278	99048	119708	574847
80750	8	271	2271	8916	20580	35648	51958	70368	91080	638150
