1	1	1000000
2	1	1000000
3	1	1000000
4	1	1000000
5	1	1000000
6	1	1000000
7	1	1000000
8	1	1000000
9	1	1000000
10	1	1000000
11	1	1000000
12	1	1000000
13	1	1000000
14	1	1000000
15	1	1000000
16	1	1000000
17	1	1000000
18	1	1000000
19	1	1000000
20	1	1000000
21	1	1000000
22	1	1000000
23	1	1000000
24	1	1000000
25	1	1000000
26	1	1000000
27	1	1000000
28	1	1000000
29	1	1000000
30	1	1000000
31	1	1000000
32	1	1000000
33	1	1000000
34	1	1000000
35	1	1000000
36	1	1000000
37	1	1000000
38	1	1000000
39	1	1000000
40	1	1000000
41	1	1000000
42	1	1000000
43	1	1000000
44	1	1000000
45	1	1000000
46	1	1000000
47	1	999999	2	1
48	1	1000000
49	1	999986	2	14
50	1	1000000
51	1	1000000
52	1	1000000
53	1	999941	2	59
54	1	1000000
55	1	999987	2	13
56	1	999965	2	35
57	1	999985	2	15
58	1	999999	2	1
59	1	999931	2	69
60	1	999977	2	23
61	1	999969	2	31
62	1	999788	2	212
63	1	999940	2	60
64	1	999830	2	170
65	1	999225	2	774	3	1
66	1	998587	2	1413
67	1	999853	2	147
68	1	997706	2	2292	3	2
69	1	998801	2	1197	3	2
70	1	998282	2	1716	3	2
71	1	997318	2	2676	3	6
72	1	996916	2	3081	3	3
73	1	995109	2	4887	3	4
74	1	991442	2	8533	3	25
75	1	991975	2	7997	3	28
76	1	989398	2	10562	3	40
77	1	987691	2	12256	3	53
78	1	981539	2	18310	3	150	4	1
79	1	971227	2	28409	3	361	4	3
80	1	951458	2	47774	3	759	4	9
81	1	947928	2	50755	3	1302	4	15
82	1	930503	2	67302	3	2142	4	53
83	1	897369	2	98036	3	4458	4	136	5	1
84	1	898009	2	97519	3	4343	4	128	5	1
85	1	853526	2	135755	3	10242	4	462	5	14	6	1
86	1	812406	2	171101	3	15549	4	910	5	34
87	1	759956	2	208357	3	28827	4	2664	5	188	6	8
88	1	673506	2	274631	3	47043	4	4518	5	292	6	9	7	1
89	1	669640	2	273515	3	50425	4	5899	5	485	6	34	7	2
90	1	510349	2	354039	3	111180	4	21326	5	2816	6	266	7	24
91	1	475419	2	354739	3	131585	4	31979	5	5543	6	666	7	66	8	3
92	1	352155	2	382263	3	191111	4	59321	5	12770	6	2124	7	232	8	23	9	1
93	1	311018	2	371542	3	214164	4	78887	5	20033	6	3779	7	497	8	73	9	6	10	1
94	1	163765	2	308120	3	283870	4	161906	5	62358	6	16444	7	3052	8	426	9	56	10	3
95	1	152474	2	282201	3	263349	4	173027	5	85915	6	32015	7	8860	8	1830	9	298	10	26	11	4	12	1
96	1	73656	2	188323	3	254386	4	228930	5	148684	6	71426	7	25701	8	7184	9	1439	10	244	11	25	12	2
97	1	48988	2	156407	3	206269	4	214675	5	175844	6	114313	7	55994	8	20573	9	5550	10	1182	11	180	12	23	13	1	14	1
98	1	26721	2	80706	3	165803	4	201057	5	202673	6	156864	7	97007	8	46455	9	17075	10	4551	11	939	12	128	13	20	14	1
99	1	13542	2	71810	3	128827	4	174529	5	178426	6	168255	7	129086	8	79422	9	37950	10	13518	11	3720	12	772	13	124	14	18	15	1
100	1	181054	2	11145	3	58867	4	105817	5	142852	6	146763	7	137245	8	104939	9	65153	10	31157	11	11188	12	3114	13	602	14	95	15	8	16	1
