1	1	1000000
2	1	1000000
3	1	1000000
4	1	1000000
5	1	1000000
6	1	1000000
7	1	1000000
8	1	1000000
9	1	1000000
10	1	1000000
11	1	1000000
12	1	1000000
13	1	1000000
14	1	1000000
15	1	1000000
16	1	1000000
17	1	1000000
18	1	1000000
19	1	1000000
20	1	1000000
21	1	1000000
22	1	1000000
23	1	1000000
24	1	1000000
25	1	1000000
26	1	1000000
27	1	1000000
28	1	1000000
29	1	1000000
30	1	1000000
31	1	1000000
32	1	1000000
33	1	1000000
34	1	1000000
35	1	1000000
36	1	1000000
37	1	1000000
38	1	999999	2	1
39	1	1000000
40	1	999999	2	1
41	1	1000000
42	1	999999	2	1
43	1	1000000
44	1	999999	2	1
45	1	999977	2	23
46	1	999957	2	43
47	1	999956	2	44
48	1	999955	2	45
49	1	999654	2	346
50	1	999983	2	17
51	1	999991	2	9
52	1	999968	2	32
53	1	999168	2	832
54	1	999931	2	69
55	1	999717	2	283
56	1	999279	2	721
57	1	999480	2	520
58	1	999696	2	304
59	1	998549	2	1451
60	1	999077	2	923
61	1	999159	2	841
62	1	996962	2	3035	3	3
63	1	998499	2	1498	3	3
64	1	996979	2	3017	3	4
65	1	992247	2	7735	3	18
66	1	988387	2	11571	3	42
67	1	997234	2	2765	3	1
68	1	986102	2	13848	3	50
69	1	988924	2	11010	3	66
70	1	985209	2	14653	3	138
71	1	979026	2	20747	3	225	4	2
72	1	975466	2	24265	3	267	4	2
73	1	966743	2	32852	3	400	4	5
74	1	952339	2	46869	3	785	4	7
75	1	951520	2	47497	3	975	4	8
76	1	940480	2	57824	3	1675	4	20	5	1
77	1	934147	2	63692	3	2100	4	60	5	1
78	1	910991	2	85135	3	3751	4	119	5	4
79	1	880835	2	112706	3	6215	4	239	5	4	6	1
80	1	821950	2	165051	3	12445	4	541	5	12	6	1
81	1	819454	2	163691	3	15761	4	1040	5	52	6	2
82	1	774298	2	200222	3	23556	4	1831	5	87	6	6
83	1	713100	2	245419	3	37548	4	3655	5	256	6	21	7	1
84	1	700000	2	255157	3	40552	4	3982	5	292	6	16	7	1
85	1	624208	2	297709	3	67355	4	9631	5	1014	6	73	7	7	8	3
86	1	560544	2	333013	3	89500	4	14925	5	1820	6	190	7	8
87	1	502551	2	345272	3	119233	4	27305	5	4872	6	662	7	97	8	8
88	1	388598	2	388927	3	169190	4	44118	5	7856	6	1187	7	113	8	11
89	1	388118	2	377680	3	171343	4	50203	5	10643	6	1746	7	235	8	32
90	1	244457	2	361541	3	247627	4	105903	5	31870	6	7101	7	1300	8	174	9	23	10	3	11	1
91	1	222228	2	341145	3	253077	4	123892	5	44463	6	12048	7	2607	8	470	9	65	10	5
92	1	141342	2	292901	3	284736	4	173986	5	75002	6	24152	7	6316	8	1303	9	230	10	30	11	2
93	1	122797	2	263480	3	275549	4	191355	5	96037	6	36691	7	10900	8	2607	9	485	10	82	11	13	12	4
94	1	49420	2	157547	3	245244	4	245007	5	170173	6	86444	7	33171	8	9955	9	2443	10	510	11	75	12	11
95	1	48995	2	149409	3	215912	4	217711	5	172571	6	109482	7	54917	8	21868	9	6857	10	1787	11	405	12	72	13	11	14	2	15	1
96	1	19108	2	76186	3	153741	4	207560	5	208457	6	161509	7	99218	8	48112	9	18614	10	5643	11	1523	12	274	13	47	14	8
97	1	12666	2	62875	3	119711	4	164787	5	183982	6	174823	7	134614	8	83482	9	40585	10	15896	11	5006	12	1264	13	270	14	35	15	2	16	2
98	1	6476	2	27314	3	75854	4	127001	5	169452	6	182425	7	163603	8	120829	9	72367	10	35689	11	13472	12	4221	13	1027	14	228	15	37	16	5
99	1	3284	2	25278	3	62774	4	106893	5	135166	6	155168	7	158913	8	140179	9	103439	10	62588	11	29972	12	11574	13	3620	14	910	15	208	16	31	17	3
100	1	141198	2	2795	3	21682	4	54507	5	92075	6	115807	7	133745	8	135502	9	120476	10	88972	11	53045	12	26200	13	9861	14	3179	15	766	16	151	17	30	18	8	19	1
