1	1	1000000
2	1	1000000
3	1	1000000
4	1	1000000
5	1	1000000
6	1	1000000
7	1	1000000
8	1	1000000
9	1	1000000
10	1	1000000
11	1	1000000
12	1	1000000
13	1	1000000
14	1	1000000
15	1	1000000
16	1	1000000
17	1	1000000
18	1	1000000
19	1	1000000
20	1	1000000
21	1	1000000
22	1	1000000
23	1	1000000
24	1	1000000
25	1	1000000
26	1	999997	2	3
27	1	1000000
28	1	999993	2	7
29	1	1000000
30	1	999986	2	14
31	1	1000000
32	1	999982	2	18
33	1	999994	2	6
34	1	999984	2	16
35	1	1000000
36	1	999949	2	51
37	1	1000000
38	1	999969	2	31
39	1	999999	2	1
40	1	999888	2	112
41	1	999992	2	8
42	1	999928	2	72
43	1	999975	2	25
44	1	999817	2	183
45	1	999624	2	374	3	2
46	1	999251	2	749
47	1	999265	2	735
48	1	998905	2	1094	3	1
49	1	996998	2	3000	3	2
50	1	999533	2	467
51	1	999760	2	240
52	1	999124	2	875	3	1
53	1	994684	2	5315	3	1
54	1	998552	2	1448
55	1	996845	2	3148	3	7
56	1	994154	2	5837	3	9
57	1	994515	2	5474	3	11
58	1	996147	2	3852	3	1
59	1	989423	2	10555	3	22
60	1	990466	2	9507	3	27
61	1	991545	2	8431	3	24
62	1	979923	2	19959	3	117	4	1
63	1	987168	2	12745	3	87
64	1	978146	2	21646	3	208
65	1	958118	2	41326	3	556
66	1	946808	2	52073	3	1096	4	23
67	1	979106	2	20689	3	203	4	2
68	1	943256	2	55549	3	1183	4	12
69	1	944200	2	54327	3	1453	4	19	5	1
70	1	931571	2	65787	3	2561	4	80	5	1
71	1	907261	2	88519	3	4091	4	128	5	1
72	1	895551	2	99168	3	5097	4	180	5	4
73	1	872935	2	119648	3	7146	4	268	5	3
74	1	834864	2	153083	3	11475	4	555	5	22	6	1
75	1	828961	2	157052	3	13310	4	658	5	18	6	1
76	1	801077	2	178835	3	18790	4	1245	5	49	6	4
77	1	785742	2	190306	3	22093	4	1750	5	102	6	7
78	1	738780	2	225437	3	32138	4	3372	5	251	6	21	7	1
79	1	683308	2	265148	3	45807	4	5262	5	448	6	25	7	2
80	1	578455	2	330374	3	78761	4	11161	5	1138	6	100	7	9	8	2
81	1	587267	2	315047	3	81085	4	14360	5	1974	6	249	7	16	8	1	9	1
82	1	517499	2	348693	3	108293	4	21706	5	3347	6	416	7	41	8	5
83	1	445925	2	371208	3	141519	4	34412	5	5918	6	885	7	122	8	11
84	1	415910	2	379604	3	156153	4	39754	5	7351	6	1056	7	158	8	11	9	2	10	1
85	1	342178	2	376541	3	196159	4	65745	5	15820	6	3009	7	484	8	58	9	5	10	1
86	1	284558	2	374608	3	225252	4	85800	5	23663	6	5026	7	915	8	155	9	21	10	2
87	1	244844	2	347379	3	243363	4	111532	5	38882	6	10849	7	2531	8	491	9	110	10	17	11	2
88	1	155192	2	315759	3	288070	4	158147	5	60159	6	17422	7	4185	8	869	9	174	10	19	11	4
89	1	158053	2	305342	3	276210	4	161138	5	68283	6	22969	7	6229	8	1434	9	275	10	55	11	11	12	1
90	1	79321	2	216533	3	275138	4	221755	5	126696	6	54736	7	18770	8	5388	9	1331	10	265	11	57	12	6	13	4
91	1	71475	2	199049	3	259610	4	220396	5	139914	6	69204	7	27780	8	9097	9	2637	10	659	11	143	12	29	13	4	14	2	15	1
92	1	38225	2	135531	3	226530	4	241432	5	181479	6	103656	7	47334	8	18137	9	5659	10	1551	11	370	12	81	13	14	14	1
93	1	33905	2	118638	3	200418	4	224791	5	189039	6	124582	7	65839	8	28561	9	10153	10	3018	11	819	12	181	13	50	14	5	15	1
94	1	9805	2	50567	3	122776	4	192743	5	216093	6	183173	7	120584	8	63709	9	27009	10	9558	11	2988	12	780	13	171	14	34	15	8	16	2
95	1	10654	2	52403	3	113945	4	162682	5	184133	6	174294	7	135499	8	87684	9	46956	10	20592	11	7764	12	2504	13	682	14	165	15	39	16	2	17	2
96	1	3193	2	19756	3	59365	4	115139	5	163720	6	186482	7	171546	8	129761	9	80748	10	42238	11	18272	12	6811	13	2234	14	572	15	121	16	38	17	4
97	1	2143	2	17660	3	49722	4	89166	5	125903	6	154653	7	164102	8	150061	9	113552	10	71169	11	37238	12	16215	13	5914	14	1846	15	511	16	115	17	21	18	6	19	2	21	1
98	1	1218	2	6556	3	24231	4	54874	5	94781	6	133563	7	158969	8	161772	9	140774	10	103526	11	64383	12	33213	13	14560	14	5350	15	1656	16	449	17	92	18	30	19	1	20	1	21	1
99	1	452	2	6078	3	22606	4	49861	5	77908	6	105009	7	128184	8	143298	9	144231	10	124428	11	91991	12	56645	13	29434	14	13004	15	4890	16	1469	17	413	18	77	19	15	20	7
100	1	111013	2	427	3	5329	4	20276	5	44305	6	69182	7	92891	8	113392	9	128385	10	128319	11	110927	12	81399	13	50367	14	26414	15	11477	16	4148	17	1291	18	351	19	85	20	20	21	2
