v1	v2	v3	v4	v5	v6	v7	v8	v9	v10	over10
1000000	0	0	0	0	0	0	0	0	0	0
1000000	0	0	0	0	0	0	0	0	0	0
1000000	0	0	0	0	0	0	0	0	0	0
1000000	0	0	0	0	0	0	0	0	0	0
1000000	0	0	0	0	0	0	0	0	0	0
1000000	0	0	0	0	0	0	0	0	0	0
1000000	0	0	0	0	0	0	0	0	0	0
1000000	0	0	0	0	0	0	0	0	0	0
1000000	0	0	0	0	0	0	0	0	0	0
1000000	0	0	0	0	0	0	0	0	0	0
1000000	0	0	0	0	0	0	0	0	0	0
1000000	0	0	0	0	0	0	0	0	0	0
1000000	0	0	0	0	0	0	0	0	0	0
1000000	0	0	0	0	0	0	0	0	0	0
1000000	0	0	0	0	0	0	0	0	0	0
1000000	0	0	0	0	0	0	0	0	0	0
1000000	0	0	0	0	0	0	0	0	0	0
1000000	0	0	0	0	0	0	0	0	0	0
1000000	0	0	0	0	0	0	0	0	0	0
1000000	0	0	0	0	0	0	0	0	0	0
1000000	0	0	0	0	0	0	0	0	0	0
999998	2	0	0	0	0	0	0	0	0	0
1000000	0	0	0	0	0	0	0	0	0	0
999984	16	0	0	0	0	0	0	0	0	0
1000000	0	0	0	0	0	0	0	0	0	0
999979	21	0	0	0	0	0	0	0	0	0
1000000	0	0	0	0	0	0	0	0	0	0
999968	32	0	0	0	0	0	0	0	0	0
1000000	0	0	0	0	0	0	0	0	0	0
999952	48	0	0	0	0	0	0	0	0	0
999999	1	0	0	0	0	0	0	0	0	0
999916	84	0	0	0	0	0	0	0	0	0
999945	55	0	0	0	0	0	0	0	0	0
999913	87	0	0	0	0	0	0	0	0	0
999994	6	0	0	0	0	0	0	0	0	0
999801	199	0	0	0	0	0	0	0	0	0
999996	4	0	0	0	0	0	0	0	0	0
999886	114	0	0	0	0	0	0	0	0	0
999984	16	0	0	0	0	0	0	0	0	0
999678	322	0	0	0	0	0	0	0	0	0
999953	47	0	0	0	0	0	0	0	0	0
999739	261	0	0	0	0	0	0	0	0	0
999911	89	0	0	0	0	0	0	0	0	0
999455	545	0	0	0	0	0	0	0	0	0
998933	1067	0	0	0	0	0	0	0	0	0
998163	1837	0	0	0	0	0	0	0	0	0
998107	1892	1	0	0	0	0	0	0	0	0
997418	2579	3	0	0	0	0	0	0	0	0
993749	6246	5	0	0	0	0	0	0	0	0
998682	1317	1	0	0	0	0	0	0	0	0
999187	812	1	0	0	0	0	0	0	0	0
997669	2328	3	0	0	0	0	0	0	0	0
990445	9554	1	0	0	0	0	0	0	0	0
996349	3640	11	0	0	0	0	0	0	0	0
993141	6840	19	0	0	0	0	0	0	0	0
988173	11804	23	0	0	0	0	0	0	0	0
988549	11374	77	0	0	0	0	0	0	0	0
990850	9131	18	1	0	0	0	0	0	0	0
979541	20312	147	0	0	0	0	0	0	0	0
980389	19490	121	0	0	0	0	0	0	0	0
982418	17439	143	0	0	0	0	0	0	0	0
962747	36707	532	14	0	0	0	0	0	0	0
974299	25337	359	5	0	0	0	0	0	0	0
958322	40924	745	9	0	0	0	0	0	0	0
928289	69790	1891	30	0	0	0	0	0	0	0
911863	84847	3184	102	4	0	0	0	0	0	0
959309	39930	750	11	0	0	0	0	0	0	0
908471	88009	3448	72	0	0	0	0	0	0	0
906562	89177	4145	115	1	0	0	0	0	0	0
886829	106353	6577	237	4	0	0	0	0	0	0
851798	137288	10358	536	19	1	0	0	0	0	0
835660	150510	12981	815	33	1	0	0	0	0	0
805869	176171	16828	1090	41	1	0	0	0	0	0
756737	214991	26226	1915	123	8	0	0	0	0	0
746270	221471	29723	2383	147	6	0	0	0	0	0
712239	243297	39877	4243	320	21	3	0	0	0	0
693960	255272	45006	5219	498	43	2	0	0	0	0
637123	289755	62623	9306	1074	108	8	3	0	0	0
576442	324918	82860	13919	1671	173	17	0	0	0	0
459792	376757	131495	27267	4115	516	54	3	1	0	0
474534	357605	129645	31337	5863	902	103	10	0	1	0
400958	377974	164262	45427	9504	1580	263	28	2	2	0
335105	383001	197932	64786	15537	3025	518	80	15	1	0
303800	380117	216005	75992	19306	3936	705	118	18	3	0
241702	354573	246146	110514	35598	9156	1904	333	60	12	2
192143	337349	268480	134449	49409	14121	3263	641	119	23	3
164948	301404	270584	158759	69976	24529	7406	1839	430	112	13
93969	247771	291399	208141	103567	39135	11843	3211	775	141	48
96993	240697	277305	204732	110793	46647	16535	4780	1160	289	69
43999	149276	239662	241252	172065	92775	40362	14577	4477	1196	359
39884	138186	221277	229529	177846	107500	52993	21847	7737	2373	828
19843	84909	174135	225823	206637	146508	82051	38082	14888	5162	1962
17668	75842	151505	200902	201721	159471	102176	53589	23937	8970	4219
4309	27026	79640	147823	196075	198938	157052	100415	52610	23213	12899
5172	30164	77284	128400	161827	172953	156699	120341	76614	41389	29157
1360	9812	34920	77992	128664	166840	177263	154971	114067	70701	63410
905	9216	30984	62978	97243	129011	152526	157776	137505	101869	119987
493	3256	13336	34654	66689	104281	137173	156019	152988	129237	201874
202	3004	13541	33471	57743	81734	106181	127693	141191	137627	297613
101240	177	2669	12110	30121	51517	73973	95512	114495	126904	391282
