v1	v2	v3	v4	v5	v6	v7	v8	v9	v10	over10
1000000	0	0	0	0	0	0	0	0	0	0
1000000	0	0	0	0	0	0	0	0	0	0
1000000	0	0	0	0	0	0	0	0	0	0
1000000	0	0	0	0	0	0	0	0	0	0
1000000	0	0	0	0	0	0	0	0	0	0
1000000	0	0	0	0	0	0	0	0	0	0
1000000	0	0	0	0	0	0	0	0	0	0
1000000	0	0	0	0	0	0	0	0	0	0
1000000	0	0	0	0	0	0	0	0	0	0
1000000	0	0	0	0	0	0	0	0	0	0
1000000	0	0	0	0	0	0	0	0	0	0
1000000	0	0	0	0	0	0	0	0	0	0
1000000	0	0	0	0	0	0	0	0	0	0
1000000	0	0	0	0	0	0	0	0	0	0
1000000	0	0	0	0	0	0	0	0	0	0
1000000	0	0	0	0	0	0	0	0	0	0
1000000	0	0	0	0	0	0	0	0	0	0
1000000	0	0	0	0	0	0	0	0	0	0
1000000	0	0	0	0	0	0	0	0	0	0
1000000	0	0	0	0	0	0	0	0	0	0
1000000	0	0	0	0	0	0	0	0	0	0
1000000	0	0	0	0	0	0	0	0	0	0
1000000	0	0	0	0	0	0	0	0	0	0
1000000	0	0	0	0	0	0	0	0	0	0
1000000	0	0	0	0	0	0	0	0	0	0
1000000	0	0	0	0	0	0	0	0	0	0
1000000	0	0	0	0	0	0	0	0	0	0
1000000	0	0	0	0	0	0	0	0	0	0
1000000	0	0	0	0	0	0	0	0	0	0
1000000	0	0	0	0	0	0	0	0	0	0
1000000	0	0	0	0	0	0	0	0	0	0
1000000	0	0	0	0	0	0	0	0	0	0
1000000	0	0	0	0	0	0	0	0	0	0
1000000	0	0	0	0	0	0	0	0	0	0
1000000	0	0	0	0	0	0	0	0	0	0
1000000	0	0	0	0	0	0	0	0	0	0
1000000	0	0	0	0	0	0	0	0	0	0
1000000	0	0	0	0	0	0	0	0	0	0
1000000	0	0	0	0	0	0	0	0	0	0
1000000	0	0	0	0	0	0	0	0	0	0
1000000	0	0	0	0	0	0	0	0	0	0
1000000	0	0	0	0	0	0	0	0	0	0
1000000	0	0	0	0	0	0	0	0	0	0
1000000	0	0	0	0	0	0	0	0	0	0
1000000	0	0	0	0	0	0	0	0	0	0
1000000	0	0	0	0	0	0	0	0	0	0
999999	1	0	0	0	0	0	0	0	0	0
1000000	0	0	0	0	0	0	0	0	0	0
999986	14	0	0	0	0	0	0	0	0	0
1000000	0	0	0	0	0	0	0	0	0	0
1000000	0	0	0	0	0	0	0	0	0	0
1000000	0	0	0	0	0	0	0	0	0	0
999941	59	0	0	0	0	0	0	0	0	0
1000000	0	0	0	0	0	0	0	0	0	0
999987	13	0	0	0	0	0	0	0	0	0
999965	35	0	0	0	0	0	0	0	0	0
999985	15	0	0	0	0	0	0	0	0	0
999999	1	0	0	0	0	0	0	0	0	0
999931	69	0	0	0	0	0	0	0	0	0
999977	23	0	0	0	0	0	0	0	0	0
999969	31	0	0	0	0	0	0	0	0	0
999788	212	0	0	0	0	0	0	0	0	0
999940	60	0	0	0	0	0	0	0	0	0
999830	170	0	0	0	0	0	0	0	0	0
999225	774	1	0	0	0	0	0	0	0	0
998587	1413	0	0	0	0	0	0	0	0	0
999853	147	0	0	0	0	0	0	0	0	0
997706	2292	2	0	0	0	0	0	0	0	0
998801	1197	2	0	0	0	0	0	0	0	0
998282	1716	2	0	0	0	0	0	0	0	0
997318	2676	6	0	0	0	0	0	0	0	0
996916	3081	3	0	0	0	0	0	0	0	0
995109	4887	4	0	0	0	0	0	0	0	0
991442	8533	25	0	0	0	0	0	0	0	0
991975	7997	28	0	0	0	0	0	0	0	0
989398	10562	40	0	0	0	0	0	0	0	0
987691	12256	53	0	0	0	0	0	0	0	0
981539	18310	150	1	0	0	0	0	0	0	0
971227	28409	361	3	0	0	0	0	0	0	0
951458	47774	759	9	0	0	0	0	0	0	0
947928	50755	1302	15	0	0	0	0	0	0	0
930503	67302	2142	53	0	0	0	0	0	0	0
897369	98036	4458	136	1	0	0	0	0	0	0
898009	97519	4343	128	1	0	0	0	0	0	0
853526	135755	10242	462	14	1	0	0	0	0	0
812406	171101	15549	910	34	0	0	0	0	0	0
759956	208357	28827	2664	188	8	0	0	0	0	0
673506	274631	47043	4518	292	9	1	0	0	0	0
669640	273515	50425	5899	485	34	2	0	0	0	0
510349	354039	111180	21326	2816	266	24	0	0	0	0
475419	354739	131585	31979	5543	666	66	3	0	0	0
352155	382263	191111	59321	12770	2124	232	23	1	0	0
311018	371542	214164	78887	20033	3779	497	73	6	1	0
163765	308120	283870	161906	62358	16444	3052	426	56	3	0
152474	282201	263349	173027	85915	32015	8860	1830	298	26	5
73656	188323	254386	228930	148684	71426	25701	7184	1439	244	27
48988	156407	206269	214675	175844	114313	55994	20573	5550	1182	205
26721	80706	165803	201057	202673	156864	97007	46455	17075	4551	1088
13542	71810	128827	174529	178426	168255	129086	79422	37950	13518	4635
181054	11145	58867	105817	142852	146763	137245	104939	65153	31157	15008
