v1	v2	v3	v4	v5	v6	v7	v8	v9	v10	over10
1000000	0	0	0	0	0	0	0	0	0	0
1000000	0	0	0	0	0	0	0	0	0	0
1000000	0	0	0	0	0	0	0	0	0	0
1000000	0	0	0	0	0	0	0	0	0	0
1000000	0	0	0	0	0	0	0	0	0	0
1000000	0	0	0	0	0	0	0	0	0	0
1000000	0	0	0	0	0	0	0	0	0	0
1000000	0	0	0	0	0	0	0	0	0	0
1000000	0	0	0	0	0	0	0	0	0	0
1000000	0	0	0	0	0	0	0	0	0	0
1000000	0	0	0	0	0	0	0	0	0	0
1000000	0	0	0	0	0	0	0	0	0	0
1000000	0	0	0	0	0	0	0	0	0	0
1000000	0	0	0	0	0	0	0	0	0	0
1000000	0	0	0	0	0	0	0	0	0	0
1000000	0	0	0	0	0	0	0	0	0	0
1000000	0	0	0	0	0	0	0	0	0	0
1000000	0	0	0	0	0	0	0	0	0	0
1000000	0	0	0	0	0	0	0	0	0	0
1000000	0	0	0	0	0	0	0	0	0	0
1000000	0	0	0	0	0	0	0	0	0	0
1000000	0	0	0	0	0	0	0	0	0	0
1000000	0	0	0	0	0	0	0	0	0	0
1000000	0	0	0	0	0	0	0	0	0	0
1000000	0	0	0	0	0	0	0	0	0	0
1000000	0	0	0	0	0	0	0	0	0	0
1000000	0	0	0	0	0	0	0	0	0	0
1000000	0	0	0	0	0	0	0	0	0	0
1000000	0	0	0	0	0	0	0	0	0	0
1000000	0	0	0	0	0	0	0	0	0	0
1000000	0	0	0	0	0	0	0	0	0	0
1000000	0	0	0	0	0	0	0	0	0	0
1000000	0	0	0	0	0	0	0	0	0	0
999998	2	0	0	0	0	0	0	0	0	0
1000000	0	0	0	0	0	0	0	0	0	0
999997	3	0	0	0	0	0	0	0	0	0
1000000	0	0	0	0	0	0	0	0	0	0
999999	1	0	0	0	0	0	0	0	0	0
1000000	0	0	0	0	0	0	0	0	0	0
999996	4	0	0	0	0	0	0	0	0	0
1000000	0	0	0	0	0	0	0	0	0	0
999995	5	0	0	0	0	0	0	0	0	0
1000000	0	0	0	0	0	0	0	0	0	0
999979	21	0	0	0	0	0	0	0	0	0
999948	52	0	0	0	0	0	0	0	0	0
999898	102	0	0	0	0	0	0	0	0	0
999904	96	0	0	0	0	0	0	0	0	0
999820	180	0	0	0	0	0	0	0	0	0
999267	733	0	0	0	0	0	0	0	0	0
999955	45	0	0	0	0	0	0	0	0	0
999974	26	0	0	0	0	0	0	0	0	0
999893	107	0	0	0	0	0	0	0	0	0
998481	1519	0	0	0	0	0	0	0	0	0
999798	202	0	0	0	0	0	0	0	0	0
999373	627	0	0	0	0	0	0	0	0	0
998509	1491	0	0	0	0	0	0	0	0	0
998867	1132	1	0	0	0	0	0	0	0	0
999311	689	0	0	0	0	0	0	0	0	0
997145	2853	2	0	0	0	0	0	0	0	0
997911	2089	0	0	0	0	0	0	0	0	0
998078	1919	3	0	0	0	0	0	0	0	0
994160	5832	8	0	0	0	0	0	0	0	0
996927	3071	2	0	0	0	0	0	0	0	0
994113	5870	17	0	0	0	0	0	0	0	0
986060	13899	41	0	0	0	0	0	0	0	0
980425	19448	125	2	0	0	0	0	0	0	0
994564	5427	9	0	0	0	0	0	0	0	0
977881	21979	140	0	0	0	0	0	0	0	0
980725	19129	145	1	0	0	0	0	0	0	0
975486	24134	378	2	0	0	0	0	0	0	0
965306	34142	546	6	0	0	0	0	0	0	0
959609	39610	770	11	0	0	0	0	0	0	0
947334	51479	1168	19	0	0	0	0	0	0	0
927008	70850	2111	31	0	0	0	0	0	0	0
925409	72122	2422	46	1	0	0	0	0	0	0
909673	86432	3815	77	3	0	0	0	0	0	0
901363	93715	4751	165	6	0	0	0	0	0	0
871416	120373	7829	373	9	0	0	0	0	0	0
832239	154562	12486	686	27	0	0	0	0	0	0
758277	215526	24497	1611	86	3	0	0	0	0	0
758595	210427	28251	2529	188	10	0	0	0	0	0
704704	249760	40841	4324	350	20	1	0	0	0	0
638187	292394	60720	7874	772	49	4	0	0	0	0
618035	305266	66778	8983	855	73	10	0	0	0	0
539002	337687	101174	19140	2673	291	31	2	0	0	0
473230	366177	127330	28198	4460	541	60	4	0	0	0
418997	365202	158477	45472	9780	1790	255	20	7	0	0
307062	387034	214203	71694	16510	3022	422	49	3	1	0
308430	373275	214560	78007	20583	4311	712	106	14	2	0
181409	326859	274370	144156	54202	14961	3361	575	91	13	3
164408	305416	272063	159025	68483	22797	6175	1325	264	37	7
99227	244941	283454	206636	106438	42303	12973	3208	656	146	18
86153	216468	265067	215571	128775	58849	21116	6122	1482	334	63
31527	117271	210259	243215	197204	118898	54729	19611	5547	1383	356
32516	112633	185675	210007	188045	135847	78983	36875	13942	4164	1313
11649	53233	121056	182855	205053	180595	125665	71118	32128	11867	4781
7721	44593	95773	141233	171053	176891	152987	107130	60832	27705	14082
4137	18311	55762	102293	148040	173392	171310	140712	95988	53483	36572
2026	17023	47869	87308	117362	141627	154841	148976	121910	83004	78054
131577	1660	14869	41863	75305	101906	122962	134129	129595	105971	140163
