v1	v2	v3	v4	v5	v6	v7	v8	v9	v10	over10
1000000	0	0	0	0	0	0	0	0	0	0
1000000	0	0	0	0	0	0	0	0	0	0
1000000	0	0	0	0	0	0	0	0	0	0
1000000	0	0	0	0	0	0	0	0	0	0
1000000	0	0	0	0	0	0	0	0	0	0
1000000	0	0	0	0	0	0	0	0	0	0
1000000	0	0	0	0	0	0	0	0	0	0
1000000	0	0	0	0	0	0	0	0	0	0
1000000	0	0	0	0	0	0	0	0	0	0
1000000	0	0	0	0	0	0	0	0	0	0
1000000	0	0	0	0	0	0	0	0	0	0
1000000	0	0	0	0	0	0	0	0	0	0
1000000	0	0	0	0	0	0	0	0	0	0
1000000	0	0	0	0	0	0	0	0	0	0
1000000	0	0	0	0	0	0	0	0	0	0
1000000	0	0	0	0	0	0	0	0	0	0
1000000	0	0	0	0	0	0	0	0	0	0
1000000	0	0	0	0	0	0	0	0	0	0
1000000	0	0	0	0	0	0	0	0	0	0
1000000	0	0	0	0	0	0	0	0	0	0
1000000	0	0	0	0	0	0	0	0	0	0
1000000	0	0	0	0	0	0	0	0	0	0
1000000	0	0	0	0	0	0	0	0	0	0
1000000	0	0	0	0	0	0	0	0	0	0
1000000	0	0	0	0	0	0	0	0	0	0
1000000	0	0	0	0	0	0	0	0	0	0
1000000	0	0	0	0	0	0	0	0	0	0
1000000	0	0	0	0	0	0	0	0	0	0
1000000	0	0	0	0	0	0	0	0	0	0
1000000	0	0	0	0	0	0	0	0	0	0
1000000	0	0	0	0	0	0	0	0	0	0
1000000	0	0	0	0	0	0	0	0	0	0
1000000	0	0	0	0	0	0	0	0	0	0
1000000	0	0	0	0	0	0	0	0	0	0
1000000	0	0	0	0	0	0	0	0	0	0
1000000	0	0	0	0	0	0	0	0	0	0
1000000	0	0	0	0	0	0	0	0	0	0
1000000	0	0	0	0	0	0	0	0	0	0
1000000	0	0	0	0	0	0	0	0	0	0
1000000	0	0	0	0	0	0	0	0	0	0
1000000	0	0	0	0	0	0	0	0	0	0
999999	1	0	0	0	0	0	0	0	0	0
1000000	0	0	0	0	0	0	0	0	0	0
1000000	0	0	0	0	0	0	0	0	0	0
999997	3	0	0	0	0	0	0	0	0	0
999998	2	0	0	0	0	0	0	0	0	0
999994	6	0	0	0	0	0	0	0	0	0
999988	12	0	0	0	0	0	0	0	0	0
999940	60	0	0	0	0	0	0	0	0	0
999999	1	0	0	0	0	0	0	0	0	0
999999	1	0	0	0	0	0	0	0	0	0
999999	1	0	0	0	0	0	0	0	0	0
999768	232	0	0	0	0	0	0	0	0	0
999992	8	0	0	0	0	0	0	0	0	0
999965	35	0	0	0	0	0	0	0	0	0
999852	148	0	0	0	0	0	0	0	0	0
999896	104	0	0	0	0	0	0	0	0	0
999962	38	0	0	0	0	0	0	0	0	0
999621	379	0	0	0	0	0	0	0	0	0
999814	186	0	0	0	0	0	0	0	0	0
999833	167	0	0	0	0	0	0	0	0	0
999189	811	0	0	0	0	0	0	0	0	0
999727	273	0	0	0	0	0	0	0	0	0
999307	693	0	0	0	0	0	0	0	0	0
997508	2490	2	0	0	0	0	0	0	0	0
995951	4046	3	0	0	0	0	0	0	0	0
999357	643	0	0	0	0	0	0	0	0	0
994454	5543	3	0	0	0	0	0	0	0	0
996316	3677	7	0	0	0	0	0	0	0	0
994706	5276	18	0	0	0	0	0	0	0	0
992361	7609	30	0	0	0	0	0	0	0	0
991238	8725	37	0	0	0	0	0	0	0	0
987058	12880	61	1	0	0	0	0	0	0	0
979649	20217	134	0	0	0	0	0	0	0	0
980117	19723	159	1	0	0	0	0	0	0	0
974433	25311	255	1	0	0	0	0	0	0	0
970829	28784	384	3	0	0	0	0	0	0	0
958983	40265	746	6	0	0	0	0	0	0	0
940358	58152	1465	24	1	0	0	0	0	0	0
906019	90590	3326	62	3	0	0	0	0	0	0
901539	93571	4734	152	4	0	0	0	0	0	0
872775	119614	7331	275	5	0	0	0	0	0	0
826480	159229	13589	676	24	2	0	0	0	0	0
821741	163615	13893	723	28	0	0	0	0	0	0
760743	209909	27033	2182	126	5	2	0	0	0	0
706851	250030	39008	3843	246	21	1	0	0	0	0
648261	280320	61362	8987	991	72	7	0	0	0	0
544058	345369	93948	14941	1528	148	7	0	1	0	0
541358	339084	98708	18156	2435	235	23	1	0	0	0
378111	382933	176993	50365	9974	1426	175	23	0	0	0
349006	371317	194061	65856	16268	3018	407	63	4	0	0
241263	359537	249448	108326	32597	7348	1276	185	20	0	0
210293	334265	260019	132504	47509	12477	2479	402	45	7	0
98869	239254	284376	213579	109673	40603	10970	2246	374	53	3
93734	219749	254258	207370	130181	62696	23510	6720	1494	245	43
41342	129678	213572	233474	187229	114804	53571	19441	5475	1169	245
27424	106310	167086	199187	191079	150861	92822	43503	15981	4547	1200
14544	51132	119955	170105	196734	179662	132668	79629	37302	13467	4802
7283	45481	95634	143286	162906	169533	150227	112638	66378	31071	15563
161620	6087	38460	80619	120513	136626	142116	126186	93684	55281	38808
