v1	v2	v3	v4	v5	v6	v7	v8	v9	v10	over10
1000000	0	0	0	0	0	0	0	0	0	0
1000000	0	0	0	0	0	0	0	0	0	0
1000000	0	0	0	0	0	0	0	0	0	0
1000000	0	0	0	0	0	0	0	0	0	0
1000000	0	0	0	0	0	0	0	0	0	0
1000000	0	0	0	0	0	0	0	0	0	0
1000000	0	0	0	0	0	0	0	0	0	0
1000000	0	0	0	0	0	0	0	0	0	0
1000000	0	0	0	0	0	0	0	0	0	0
1000000	0	0	0	0	0	0	0	0	0	0
1000000	0	0	0	0	0	0	0	0	0	0
1000000	0	0	0	0	0	0	0	0	0	0
1000000	0	0	0	0	0	0	0	0	0	0
1000000	0	0	0	0	0	0	0	0	0	0
1000000	0	0	0	0	0	0	0	0	0	0
1000000	0	0	0	0	0	0	0	0	0	0
1000000	0	0	0	0	0	0	0	0	0	0
1000000	0	0	0	0	0	0	0	0	0	0
1000000	0	0	0	0	0	0	0	0	0	0
1000000	0	0	0	0	0	0	0	0	0	0
1000000	0	0	0	0	0	0	0	0	0	0
1000000	0	0	0	0	0	0	0	0	0	0
1000000	0	0	0	0	0	0	0	0	0	0
1000000	0	0	0	0	0	0	0	0	0	0
1000000	0	0	0	0	0	0	0	0	0	0
999999	1	0	0	0	0	0	0	0	0	0
1000000	0	0	0	0	0	0	0	0	0	0
999998	2	0	0	0	0	0	0	0	0	0
1000000	0	0	0	0	0	0	0	0	0	0
999999	1	0	0	0	0	0	0	0	0	0
1000000	0	0	0	0	0	0	0	0	0	0
999997	3	0	0	0	0	0	0	0	0	0
999999	1	0	0	0	0	0	0	0	0	0
999994	6	0	0	0	0	0	0	0	0	0
1000000	0	0	0	0	0	0	0	0	0	0
999992	8	0	0	0	0	0	0	0	0	0
1000000	0	0	0	0	0	0	0	0	0	0
999993	7	0	0	0	0	0	0	0	0	0
1000000	0	0	0	0	0	0	0	0	0	0
999965	35	0	0	0	0	0	0	0	0	0
999999	1	0	0	0	0	0	0	0	0	0
999978	22	0	0	0	0	0	0	0	0	0
999999	1	0	0	0	0	0	0	0	0	0
999944	56	0	0	0	0	0	0	0	0	0
999865	135	0	0	0	0	0	0	0	0	0
999734	266	0	0	0	0	0	0	0	0	0
999693	307	0	0	0	0	0	0	0	0	0
999606	394	0	0	0	0	0	0	0	0	0
998537	1463	0	0	0	0	0	0	0	0	0
999854	146	0	0	0	0	0	0	0	0	0
999892	108	0	0	0	0	0	0	0	0	0
999672	328	0	0	0	0	0	0	0	0	0
997131	2869	0	0	0	0	0	0	0	0	0
999451	548	1	0	0	0	0	0	0	0	0
998633	1366	1	0	0	0	0	0	0	0	0
996984	3015	1	0	0	0	0	0	0	0	0
997592	2405	3	0	0	0	0	0	0	0	0
998328	1672	0	0	0	0	0	0	0	0	0
994588	5403	9	0	0	0	0	0	0	0	0
995603	4390	7	0	0	0	0	0	0	0	0
996094	3897	9	0	0	0	0	0	0	0	0
989265	10703	32	0	0	0	0	0	0	0	0
993650	6326	24	0	0	0	0	0	0	0	0
988481	11459	59	1	0	0	0	0	0	0	0
975861	23944	195	0	0	0	0	0	0	0	0
967761	31871	362	6	0	0	0	0	0	0	0
989207	10746	47	0	0	0	0	0	0	0	0
964662	34927	407	4	0	0	0	0	0	0	0
967186	32288	517	9	0	0	0	0	0	0	0
958935	40075	977	13	0	0	0	0	0	0	0
942671	55777	1519	33	0	0	0	0	0	0	0
935116	62860	1981	41	2	0	0	0	0	0	0
917809	79326	2790	75	0	0	0	0	0	0	0
889778	105040	5017	162	3	0	0	0	0	0	0
886451	107546	5822	177	4	0	0	0	0	0	0
865012	125945	8679	357	7	0	0	0	0	0	0
853308	135715	10429	527	21	0	0	0	0	0	0
814988	167632	16236	1090	50	4	0	0	0	0	0
768237	205349	24326	1982	105	1	0	0	0	0	0
677961	272672	44782	4269	293	22	1	0	0	0	0
681104	263058	49020	6201	570	47	0	0	0	0	0
618173	302567	68258	9822	1065	104	9	1	1	0	0
548563	337354	94661	16962	2212	226	20	1	1	0	0
523271	349868	104799	19211	2511	311	25	4	0	0	0
443127	366942	145320	36766	6686	1020	128	9	2	0	0
379091	382847	174403	50892	10676	1817	245	25	4	0	0
332242	366812	202496	72853	20162	4440	842	128	20	5	0
227408	363984	256991	109644	33018	7310	1383	228	29	4	1
229073	351212	252021	115829	38898	10350	2164	371	69	12	1
125765	277336	286129	185954	85107	29362	8136	1753	400	51	7
113806	257284	274637	194857	100702	40890	13241	3582	814	156	31
64803	190994	264861	231954	143465	68077	25434	7750	2102	463	97
56619	166966	239188	228436	162371	88812	38691	13725	3985	950	257
18247	80435	168868	225761	215179	153306	84149	36535	12591	3743	1186
19554	80360	151156	191787	192710	159105	106512	58747	26461	9720	3888
6628	34274	88979	150665	191218	189987	152411	98588	52729	23021	11500
4283	29391	71480	116134	150798	170163	164126	131072	85998	45967	30588
2288	11489	38694	78197	122848	157257	169572	155780	120046	76183	67646
981	10753	34598	67897	97901	124082	144214	151046	137106	105228	126194
120882	865	9359	30477	59799	86474	109377	126945	132174	120428	203220
