v1	v2	v3	v4	v5	v6	v7	v8	v9	v10	over10
1000000	0	0	0	0	0	0	0	0	0	0
1000000	0	0	0	0	0	0	0	0	0	0
1000000	0	0	0	0	0	0	0	0	0	0
1000000	0	0	0	0	0	0	0	0	0	0
1000000	0	0	0	0	0	0	0	0	0	0
1000000	0	0	0	0	0	0	0	0	0	0
1000000	0	0	0	0	0	0	0	0	0	0
1000000	0	0	0	0	0	0	0	0	0	0
1000000	0	0	0	0	0	0	0	0	0	0
1000000	0	0	0	0	0	0	0	0	0	0
1000000	0	0	0	0	0	0	0	0	0	0
1000000	0	0	0	0	0	0	0	0	0	0
1000000	0	0	0	0	0	0	0	0	0	0
1000000	0	0	0	0	0	0	0	0	0	0
1000000	0	0	0	0	0	0	0	0	0	0
1000000	0	0	0	0	0	0	0	0	0	0
1000000	0	0	0	0	0	0	0	0	0	0
1000000	0	0	0	0	0	0	0	0	0	0
1000000	0	0	0	0	0	0	0	0	0	0
1000000	0	0	0	0	0	0	0	0	0	0
1000000	0	0	0	0	0	0	0	0	0	0
1000000	0	0	0	0	0	0	0	0	0	0
1000000	0	0	0	0	0	0	0	0	0	0
1000000	0	0	0	0	0	0	0	0	0	0
1000000	0	0	0	0	0	0	0	0	0	0
1000000	0	0	0	0	0	0	0	0	0	0
1000000	0	0	0	0	0	0	0	0	0	0
1000000	0	0	0	0	0	0	0	0	0	0
1000000	0	0	0	0	0	0	0	0	0	0
1000000	0	0	0	0	0	0	0	0	0	0
1000000	0	0	0	0	0	0	0	0	0	0
1000000	0	0	0	0	0	0	0	0	0	0
1000000	0	0	0	0	0	0	0	0	0	0
1000000	0	0	0	0	0	0	0	0	0	0
1000000	0	0	0	0	0	0	0	0	0	0
1000000	0	0	0	0	0	0	0	0	0	0
1000000	0	0	0	0	0	0	0	0	0	0
1000000	0	0	0	0	0	0	0	0	0	0
1000000	0	0	0	0	0	0	0	0	0	0
1000000	0	0	0	0	0	0	0	0	0	0
1000000	0	0	0	0	0	0	0	0	0	0
1000000	0	0	0	0	0	0	0	0	0	0
1000000	0	0	0	0	0	0	0	0	0	0
999999	1	0	0	0	0	0	0	0	0	0
999995	5	0	0	0	0	0	0	0	0	0
999993	7	0	0	0	0	0	0	0	0	0
999985	15	0	0	0	0	0	0	0	0	0
999980	20	0	0	0	0	0	0	0	0	0
999855	145	0	0	0	0	0	0	0	0	0
999996	4	0	0	0	0	0	0	0	0	0
999998	2	0	0	0	0	0	0	0	0	0
999987	13	0	0	0	0	0	0	0	0	0
999622	378	0	0	0	0	0	0	0	0	0
999977	23	0	0	0	0	0	0	0	0	0
999904	96	0	0	0	0	0	0	0	0	0
999657	343	0	0	0	0	0	0	0	0	0
999761	239	0	0	0	0	0	0	0	0	0
999887	113	0	0	0	0	0	0	0	0	0
999255	745	0	0	0	0	0	0	0	0	0
999589	411	0	0	0	0	0	0	0	0	0
999617	383	0	0	0	0	0	0	0	0	0
998416	1584	0	0	0	0	0	0	0	0	0
999303	697	0	0	0	0	0	0	0	0	0
998534	1466	0	0	0	0	0	0	0	0	0
995438	4556	6	0	0	0	0	0	0	0	0
993249	6740	11	0	0	0	0	0	0	0	0
998603	1394	3	0	0	0	0	0	0	0	0
991295	8685	20	0	0	0	0	0	0	0	0
993459	6524	17	0	0	0	0	0	0	0	0
991218	8728	53	1	0	0	0	0	0	0	0
987486	12444	70	0	0	0	0	0	0	0	0
985118	14771	110	1	0	0	0	0	0	0	0
979230	20614	155	1	0	0	0	0	0	0	0
968681	30981	336	2	0	0	0	0	0	0	0
968625	30955	416	4	0	0	0	0	0	0	0
961152	38160	681	7	0	0	0	0	0	0	0
955827	43263	901	9	0	0	0	0	0	0	0
939276	58991	1691	42	0	0	0	0	0	0	0
915902	80944	3082	68	4	0	0	0	0	0	0
869635	123542	6610	209	4	0	0	0	0	0	0
866024	125019	8540	405	12	0	0	0	0	0	0
830035	155927	13261	742	33	1	1	0	0	0	0
775310	200176	22834	1592	87	1	0	0	0	0	0
767691	206379	24147	1691	88	4	0	0	0	0	0
698706	252643	43583	4687	353	24	4	0	0	0	0
638946	293259	59362	7658	724	48	2	1	0	0	0
579199	315557	87041	15677	2258	244	24	0	0	0	0
467471	374440	127920	25982	3767	380	37	2	0	0	1
467523	363309	132569	30606	5244	662	79	8	0	0	0
310895	378632	213861	74542	18097	3420	489	55	9	0	0
285193	362564	225582	91896	27144	6281	1165	155	20	0	0
188957	331896	272015	139755	50454	13427	2937	461	86	12	0
164112	303457	273163	161647	69134	21929	5368	1008	157	22	3
71821	198642	270172	234639	139285	60255	19249	4850	917	148	22
69547	184541	238942	216758	152403	84974	36672	12280	3137	625	121
28754	102147	184859	224407	201446	139125	74298	31068	10503	2718	675
19243	83429	144156	184225	191005	164835	113751	61707	26220	8690	2739
10160	38334	97649	150065	184740	184508	149921	99889	52685	22382	9667
5009	34495	79312	125609	150359	164816	156781	128167	84204	44560	26688
151305	4126	29460	67838	106757	127703	139403	133529	108027	71003	60849
