v1	v2	v3	v4	v5	v6	v7	v8	v9	v10	over10
1000000	0	0	0	0	0	0	0	0	0	0
1000000	0	0	0	0	0	0	0	0	0	0
1000000	0	0	0	0	0	0	0	0	0	0
1000000	0	0	0	0	0	0	0	0	0	0
1000000	0	0	0	0	0	0	0	0	0	0
1000000	0	0	0	0	0	0	0	0	0	0
1000000	0	0	0	0	0	0	0	0	0	0
1000000	0	0	0	0	0	0	0	0	0	0
1000000	0	0	0	0	0	0	0	0	0	0
1000000	0	0	0	0	0	0	0	0	0	0
1000000	0	0	0	0	0	0	0	0	0	0
1000000	0	0	0	0	0	0	0	0	0	0
1000000	0	0	0	0	0	0	0	0	0	0
1000000	0	0	0	0	0	0	0	0	0	0
1000000	0	0	0	0	0	0	0	0	0	0
1000000	0	0	0	0	0	0	0	0	0	0
1000000	0	0	0	0	0	0	0	0	0	0
1000000	0	0	0	0	0	0	0	0	0	0
1000000	0	0	0	0	0	0	0	0	0	0
1000000	0	0	0	0	0	0	0	0	0	0
1000000	0	0	0	0	0	0	0	0	0	0
1000000	0	0	0	0	0	0	0	0	0	0
1000000	0	0	0	0	0	0	0	0	0	0
1000000	0	0	0	0	0	0	0	0	0	0
1000000	0	0	0	0	0	0	0	0	0	0
1000000	0	0	0	0	0	0	0	0	0	0
1000000	0	0	0	0	0	0	0	0	0	0
1000000	0	0	0	0	0	0	0	0	0	0
1000000	0	0	0	0	0	0	0	0	0	0
1000000	0	0	0	0	0	0	0	0	0	0
1000000	0	0	0	0	0	0	0	0	0	0
1000000	0	0	0	0	0	0	0	0	0	0
1000000	0	0	0	0	0	0	0	0	0	0
1000000	0	0	0	0	0	0	0	0	0	0
1000000	0	0	0	0	0	0	0	0	0	0
1000000	0	0	0	0	0	0	0	0	0	0
1000000	0	0	0	0	0	0	0	0	0	0
999999	1	0	0	0	0	0	0	0	0	0
1000000	0	0	0	0	0	0	0	0	0	0
999999	1	0	0	0	0	0	0	0	0	0
1000000	0	0	0	0	0	0	0	0	0	0
999999	1	0	0	0	0	0	0	0	0	0
1000000	0	0	0	0	0	0	0	0	0	0
999999	1	0	0	0	0	0	0	0	0	0
999977	23	0	0	0	0	0	0	0	0	0
999957	43	0	0	0	0	0	0	0	0	0
999956	44	0	0	0	0	0	0	0	0	0
999955	45	0	0	0	0	0	0	0	0	0
999654	346	0	0	0	0	0	0	0	0	0
999983	17	0	0	0	0	0	0	0	0	0
999991	9	0	0	0	0	0	0	0	0	0
999968	32	0	0	0	0	0	0	0	0	0
999168	832	0	0	0	0	0	0	0	0	0
999931	69	0	0	0	0	0	0	0	0	0
999717	283	0	0	0	0	0	0	0	0	0
999279	721	0	0	0	0	0	0	0	0	0
999480	520	0	0	0	0	0	0	0	0	0
999696	304	0	0	0	0	0	0	0	0	0
998549	1451	0	0	0	0	0	0	0	0	0
999077	923	0	0	0	0	0	0	0	0	0
999159	841	0	0	0	0	0	0	0	0	0
996962	3035	3	0	0	0	0	0	0	0	0
998499	1498	3	0	0	0	0	0	0	0	0
996979	3017	4	0	0	0	0	0	0	0	0
992247	7735	18	0	0	0	0	0	0	0	0
988387	11571	42	0	0	0	0	0	0	0	0
997234	2765	1	0	0	0	0	0	0	0	0
986102	13848	50	0	0	0	0	0	0	0	0
988924	11010	66	0	0	0	0	0	0	0	0
985209	14653	138	0	0	0	0	0	0	0	0
979026	20747	225	2	0	0	0	0	0	0	0
975466	24265	267	2	0	0	0	0	0	0	0
966743	32852	400	5	0	0	0	0	0	0	0
952339	46869	785	7	0	0	0	0	0	0	0
951520	47497	975	8	0	0	0	0	0	0	0
940480	57824	1675	20	1	0	0	0	0	0	0
934147	63692	2100	60	1	0	0	0	0	0	0
910991	85135	3751	119	4	0	0	0	0	0	0
880835	112706	6215	239	4	1	0	0	0	0	0
821950	165051	12445	541	12	1	0	0	0	0	0
819454	163691	15761	1040	52	2	0	0	0	0	0
774298	200222	23556	1831	87	6	0	0	0	0	0
713100	245419	37548	3655	256	21	1	0	0	0	0
700000	255157	40552	3982	292	16	1	0	0	0	0
624208	297709	67355	9631	1014	73	7	3	0	0	0
560544	333013	89500	14925	1820	190	8	0	0	0	0
502551	345272	119233	27305	4872	662	97	8	0	0	0
388598	388927	169190	44118	7856	1187	113	11	0	0	0
388118	377680	171343	50203	10643	1746	235	32	0	0	0
244457	361541	247627	105903	31870	7101	1300	174	23	3	1
222228	341145	253077	123892	44463	12048	2607	470	65	5	0
141342	292901	284736	173986	75002	24152	6316	1303	230	30	2
122797	263480	275549	191355	96037	36691	10900	2607	485	82	17
49420	157547	245244	245007	170173	86444	33171	9955	2443	510	86
48995	149409	215912	217711	172571	109482	54917	21868	6857	1787	491
19108	76186	153741	207560	208457	161509	99218	48112	18614	5643	1852
12666	62875	119711	164787	183982	174823	134614	83482	40585	15896	6579
6476	27314	75854	127001	169452	182425	163603	120829	72367	35689	18990
3284	25278	62774	106893	135166	155168	158913	140179	103439	62588	46318
141198	2795	21682	54507	92075	115807	133745	135502	120476	88972	93241
