v1	v2	v3	v4	v5	v6	v7	v8	v9	v10	over10
1000000	0	0	0	0	0	0	0	0	0	0
1000000	0	0	0	0	0	0	0	0	0	0
1000000	0	0	0	0	0	0	0	0	0	0
1000000	0	0	0	0	0	0	0	0	0	0
1000000	0	0	0	0	0	0	0	0	0	0
1000000	0	0	0	0	0	0	0	0	0	0
1000000	0	0	0	0	0	0	0	0	0	0
1000000	0	0	0	0	0	0	0	0	0	0
1000000	0	0	0	0	0	0	0	0	0	0
1000000	0	0	0	0	0	0	0	0	0	0
1000000	0	0	0	0	0	0	0	0	0	0
1000000	0	0	0	0	0	0	0	0	0	0
1000000	0	0	0	0	0	0	0	0	0	0
1000000	0	0	0	0	0	0	0	0	0	0
1000000	0	0	0	0	0	0	0	0	0	0
1000000	0	0	0	0	0	0	0	0	0	0
1000000	0	0	0	0	0	0	0	0	0	0
1000000	0	0	0	0	0	0	0	0	0	0
1000000	0	0	0	0	0	0	0	0	0	0
1000000	0	0	0	0	0	0	0	0	0	0
1000000	0	0	0	0	0	0	0	0	0	0
1000000	0	0	0	0	0	0	0	0	0	0
1000000	0	0	0	0	0	0	0	0	0	0
1000000	0	0	0	0	0	0	0	0	0	0
1000000	0	0	0	0	0	0	0	0	0	0
1000000	0	0	0	0	0	0	0	0	0	0
1000000	0	0	0	0	0	0	0	0	0	0
1000000	0	0	0	0	0	0	0	0	0	0
1000000	0	0	0	0	0	0	0	0	0	0
1000000	0	0	0	0	0	0	0	0	0	0
1000000	0	0	0	0	0	0	0	0	0	0
1000000	0	0	0	0	0	0	0	0	0	0
1000000	0	0	0	0	0	0	0	0	0	0
1000000	0	0	0	0	0	0	0	0	0	0
1000000	0	0	0	0	0	0	0	0	0	0
1000000	0	0	0	0	0	0	0	0	0	0
1000000	0	0	0	0	0	0	0	0	0	0
1000000	0	0	0	0	0	0	0	0	0	0
1000000	0	0	0	0	0	0	0	0	0	0
1000000	0	0	0	0	0	0	0	0	0	0
1000000	0	0	0	0	0	0	0	0	0	0
1000000	0	0	0	0	0	0	0	0	0	0
1000000	0	0	0	0	0	0	0	0	0	0
1000000	0	0	0	0	0	0	0	0	0	0
1000000	0	0	0	0	0	0	0	0	0	0
999999	1	0	0	0	0	0	0	0	0	0
1000000	0	0	0	0	0	0	0	0	0	0
1000000	0	0	0	0	0	0	0	0	0	0
999996	4	0	0	0	0	0	0	0	0	0
1000000	0	0	0	0	0	0	0	0	0	0
1000000	0	0	0	0	0	0	0	0	0	0
1000000	0	0	0	0	0	0	0	0	0	0
999978	22	0	0	0	0	0	0	0	0	0
999999	1	0	0	0	0	0	0	0	0	0
999999	1	0	0	0	0	0	0	0	0	0
999986	14	0	0	0	0	0	0	0	0	0
999994	6	0	0	0	0	0	0	0	0	0
999999	1	0	0	0	0	0	0	0	0	0
999960	40	0	0	0	0	0	0	0	0	0
999983	17	0	0	0	0	0	0	0	0	0
999987	13	0	0	0	0	0	0	0	0	0
999893	107	0	0	0	0	0	0	0	0	0
999977	23	0	0	0	0	0	0	0	0	0
999920	80	0	0	0	0	0	0	0	0	0
999587	413	0	0	0	0	0	0	0	0	0
999191	809	0	0	0	0	0	0	0	0	0
999906	94	0	0	0	0	0	0	0	0	0
998604	1395	1	0	0	0	0	0	0	0	0
999330	670	0	0	0	0	0	0	0	0	0
998973	1027	0	0	0	0	0	0	0	0	0
998561	1437	2	0	0	0	0	0	0	0	0
998180	1816	4	0	0	0	0	0	0	0	0
996995	3002	3	0	0	0	0	0	0	0	0
994549	5444	7	0	0	0	0	0	0	0	0
995046	4941	13	0	0	0	0	0	0	0	0
993219	6754	27	0	0	0	0	0	0	0	0
991970	8000	30	0	0	0	0	0	0	0	0
987734	12202	64	0	0	0	0	0	0	0	0
980221	19609	168	2	0	0	0	0	0	0	0
965365	34247	387	1	0	0	0	0	0	0	0
962068	37249	676	7	0	0	0	0	0	0	0
949412	49444	1127	17	0	0	0	0	0	0	0
921786	75689	2473	52	0	0	0	0	0	0	0
923787	73739	2410	64	0	0	0	0	0	0	0
886800	107109	5877	207	6	1	0	0	0	0	0
851179	138872	9557	388	4	0	0	0	0	0	0
803973	175458	19077	1421	70	1	0	0	0	0	0
727573	237734	32166	2382	141	4	0	0	0	0	0
724635	236260	35525	3367	206	7	0	0	0	0	0
570093	329228	85833	13343	1384	107	12	0	0	0	0
535383	335601	104752	20939	2985	313	25	2	0	0	0
407611	379952	161520	42198	7573	1029	108	9	0	0	0
362993	376352	187090	58704	12643	1984	216	18	0	0	0
200888	333552	272471	136239	44764	10201	1667	198	18	2	0
185045	308643	258657	152309	67520	21586	5242	853	132	13	0
93297	216781	268101	217912	127567	54575	17043	3935	688	92	9
62883	180822	221442	215809	163295	96416	41920	13593	3190	539	91
33919	97110	186711	211819	198966	142667	80417	34256	11048	2590	497
17654	86195	144430	188257	181945	162470	114872	65038	27774	8940	2425
191930	14344	70030	116749	151335	147220	131105	93375	52631	22215	9066
