v1	v2	v3	v4	v5	v6	v7	v8	v9	v10	over10
1000000	0	0	0	0	0	0	0	0	0	0
1000000	0	0	0	0	0	0	0	0	0	0
1000000	0	0	0	0	0	0	0	0	0	0
1000000	0	0	0	0	0	0	0	0	0	0
1000000	0	0	0	0	0	0	0	0	0	0
1000000	0	0	0	0	0	0	0	0	0	0
1000000	0	0	0	0	0	0	0	0	0	0
1000000	0	0	0	0	0	0	0	0	0	0
1000000	0	0	0	0	0	0	0	0	0	0
1000000	0	0	0	0	0	0	0	0	0	0
1000000	0	0	0	0	0	0	0	0	0	0
1000000	0	0	0	0	0	0	0	0	0	0
1000000	0	0	0	0	0	0	0	0	0	0
1000000	0	0	0	0	0	0	0	0	0	0
1000000	0	0	0	0	0	0	0	0	0	0
1000000	0	0	0	0	0	0	0	0	0	0
1000000	0	0	0	0	0	0	0	0	0	0
1000000	0	0	0	0	0	0	0	0	0	0
1000000	0	0	0	0	0	0	0	0	0	0
1000000	0	0	0	0	0	0	0	0	0	0
1000000	0	0	0	0	0	0	0	0	0	0
1000000	0	0	0	0	0	0	0	0	0	0
1000000	0	0	0	0	0	0	0	0	0	0
1000000	0	0	0	0	0	0	0	0	0	0
1000000	0	0	0	0	0	0	0	0	0	0
999997	3	0	0	0	0	0	0	0	0	0
1000000	0	0	0	0	0	0	0	0	0	0
999993	7	0	0	0	0	0	0	0	0	0
1000000	0	0	0	0	0	0	0	0	0	0
999986	14	0	0	0	0	0	0	0	0	0
1000000	0	0	0	0	0	0	0	0	0	0
999982	18	0	0	0	0	0	0	0	0	0
999994	6	0	0	0	0	0	0	0	0	0
999984	16	0	0	0	0	0	0	0	0	0
1000000	0	0	0	0	0	0	0	0	0	0
999949	51	0	0	0	0	0	0	0	0	0
1000000	0	0	0	0	0	0	0	0	0	0
999969	31	0	0	0	0	0	0	0	0	0
999999	1	0	0	0	0	0	0	0	0	0
999888	112	0	0	0	0	0	0	0	0	0
999992	8	0	0	0	0	0	0	0	0	0
999928	72	0	0	0	0	0	0	0	0	0
999975	25	0	0	0	0	0	0	0	0	0
999817	183	0	0	0	0	0	0	0	0	0
999624	374	2	0	0	0	0	0	0	0	0
999251	749	0	0	0	0	0	0	0	0	0
999265	735	0	0	0	0	0	0	0	0	0
998905	1094	1	0	0	0	0	0	0	0	0
996998	3000	2	0	0	0	0	0	0	0	0
999533	467	0	0	0	0	0	0	0	0	0
999760	240	0	0	0	0	0	0	0	0	0
999124	875	1	0	0	0	0	0	0	0	0
994684	5315	1	0	0	0	0	0	0	0	0
998552	1448	0	0	0	0	0	0	0	0	0
996845	3148	7	0	0	0	0	0	0	0	0
994154	5837	9	0	0	0	0	0	0	0	0
994515	5474	11	0	0	0	0	0	0	0	0
996147	3852	1	0	0	0	0	0	0	0	0
989423	10555	22	0	0	0	0	0	0	0	0
990466	9507	27	0	0	0	0	0	0	0	0
991545	8431	24	0	0	0	0	0	0	0	0
979923	19959	117	1	0	0	0	0	0	0	0
987168	12745	87	0	0	0	0	0	0	0	0
978146	21646	208	0	0	0	0	0	0	0	0
958118	41326	556	0	0	0	0	0	0	0	0
946808	52073	1096	23	0	0	0	0	0	0	0
979106	20689	203	2	0	0	0	0	0	0	0
943256	55549	1183	12	0	0	0	0	0	0	0
944200	54327	1453	19	1	0	0	0	0	0	0
931571	65787	2561	80	1	0	0	0	0	0	0
907261	88519	4091	128	1	0	0	0	0	0	0
895551	99168	5097	180	4	0	0	0	0	0	0
872935	119648	7146	268	3	0	0	0	0	0	0
834864	153083	11475	555	22	1	0	0	0	0	0
828961	157052	13310	658	18	1	0	0	0	0	0
801077	178835	18790	1245	49	4	0	0	0	0	0
785742	190306	22093	1750	102	7	0	0	0	0	0
738780	225437	32138	3372	251	21	1	0	0	0	0
683308	265148	45807	5262	448	25	2	0	0	0	0
578455	330374	78761	11161	1138	100	9	2	0	0	0
587267	315047	81085	14360	1974	249	16	1	1	0	0
517499	348693	108293	21706	3347	416	41	5	0	0	0
445925	371208	141519	34412	5918	885	122	11	0	0	0
415910	379604	156153	39754	7351	1056	158	11	2	1	0
342178	376541	196159	65745	15820	3009	484	58	5	1	0
284558	374608	225252	85800	23663	5026	915	155	21	2	0
244844	347379	243363	111532	38882	10849	2531	491	110	17	2
155192	315759	288070	158147	60159	17422	4185	869	174	19	4
158053	305342	276210	161138	68283	22969	6229	1434	275	55	12
79321	216533	275138	221755	126696	54736	18770	5388	1331	265	67
71475	199049	259610	220396	139914	69204	27780	9097	2637	659	179
38225	135531	226530	241432	181479	103656	47334	18137	5659	1551	466
33905	118638	200418	224791	189039	124582	65839	28561	10153	3018	1056
9805	50567	122776	192743	216093	183173	120584	63709	27009	9558	3983
10654	52403	113945	162682	184133	174294	135499	87684	46956	20592	11158
3193	19756	59365	115139	163720	186482	171546	129761	80748	42238	28052
2143	17660	49722	89166	125903	154653	164102	150061	113552	71169	61869
1218	6556	24231	54874	94781	133563	158969	161772	140774	103526	119736
452	6078	22606	49861	77908	105009	128184	143298	144231	124428	197945
111013	427	5329	20276	44305	69182	92891	113392	128385	128319	286481
