1	1	1000000
2	1	1000000
3	1	1000000
4	1	1000000
5	1	1000000
6	1	1000000
7	1	1000000
8	1	1000000
9	1	1000000
10	1	1000000
11	1	1000000
12	1	1000000
13	1	1000000
14	1	1000000
15	1	1000000
16	1	1000000
17	1	1000000
18	1	1000000
19	1	1000000
20	1	1000000
21	1	1000000
22	1	1000000
23	1	1000000
24	1	1000000
25	1	1000000
26	1	1000000
27	1	1000000
28	1	1000000
29	1	1000000
30	1	1000000
31	1	1000000
32	1	1000000
33	1	1000000
34	1	1000000
35	1	1000000
36	1	1000000
37	1	1000000
38	1	1000000
39	1	1000000
40	1	1000000
41	1	1000000
42	1	1000000
43	1	1000000
44	1	1000000
45	1	1000000
46	1	999998	2	2
47	1	999999	2	1
48	1	999998	2	2
49	1	999967	2	33
50	1	999999	2	1
51	1	1000000
52	1	999999	2	1
53	1	999894	2	106
54	1	999997	2	3
55	1	999985	2	15
56	1	999922	2	78
57	1	999967	2	33
58	1	999976	2	24
59	1	999822	2	178
60	1	999924	2	76
61	1	999935	2	64	3	1
62	1	999576	2	424
63	1	999847	2	153
64	1	999640	2	360
65	1	998619	2	1379	3	2
66	1	997561	2	2439
67	1	999679	2	321
68	1	996493	2	3505	3	2
69	1	997844	2	2153	3	3
70	1	996862	2	3132	3	6
71	1	995578	2	4411	3	11
72	1	994675	2	5313	3	12
73	1	991960	2	8018	3	22
74	1	986878	2	13078	3	44
75	1	987343	2	12589	3	68
76	1	983499	2	16378	3	122	4	1
77	1	980908	2	18920	3	169	4	3
78	1	972457	2	27221	3	318	4	4
79	1	958931	2	40374	3	686	4	9
80	1	932520	2	65807	3	1652	4	21
81	1	928013	2	69551	3	2380	4	55	5	1
82	1	905926	2	89939	3	3989	4	144	5	2
83	1	866614	2	125238	3	7826	4	304	5	18
84	1	865248	2	126602	3	7854	4	290	5	6
85	1	811708	2	170626	3	16604	4	1021	5	39	6	2
86	1	764194	2	208941	3	24873	4	1875	5	112	6	4	7	1
87	1	708298	2	243658	3	42699	4	4892	5	426	6	25	7	2
88	1	611436	2	312647	3	66885	4	8300	5	680	6	49	7	3
89	1	609016	2	307418	3	71924	4	10416	5	1138	6	86	7	2
90	1	445472	2	372999	3	142372	4	33163	5	5326	6	605	7	59	8	4
91	1	413320	2	367603	3	161489	4	46353	5	9578	6	1492	7	142	8	20	9	3
92	1	296527	2	375855	3	221602	4	80810	5	20606	6	3973	7	556	8	66	9	5
93	1	259848	2	359254	3	238158	4	103259	5	31346	6	6837	7	1148	8	133	9	17
94	1	129313	2	275341	3	289286	4	189430	5	83406	6	26073	7	6019	8	994	9	120	10	18
95	1	121150	2	253245	3	262176	4	191418	5	107252	6	45890	7	14574	8	3593	9	612	10	85	11	4	12	1
96	1	55925	2	158353	3	237422	4	233645	5	169174	6	92092	7	37782	8	12089	9	2916	10	517	11	72	12	13
97	1	37545	2	131312	3	188559	4	208794	5	185635	6	132229	7	73090	8	30562	9	9458	10	2324	11	436	12	50	13	6
98	1	19909	2	65015	3	143387	4	187749	5	201620	6	169686	7	115786	8	61226	9	25329	10	7956	11	1946	12	336	13	49	14	6
99	1	10155	2	57972	3	112523	4	160568	5	171286	6	170283	7	141486	8	95407	9	50919	10	20813	11	6643	12	1582	13	309	14	46	15	7	16	1
100	1	170991	2	8229	3	48105	4	93290	5	132756	6	142579	7	141227	8	117255	9	78777	10	42346	11	17244	12	5612	13	1299	14	248	15	37	16	4	17	1
