1	1	1000000
2	1	1000000
3	1	1000000
4	1	1000000
5	1	1000000
6	1	1000000
7	1	1000000
8	1	1000000
9	1	1000000
10	1	1000000
11	1	1000000
12	1	1000000
13	1	1000000
14	1	1000000
15	1	1000000
16	1	1000000
17	1	1000000
18	1	1000000
19	1	1000000
20	1	1000000
21	1	1000000
22	1	1000000
23	1	1000000
24	1	1000000
25	1	1000000
26	1	1000000
27	1	1000000
28	1	1000000
29	1	1000000
30	1	1000000
31	1	1000000
32	1	1000000
33	1	1000000
34	1	1000000
35	1	1000000
36	1	1000000
37	1	1000000
38	1	1000000
39	1	1000000
40	1	1000000
41	1	1000000
42	1	999999	2	1
43	1	1000000
44	1	1000000
45	1	999997	2	3
46	1	999998	2	2
47	1	999994	2	6
48	1	999988	2	12
49	1	999940	2	60
50	1	999999	2	1
51	1	999999	2	1
52	1	999999	2	1
53	1	999768	2	232
54	1	999992	2	8
55	1	999965	2	35
56	1	999852	2	148
57	1	999896	2	104
58	1	999962	2	38
59	1	999621	2	379
60	1	999814	2	186
61	1	999833	2	167
62	1	999189	2	811
63	1	999727	2	273
64	1	999307	2	693
65	1	997508	2	2490	3	2
66	1	995951	2	4046	3	3
67	1	999357	2	643
68	1	994454	2	5543	3	3
69	1	996316	2	3677	3	7
70	1	994706	2	5276	3	18
71	1	992361	2	7609	3	30
72	1	991238	2	8725	3	37
73	1	987058	2	12880	3	61	4	1
74	1	979649	2	20217	3	134
75	1	980117	2	19723	3	159	4	1
76	1	974433	2	25311	3	255	4	1
77	1	970829	2	28784	3	384	4	3
78	1	958983	2	40265	3	746	4	6
79	1	940358	2	58152	3	1465	4	24	5	1
80	1	906019	2	90590	3	3326	4	62	5	3
81	1	901539	2	93571	3	4734	4	152	5	4
82	1	872775	2	119614	3	7331	4	275	5	5
83	1	826480	2	159229	3	13589	4	676	5	24	6	2
84	1	821741	2	163615	3	13893	4	723	5	28
85	1	760743	2	209909	3	27033	4	2182	5	126	6	5	7	2
86	1	706851	2	250030	3	39008	4	3843	5	246	6	21	7	1
87	1	648261	2	280320	3	61362	4	8987	5	991	6	72	7	7
88	1	544058	2	345369	3	93948	4	14941	5	1528	6	148	7	7	9	1
89	1	541358	2	339084	3	98708	4	18156	5	2435	6	235	7	23	8	1
90	1	378111	2	382933	3	176993	4	50365	5	9974	6	1426	7	175	8	23
91	1	349006	2	371317	3	194061	4	65856	5	16268	6	3018	7	407	8	63	9	4
92	1	241263	2	359537	3	249448	4	108326	5	32597	6	7348	7	1276	8	185	9	20
93	1	210293	2	334265	3	260019	4	132504	5	47509	6	12477	7	2479	8	402	9	45	10	7
94	1	98869	2	239254	3	284376	4	213579	5	109673	6	40603	7	10970	8	2246	9	374	10	53	11	3
95	1	93734	2	219749	3	254258	4	207370	5	130181	6	62696	7	23510	8	6720	9	1494	10	245	11	38	12	4	13	1
96	1	41342	2	129678	3	213572	4	233474	5	187229	6	114804	7	53571	8	19441	9	5475	10	1169	11	206	12	35	13	3	14	1
97	1	27424	2	106310	3	167086	4	199187	5	191079	6	150861	7	92822	8	43503	9	15981	10	4547	11	998	12	179	13	23
98	1	14544	2	51132	3	119955	4	170105	5	196734	6	179662	7	132668	8	79629	9	37302	10	13467	11	3810	12	830	13	137	14	20	15	4	16	1
99	1	7283	2	45481	3	95634	4	143286	5	162906	6	169533	7	150227	8	112638	9	66378	10	31071	11	11355	12	3360	13	702	14	122	15	22	16	2
100	1	161620	2	6087	3	38460	4	80619	5	120513	6	136626	7	142116	8	126186	9	93684	10	55281	11	25933	12	9493	13	2624	14	636	15	109	16	11	17	2
