1	1	1000000
2	1	1000000
3	1	1000000
4	1	1000000
5	1	1000000
6	1	1000000
7	1	1000000
8	1	1000000
9	1	1000000
10	1	1000000
11	1	1000000
12	1	1000000
13	1	1000000
14	1	1000000
15	1	1000000
16	1	1000000
17	1	1000000
18	1	1000000
19	1	1000000
20	1	1000000
21	1	1000000
22	1	999998	2	2
23	1	1000000
24	1	999984	2	16
25	1	1000000
26	1	999979	2	21
27	1	1000000
28	1	999968	2	32
29	1	1000000
30	1	999952	2	48
31	1	999999	2	1
32	1	999916	2	84
33	1	999945	2	55
34	1	999913	2	87
35	1	999994	2	6
36	1	999801	2	199
37	1	999996	2	4
38	1	999886	2	114
39	1	999984	2	16
40	1	999678	2	322
41	1	999953	2	47
42	1	999739	2	261
43	1	999911	2	89
44	1	999455	2	545
45	1	998933	2	1067
46	1	998163	2	1837
47	1	998107	2	1892	3	1
48	1	997418	2	2579	3	3
49	1	993749	2	6246	3	5
50	1	998682	2	1317	3	1
51	1	999187	2	812	3	1
52	1	997669	2	2328	3	3
53	1	990445	2	9554	3	1
54	1	996349	2	3640	3	11
55	1	993141	2	6840	3	19
56	1	988173	2	11804	3	23
57	1	988549	2	11374	3	77
58	1	990850	2	9131	3	18	4	1
59	1	979541	2	20312	3	147
60	1	980389	2	19490	3	121
61	1	982418	2	17439	3	143
62	1	962747	2	36707	3	532	4	14
63	1	974299	2	25337	3	359	4	5
64	1	958322	2	40924	3	745	4	9
65	1	928289	2	69790	3	1891	4	30
66	1	911863	2	84847	3	3184	4	102	5	4
67	1	959309	2	39930	3	750	4	11
68	1	908471	2	88009	3	3448	4	72
69	1	906562	2	89177	3	4145	4	115	5	1
70	1	886829	2	106353	3	6577	4	237	5	4
71	1	851798	2	137288	3	10358	4	536	5	19	6	1
72	1	835660	2	150510	3	12981	4	815	5	33	6	1
73	1	805869	2	176171	3	16828	4	1090	5	41	6	1
74	1	756737	2	214991	3	26226	4	1915	5	123	6	8
75	1	746270	2	221471	3	29723	4	2383	5	147	6	6
76	1	712239	2	243297	3	39877	4	4243	5	320	6	21	7	3
77	1	693960	2	255272	3	45006	4	5219	5	498	6	43	7	2
78	1	637123	2	289755	3	62623	4	9306	5	1074	6	108	7	8	8	3
79	1	576442	2	324918	3	82860	4	13919	5	1671	6	173	7	17
80	1	459792	2	376757	3	131495	4	27267	5	4115	6	516	7	54	8	3	9	1
81	1	474534	2	357605	3	129645	4	31337	5	5863	6	902	7	103	8	10	10	1
82	1	400958	2	377974	3	164262	4	45427	5	9504	6	1580	7	263	8	28	9	2	10	2
83	1	335105	2	383001	3	197932	4	64786	5	15537	6	3025	7	518	8	80	9	15	10	1
84	1	303800	2	380117	3	216005	4	75992	5	19306	6	3936	7	705	8	118	9	18	10	3
85	1	241702	2	354573	3	246146	4	110514	5	35598	6	9156	7	1904	8	333	9	60	10	12	11	2
86	1	192143	2	337349	3	268480	4	134449	5	49409	6	14121	7	3263	8	641	9	119	10	23	11	2	12	1
87	1	164948	2	301404	3	270584	4	158759	5	69976	6	24529	7	7406	8	1839	9	430	10	112	11	11	12	2
88	1	93969	2	247771	3	291399	4	208141	5	103567	6	39135	7	11843	8	3211	9	775	10	141	11	36	12	11	13	1
89	1	96993	2	240697	3	277305	4	204732	5	110793	6	46647	7	16535	8	4780	9	1160	10	289	11	55	12	9	13	5
90	1	43999	2	149276	3	239662	4	241252	5	172065	6	92775	7	40362	8	14577	9	4477	10	1196	11	289	12	56	13	11	14	3
91	1	39884	2	138186	3	221277	4	229529	5	177846	6	107500	7	52993	8	21847	9	7737	10	2373	11	647	12	146	13	27	14	6	15	2
92	1	19843	2	84909	3	174135	4	225823	5	206637	6	146508	7	82051	8	38082	9	14888	10	5162	11	1497	12	350	13	90	14	21	15	4
93	1	17668	2	75842	3	151505	4	200902	5	201721	6	159471	7	102176	8	53589	9	23937	10	8970	11	2976	12	911	13	248	14	69	15	9	16	6
94	1	4309	2	27026	3	79640	4	147823	5	196075	6	198938	7	157052	8	100415	9	52610	10	23213	11	8877	12	2887	13	858	14	214	15	45	16	17	17	1
95	1	5172	2	30164	3	77284	4	128400	5	161827	6	172953	7	156699	8	120341	9	76614	10	41389	11	18512	12	7249	13	2418	14	734	15	183	16	50	17	9	18	1	19	1
96	1	1360	2	9812	3	34920	4	77992	5	128664	6	166840	7	177263	8	154971	9	114067	10	70701	11	37132	12	16831	13	6397	14	2139	15	678	16	189	17	36	18	7	19	1
97	1	905	2	9216	3	30984	4	62978	5	97243	6	129011	7	152526	8	157776	9	137505	10	101869	11	63167	12	33289	13	14979	14	5841	15	1993	16	546	17	130	18	36	19	5	20	1
98	1	493	2	3256	3	13336	4	34654	5	66689	6	104281	7	137173	8	156019	9	152988	10	129237	11	93610	12	57450	13	30042	14	13192	15	5239	16	1682	17	492	18	131	19	29	20	2	21	4	22	1
99	1	202	2	3004	3	13541	4	33471	5	57743	6	81734	7	106181	8	127693	9	141191	10	137627	11	116202	12	83629	13	51840	14	27130	15	12010	16	4625	17	1561	18	464	19	113	20	34	21	5
100	1	101240	2	177	3	2669	4	12110	5	30121	6	51517	7	73973	8	95512	9	114495	10	126904	11	123486	12	103755	13	75901	14	46640	15	24440	16	10948	17	4159	18	1381	19	423	20	116	21	30	22	3
