v1	v2	v3	v4	v5	v6	v7	v8	v9	v10	over10
1000000	0	0	0	0	0	0	0	0	0	0
1000000	0	0	0	0	0	0	0	0	0	0
1000000	0	0	0	0	0	0	0	0	0	0
1000000	0	0	0	0	0	0	0	0	0	0
1000000	0	0	0	0	0	0	0	0	0	0
1000000	0	0	0	0	0	0	0	0	0	0
1000000	0	0	0	0	0	0	0	0	0	0
1000000	0	0	0	0	0	0	0	0	0	0
1000000	0	0	0	0	0	0	0	0	0	0
1000000	0	0	0	0	0	0	0	0	0	0
1000000	0	0	0	0	0	0	0	0	0	0
1000000	0	0	0	0	0	0	0	0	0	0
1000000	0	0	0	0	0	0	0	0	0	0
1000000	0	0	0	0	0	0	0	0	0	0
1000000	0	0	0	0	0	0	0	0	0	0
1000000	0	0	0	0	0	0	0	0	0	0
1000000	0	0	0	0	0	0	0	0	0	0
1000000	0	0	0	0	0	0	0	0	0	0
1000000	0	0	0	0	0	0	0	0	0	0
1000000	0	0	0	0	0	0	0	0	0	0
1000000	0	0	0	0	0	0	0	0	0	0
1000000	0	0	0	0	0	0	0	0	0	0
1000000	0	0	0	0	0	0	0	0	0	0
1000000	0	0	0	0	0	0	0	0	0	0
1000000	0	0	0	0	0	0	0	0	0	0
1000000	0	0	0	0	0	0	0	0	0	0
1000000	0	0	0	0	0	0	0	0	0	0
1000000	0	0	0	0	0	0	0	0	0	0
1000000	0	0	0	0	0	0	0	0	0	0
1000000	0	0	0	0	0	0	0	0	0	0
1000000	0	0	0	0	0	0	0	0	0	0
1000000	0	0	0	0	0	0	0	0	0	0
1000000	0	0	0	0	0	0	0	0	0	0
1000000	0	0	0	0	0	0	0	0	0	0
1000000	0	0	0	0	0	0	0	0	0	0
1000000	0	0	0	0	0	0	0	0	0	0
1000000	0	0	0	0	0	0	0	0	0	0
1000000	0	0	0	0	0	0	0	0	0	0
1000000	0	0	0	0	0	0	0	0	0	0
1000000	0	0	0	0	0	0	0	0	0	0
1000000	0	0	0	0	0	0	0	0	0	0
1000000	0	0	0	0	0	0	0	0	0	0
1000000	0	0	0	0	0	0	0	0	0	0
1000000	0	0	0	0	0	0	0	0	0	0
1000000	0	0	0	0	0	0	0	0	0	0
999998	2	0	0	0	0	0	0	0	0	0
999999	1	0	0	0	0	0	0	0	0	0
999998	2	0	0	0	0	0	0	0	0	0
999967	33	0	0	0	0	0	0	0	0	0
999999	1	0	0	0	0	0	0	0	0	0
1000000	0	0	0	0	0	0	0	0	0	0
999999	1	0	0	0	0	0	0	0	0	0
999894	106	0	0	0	0	0	0	0	0	0
999997	3	0	0	0	0	0	0	0	0	0
999985	15	0	0	0	0	0	0	0	0	0
999922	78	0	0	0	0	0	0	0	0	0
999967	33	0	0	0	0	0	0	0	0	0
999976	24	0	0	0	0	0	0	0	0	0
999822	178	0	0	0	0	0	0	0	0	0
999924	76	0	0	0	0	0	0	0	0	0
999935	64	1	0	0	0	0	0	0	0	0
999576	424	0	0	0	0	0	0	0	0	0
999847	153	0	0	0	0	0	0	0	0	0
999640	360	0	0	0	0	0	0	0	0	0
998619	1379	2	0	0	0	0	0	0	0	0
997561	2439	0	0	0	0	0	0	0	0	0
999679	321	0	0	0	0	0	0	0	0	0
996493	3505	2	0	0	0	0	0	0	0	0
997844	2153	3	0	0	0	0	0	0	0	0
996862	3132	6	0	0	0	0	0	0	0	0
995578	4411	11	0	0	0	0	0	0	0	0
994675	5313	12	0	0	0	0	0	0	0	0
991960	8018	22	0	0	0	0	0	0	0	0
986878	13078	44	0	0	0	0	0	0	0	0
987343	12589	68	0	0	0	0	0	0	0	0
983499	16378	122	1	0	0	0	0	0	0	0
980908	18920	169	3	0	0	0	0	0	0	0
972457	27221	318	4	0	0	0	0	0	0	0
958931	40374	686	9	0	0	0	0	0	0	0
932520	65807	1652	21	0	0	0	0	0	0	0
928013	69551	2380	55	1	0	0	0	0	0	0
905926	89939	3989	144	2	0	0	0	0	0	0
866614	125238	7826	304	18	0	0	0	0	0	0
865248	126602	7854	290	6	0	0	0	0	0	0
811708	170626	16604	1021	39	2	0	0	0	0	0
764194	208941	24873	1875	112	4	1	0	0	0	0
708298	243658	42699	4892	426	25	2	0	0	0	0
611436	312647	66885	8300	680	49	3	0	0	0	0
609016	307418	71924	10416	1138	86	2	0	0	0	0
445472	372999	142372	33163	5326	605	59	4	0	0	0
413320	367603	161489	46353	9578	1492	142	20	3	0	0
296527	375855	221602	80810	20606	3973	556	66	5	0	0
259848	359254	238158	103259	31346	6837	1148	133	17	0	0
129313	275341	289286	189430	83406	26073	6019	994	120	18	0
121150	253245	262176	191418	107252	45890	14574	3593	612	85	5
55925	158353	237422	233645	169174	92092	37782	12089	2916	517	85
37545	131312	188559	208794	185635	132229	73090	30562	9458	2324	492
19909	65015	143387	187749	201620	169686	115786	61226	25329	7956	2337
10155	57972	112523	160568	171286	170283	141486	95407	50919	20813	8588
170991	8229	48105	93290	132756	142579	141227	117255	78777	42346	24445
