1	1	1000000
2	1	1000000
3	1	1000000
4	1	1000000
5	1	1000000
6	1	1000000
7	1	1000000
8	1	1000000
9	1	1000000
10	1	1000000
11	1	1000000
12	1	1000000
13	1	1000000
14	1	1000000
15	1	1000000
16	1	1000000
17	1	1000000
18	1	1000000
19	1	1000000
20	1	1000000
21	1	1000000
22	1	1000000
23	1	1000000
24	1	1000000
25	1	1000000
26	1	1000000
27	1	1000000
28	1	1000000
29	1	1000000
30	1	1000000
31	1	1000000
32	1	1000000
33	1	1000000
34	1	999998	2	2
35	1	1000000
36	1	999997	2	3
37	1	1000000
38	1	999999	2	1
39	1	1000000
40	1	999996	2	4
41	1	1000000
42	1	999995	2	5
43	1	1000000
44	1	999979	2	21
45	1	999948	2	52
46	1	999898	2	102
47	1	999904	2	96
48	1	999820	2	180
49	1	999267	2	733
50	1	999955	2	45
51	1	999974	2	26
52	1	999893	2	107
53	1	998481	2	1519
54	1	999798	2	202
55	1	999373	2	627
56	1	998509	2	1491
57	1	998867	2	1132	3	1
58	1	999311	2	689
59	1	997145	2	2853	3	2
60	1	997911	2	2089
61	1	998078	2	1919	3	3
62	1	994160	2	5832	3	8
63	1	996927	2	3071	3	2
64	1	994113	2	5870	3	17
65	1	986060	2	13899	3	41
66	1	980425	2	19448	3	125	4	2
67	1	994564	2	5427	3	9
68	1	977881	2	21979	3	140
69	1	980725	2	19129	3	145	4	1
70	1	975486	2	24134	3	378	4	2
71	1	965306	2	34142	3	546	4	6
72	1	959609	2	39610	3	770	4	11
73	1	947334	2	51479	3	1168	4	19
74	1	927008	2	70850	3	2111	4	31
75	1	925409	2	72122	3	2422	4	46	5	1
76	1	909673	2	86432	3	3815	4	77	5	3
77	1	901363	2	93715	3	4751	4	165	5	6
78	1	871416	2	120373	3	7829	4	373	5	9
79	1	832239	2	154562	3	12486	4	686	5	27
80	1	758277	2	215526	3	24497	4	1611	5	86	6	3
81	1	758595	2	210427	3	28251	4	2529	5	188	6	10
82	1	704704	2	249760	3	40841	4	4324	5	350	6	20	7	1
83	1	638187	2	292394	3	60720	4	7874	5	772	6	49	7	4
84	1	618035	2	305266	3	66778	4	8983	5	855	6	73	7	10
85	1	539002	2	337687	3	101174	4	19140	5	2673	6	291	7	31	8	2
86	1	473230	2	366177	3	127330	4	28198	5	4460	6	541	7	60	8	4
87	1	418997	2	365202	3	158477	4	45472	5	9780	6	1790	7	255	8	20	9	7
88	1	307062	2	387034	3	214203	4	71694	5	16510	6	3022	7	422	8	49	9	3	10	1
89	1	308430	2	373275	3	214560	4	78007	5	20583	6	4311	7	712	8	106	9	14	10	2
90	1	181409	2	326859	3	274370	4	144156	5	54202	6	14961	7	3361	8	575	9	91	10	13	11	3
91	1	164408	2	305416	3	272063	4	159025	5	68483	6	22797	7	6175	8	1325	9	264	10	37	11	6	12	1
92	1	99227	2	244941	3	283454	4	206636	5	106438	6	42303	7	12973	8	3208	9	656	10	146	11	17	12	1
93	1	86153	2	216468	3	265067	4	215571	5	128775	6	58849	7	21116	8	6122	9	1482	10	334	11	52	12	9	13	2
94	1	31527	2	117271	3	210259	4	243215	5	197204	6	118898	7	54729	8	19611	9	5547	10	1383	11	300	12	48	13	7	14	1
95	1	32516	2	112633	3	185675	4	210007	5	188045	6	135847	7	78983	8	36875	9	13942	10	4164	11	1036	12	232	13	42	14	2	15	1
96	1	11649	2	53233	3	121056	4	182855	5	205053	6	180595	7	125665	8	71118	9	32128	10	11867	11	3616	12	906	13	213	14	42	15	2	16	2
97	1	7721	2	44593	3	95773	4	141233	5	171053	6	176891	7	152987	8	107130	9	60832	10	27705	11	10085	12	3034	13	783	14	152	15	25	16	2	17	1
98	1	4137	2	18311	3	55762	4	102293	5	148040	6	173392	7	171310	8	140712	9	95988	10	53483	11	24161	12	8872	13	2718	14	648	15	137	16	32	17	3	19	1
99	1	2026	2	17023	3	47869	4	87308	5	117362	6	141627	7	154841	8	148976	9	121910	10	83004	11	46228	12	21058	13	7673	14	2372	15	582	16	111	17	24	18	6
100	1	131577	2	1660	3	14869	4	41863	5	75305	6	101906	7	122962	8	134129	9	129595	10	105971	11	72523	12	40255	13	18064	14	6693	15	2002	16	493	17	105	18	26	19	2
