1	1	1000000
2	1	1000000
3	1	1000000
4	1	1000000
5	1	1000000
6	1	1000000
7	1	1000000
8	1	1000000
9	1	1000000
10	1	1000000
11	1	1000000
12	1	1000000
13	1	1000000
14	1	1000000
15	1	1000000
16	1	1000000
17	1	1000000
18	1	1000000
19	1	1000000
20	1	1000000
21	1	1000000
22	1	1000000
23	1	1000000
24	1	1000000
25	1	1000000
26	1	999999	2	1
27	1	1000000
28	1	999998	2	2
29	1	1000000
30	1	999999	2	1
31	1	1000000
32	1	999997	2	3
33	1	999999	2	1
34	1	999994	2	6
35	1	1000000
36	1	999992	2	8
37	1	1000000
38	1	999993	2	7
39	1	1000000
40	1	999965	2	35
41	1	999999	2	1
42	1	999978	2	22
43	1	999999	2	1
44	1	999944	2	56
45	1	999865	2	135
46	1	999734	2	266
47	1	999693	2	307
48	1	999606	2	394
49	1	998537	2	1463
50	1	999854	2	146
51	1	999892	2	108
52	1	999672	2	328
53	1	997131	2	2869
54	1	999451	2	548	3	1
55	1	998633	2	1366	3	1
56	1	996984	2	3015	3	1
57	1	997592	2	2405	3	3
58	1	998328	2	1672
59	1	994588	2	5403	3	9
60	1	995603	2	4390	3	7
61	1	996094	2	3897	3	9
62	1	989265	2	10703	3	32
63	1	993650	2	6326	3	24
64	1	988481	2	11459	3	59	4	1
65	1	975861	2	23944	3	195
66	1	967761	2	31871	3	362	4	6
67	1	989207	2	10746	3	47
68	1	964662	2	34927	3	407	4	4
69	1	967186	2	32288	3	517	4	9
70	1	958935	2	40075	3	977	4	13
71	1	942671	2	55777	3	1519	4	33
72	1	935116	2	62860	3	1981	4	41	5	2
73	1	917809	2	79326	3	2790	4	75
74	1	889778	2	105040	3	5017	4	162	5	3
75	1	886451	2	107546	3	5822	4	177	5	4
76	1	865012	2	125945	3	8679	4	357	5	7
77	1	853308	2	135715	3	10429	4	527	5	21
78	1	814988	2	167632	3	16236	4	1090	5	50	6	4
79	1	768237	2	205349	3	24326	4	1982	5	105	6	1
80	1	677961	2	272672	3	44782	4	4269	5	293	6	22	7	1
81	1	681104	2	263058	3	49020	4	6201	5	570	6	47
82	1	618173	2	302567	3	68258	4	9822	5	1065	6	104	7	9	8	1	9	1
83	1	548563	2	337354	3	94661	4	16962	5	2212	6	226	7	20	8	1	9	1
84	1	523271	2	349868	3	104799	4	19211	5	2511	6	311	7	25	8	4
85	1	443127	2	366942	3	145320	4	36766	5	6686	6	1020	7	128	8	9	9	2
86	1	379091	2	382847	3	174403	4	50892	5	10676	6	1817	7	245	8	25	9	4
87	1	332242	2	366812	3	202496	4	72853	5	20162	6	4440	7	842	8	128	9	20	10	5
88	1	227408	2	363984	3	256991	4	109644	5	33018	6	7310	7	1383	8	228	9	29	10	4	11	1
89	1	229073	2	351212	3	252021	4	115829	5	38898	6	10350	7	2164	8	371	9	69	10	12	11	1
90	1	125765	2	277336	3	286129	4	185954	5	85107	6	29362	7	8136	8	1753	9	400	10	51	11	7
91	1	113806	2	257284	3	274637	4	194857	5	100702	6	40890	7	13241	8	3582	9	814	10	156	11	25	12	6
92	1	64803	2	190994	3	264861	4	231954	5	143465	6	68077	7	25434	8	7750	9	2102	10	463	11	79	12	15	13	2	15	1
93	1	56619	2	166966	3	239188	4	228436	5	162371	6	88812	7	38691	8	13725	9	3985	10	950	11	201	12	48	13	7	14	1
94	1	18247	2	80435	3	168868	4	225761	5	215179	6	153306	7	84149	8	36535	9	12591	10	3743	11	900	12	239	13	42	14	3	15	2
95	1	19554	2	80360	3	151156	4	191787	5	192710	6	159105	7	106512	8	58747	9	26461	10	9720	11	2951	12	746	13	163	14	21	15	7
96	1	6628	2	34274	3	88979	4	150665	5	191218	6	189987	7	152411	8	98588	9	52729	10	23021	11	8211	12	2474	13	629	14	147	15	32	16	7
97	1	4283	2	29391	3	71480	4	116134	5	150798	6	170163	7	164126	8	131072	9	85998	10	45967	11	20369	12	7298	13	2197	14	560	15	124	16	33	17	5	18	2
98	1	2288	2	11489	3	38694	4	78197	5	122848	6	157257	7	169572	8	155780	9	120046	10	76183	11	40628	12	17856	13	6537	14	1986	15	490	16	121	17	23	18	5
99	1	981	2	10753	3	34598	4	67897	5	97901	6	124082	7	144214	8	151046	9	137106	10	105228	11	67082	12	35659	13	15648	14	5527	15	1730	16	422	17	104	18	20	19	2
100	1	120882	2	865	3	9359	4	30477	5	59799	6	86474	7	109377	8	126945	9	132174	10	120428	11	92295	12	59177	13	30911	14	14016	15	4864	16	1458	17	392	18	86	19	18	20	2	21	1
