1	1	1000000
2	1	1000000
3	1	1000000
4	1	1000000
5	1	1000000
6	1	1000000
7	1	1000000
8	1	1000000
9	1	1000000
10	1	1000000
11	1	1000000
12	1	1000000
13	1	1000000
14	1	1000000
15	1	1000000
16	1	1000000
17	1	1000000
18	1	1000000
19	1	1000000
20	1	1000000
21	1	1000000
22	1	1000000
23	1	1000000
24	1	1000000
25	1	1000000
26	1	1000000
27	1	1000000
28	1	1000000
29	1	1000000
30	1	1000000
31	1	1000000
32	1	1000000
33	1	1000000
34	1	1000000
35	1	1000000
36	1	1000000
37	1	1000000
38	1	1000000
39	1	1000000
40	1	1000000
41	1	1000000
42	1	1000000
43	1	1000000
44	1	999999	2	1
45	1	999995	2	5
46	1	999993	2	7
47	1	999985	2	15
48	1	999980	2	20
49	1	999855	2	145
50	1	999996	2	4
51	1	999998	2	2
52	1	999987	2	13
53	1	999622	2	378
54	1	999977	2	23
55	1	999904	2	96
56	1	999657	2	343
57	1	999761	2	239
58	1	999887	2	113
59	1	999255	2	745
60	1	999589	2	411
61	1	999617	2	383
62	1	998416	2	1584
63	1	999303	2	697
64	1	998534	2	1466
65	1	995438	2	4556	3	6
66	1	993249	2	6740	3	11
67	1	998603	2	1394	3	3
68	1	991295	2	8685	3	20
69	1	993459	2	6524	3	17
70	1	991218	2	8728	3	53	4	1
71	1	987486	2	12444	3	70
72	1	985118	2	14771	3	110	4	1
73	1	979230	2	20614	3	155	4	1
74	1	968681	2	30981	3	336	4	2
75	1	968625	2	30955	3	416	4	4
76	1	961152	2	38160	3	681	4	7
77	1	955827	2	43263	3	901	4	9
78	1	939276	2	58991	3	1691	4	42
79	1	915902	2	80944	3	3082	4	68	5	4
80	1	869635	2	123542	3	6610	4	209	5	4
81	1	866024	2	125019	3	8540	4	405	5	12
82	1	830035	2	155927	3	13261	4	742	5	33	6	1	7	1
83	1	775310	2	200176	3	22834	4	1592	5	87	6	1
84	1	767691	2	206379	3	24147	4	1691	5	88	6	4
85	1	698706	2	252643	3	43583	4	4687	5	353	6	24	7	4
86	1	638946	2	293259	3	59362	4	7658	5	724	6	48	7	2	8	1
87	1	579199	2	315557	3	87041	4	15677	5	2258	6	244	7	24
88	1	467471	2	374440	3	127920	4	25982	5	3767	6	380	7	37	8	2	11	1
89	1	467523	2	363309	3	132569	4	30606	5	5244	6	662	7	79	8	8
90	1	310895	2	378632	3	213861	4	74542	5	18097	6	3420	7	489	8	55	9	9
91	1	285193	2	362564	3	225582	4	91896	5	27144	6	6281	7	1165	8	155	9	20
92	1	188957	2	331896	3	272015	4	139755	5	50454	6	13427	7	2937	8	461	9	86	10	12
93	1	164112	2	303457	3	273163	4	161647	5	69134	6	21929	7	5368	8	1008	9	157	10	22	11	2	12	1
94	1	71821	2	198642	3	270172	4	234639	5	139285	6	60255	7	19249	8	4850	9	917	10	148	11	21	13	1
95	1	69547	2	184541	3	238942	4	216758	5	152403	6	84974	7	36672	8	12280	9	3137	10	625	11	106	12	14	13	1
96	1	28754	2	102147	3	184859	4	224407	5	201446	6	139125	7	74298	8	31068	9	10503	10	2718	11	556	12	101	13	17	14	1
97	1	19243	2	83429	3	144156	4	184225	5	191005	6	164835	7	113751	8	61707	9	26220	10	8690	11	2179	12	469	13	78	14	13
98	1	10160	2	38334	3	97649	4	150065	5	184740	6	184508	7	149921	8	99889	9	52685	10	22382	11	7344	12	1894	13	366	14	54	15	8	16	1
99	1	5009	2	34495	3	79312	4	125609	5	150359	6	164816	7	156781	8	128167	9	84204	10	44560	11	18599	12	6170	13	1535	14	309	15	66	16	8	17	1
100	1	151305	2	4126	3	29460	4	67838	5	106757	6	127703	7	139403	8	133529	9	108027	10	71003	11	37989	12	15900	13	5273	14	1349	15	282	16	50	17	6
