1	1	1000000
2	1	1000000
3	1	1000000
4	1	1000000
5	1	1000000
6	1	1000000
7	1	1000000
8	1	1000000
9	1	1000000
10	1	1000000
11	1	1000000
12	1	1000000
13	1	1000000
14	1	1000000
15	1	1000000
16	1	1000000
17	1	1000000
18	1	1000000
19	1	1000000
20	1	1000000
21	1	1000000
22	1	1000000
23	1	1000000
24	1	1000000
25	1	1000000
26	1	1000000
27	1	1000000
28	1	1000000
29	1	1000000
30	1	1000000
31	1	1000000
32	1	1000000
33	1	1000000
34	1	1000000
35	1	1000000
36	1	1000000
37	1	1000000
38	1	1000000
39	1	1000000
40	1	1000000
41	1	1000000
42	1	1000000
43	1	1000000
44	1	1000000
45	1	1000000
46	1	999999	2	1
47	1	1000000
48	1	1000000
49	1	999996	2	4
50	1	1000000
51	1	1000000
52	1	1000000
53	1	999978	2	22
54	1	999999	2	1
55	1	999999	2	1
56	1	999986	2	14
57	1	999994	2	6
58	1	999999	2	1
59	1	999960	2	40
60	1	999983	2	17
61	1	999987	2	13
62	1	999893	2	107
63	1	999977	2	23
64	1	999920	2	80
65	1	999587	2	413
66	1	999191	2	809
67	1	999906	2	94
68	1	998604	2	1395	3	1
69	1	999330	2	670
70	1	998973	2	1027
71	1	998561	2	1437	3	2
72	1	998180	2	1816	3	4
73	1	996995	2	3002	3	3
74	1	994549	2	5444	3	7
75	1	995046	2	4941	3	13
76	1	993219	2	6754	3	27
77	1	991970	2	8000	3	30
78	1	987734	2	12202	3	64
79	1	980221	2	19609	3	168	4	2
80	1	965365	2	34247	3	387	4	1
81	1	962068	2	37249	3	676	4	7
82	1	949412	2	49444	3	1127	4	17
83	1	921786	2	75689	3	2473	4	52
84	1	923787	2	73739	3	2410	4	64
85	1	886800	2	107109	3	5877	4	207	5	6	6	1
86	1	851179	2	138872	3	9557	4	388	5	4
87	1	803973	2	175458	3	19077	4	1421	5	70	6	1
88	1	727573	2	237734	3	32166	4	2382	5	141	6	4
89	1	724635	2	236260	3	35525	4	3367	5	206	6	7
90	1	570093	2	329228	3	85833	4	13343	5	1384	6	107	7	12
91	1	535383	2	335601	3	104752	4	20939	5	2985	6	313	7	25	8	2
92	1	407611	2	379952	3	161520	4	42198	5	7573	6	1029	7	108	8	9
93	1	362993	2	376352	3	187090	4	58704	5	12643	6	1984	7	216	8	18
94	1	200888	2	333552	3	272471	4	136239	5	44764	6	10201	7	1667	8	198	9	18	10	2
95	1	185045	2	308643	3	258657	4	152309	5	67520	6	21586	7	5242	8	853	9	132	10	13
96	1	93297	2	216781	3	268101	4	217912	5	127567	6	54575	7	17043	8	3935	9	688	10	92	11	9
97	1	62883	2	180822	3	221442	4	215809	5	163295	6	96416	7	41920	8	13593	9	3190	10	539	11	85	12	6
98	1	33919	2	97110	3	186711	4	211819	5	198966	6	142667	7	80417	8	34256	9	11048	10	2590	11	437	12	56	13	4
99	1	17654	2	86195	3	144430	4	188257	5	181945	6	162470	7	114872	8	65038	9	27774	10	8940	11	2023	12	353	13	47	14	2
100	1	191930	2	14344	3	70030	4	116749	5	151335	6	147220	7	131105	8	93375	9	52631	10	22215	11	7069	12	1667	13	293	14	35	15	2
