1	1	1000000
2	1	1000000
3	1	1000000
4	1	1000000
5	1	1000000
6	1	1000000
7	1	1000000
8	1	1000000
9	1	1000000
10	1	1000000
11	1	1000000
12	1	1000000
13	1	1000000
14	1	1000000
15	1	1000000
16	1	1000000
17	1	1000000
18	1	1000000
19	1	1000000
20	1	1000000
21	1	1000000
22	1	1000000
23	1	1000000
24	1	1000000
25	1	1000000
26	1	1000000
27	1	1000000
28	1	1000000
29	1	1000000
30	1	1000000
31	1	1000000
32	1	1000000
33	1	1000000
34	1	1000000
35	1	1000000
36	1	1000000
37	1	1000000
38	1	1000000
39	1	1000000
40	1	1000000
41	1	1000000
42	1	1000000
43	1	1000000
44	1	1000000
45	1	1000000
46	1	1000000
47	1	1000000
48	1	1000000
49	1	1000000
50	1	1000000
51	1	1000000
52	1	1000000
53	1	1000000
54	1	1000000
55	1	1000000
56	1	1000000
57	1	1000000
58	1	1000000
59	1	1000000
60	1	1000000
61	1	1000000
62	1	1000000
63	1	1000000
64	1	1000000
65	1	999998	2	2
66	1	999983	2	17
67	1	1000000
68	1	999951	2	49
69	1	999991	2	9
70	1	999977	2	23
71	1	999976	2	24
72	1	999971	2	29
73	1	999935	2	65
74	1	999788	2	212
75	1	999856	2	144
76	1	999734	2	266
77	1	999659	2	341
78	1	999434	2	566
79	1	998691	2	1307	3	2
80	1	997177	2	2822	3	1
81	1	996641	2	3356	3	3
82	1	995278	2	4719	3	3
83	1	989773	2	10198	3	29
84	1	991669	2	8303	3	28
85	1	983878	2	16002	3	120
86	1	975625	2	24171	3	203	4	1
87	1	958483	2	40629	3	879	4	9
88	1	935117	2	63213	3	1655	4	15
89	1	932502	2	65444	3	2000	4	52	5	2
90	1	854418	2	136144	3	9113	4	316	5	9
91	1	828094	2	155706	3	15319	4	845	5	35	6	1
92	1	730811	2	233468	3	32803	4	2758	5	151	6	9
93	1	685328	2	263556	3	46217	4	4578	5	306	6	15
94	1	491328	2	357001	3	124116	4	24531	5	2846	6	170	7	8
95	1	448465	2	355785	3	146446	4	40727	5	7577	6	919	7	76	8	5
96	1	277925	2	352595	3	236707	4	99096	5	27804	6	5151	7	658	8	62	9	2
97	1	200438	2	320945	3	243486	4	148965	5	63170	6	18790	7	3682	8	482	9	39	10	3
98	1	113557	2	221846	3	278170	4	203415	5	118343	6	47941	7	13689	8	2662	9	354	10	22	11	1
99	1	62167	2	199896	3	230973	4	221885	5	150517	6	86839	7	35580	8	9964	9	1941	10	212	11	25	12	1
100	1	262309	2	46054	3	146587	4	170004	5	163951	6	111019	7	64364	8	26493	9	7475	10	1531	11	200	12	13
