1	1	1000000
2	1	1000000
3	1	1000000
4	1	1000000
5	1	1000000
6	1	1000000
7	1	1000000
8	1	1000000
9	1	1000000
10	1	1000000
11	1	1000000
12	1	1000000
13	1	1000000
14	1	1000000
15	1	1000000
16	1	1000000
17	1	1000000
18	1	1000000
19	1	1000000
20	1	1000000
21	1	1000000
22	1	1000000
23	1	1000000
24	1	1000000
25	1	1000000
26	1	1000000
27	1	1000000
28	1	1000000
29	1	1000000
30	1	1000000
31	1	1000000
32	1	1000000
33	1	1000000
34	1	1000000
35	1	1000000
36	1	1000000
37	1	1000000
38	1	1000000
39	1	1000000
40	1	1000000
41	1	1000000
42	1	1000000
43	1	1000000
44	1	1000000
45	1	1000000
46	1	1000000
47	1	1000000
48	1	1000000
49	1	1000000
50	1	1000000
51	1	1000000
52	1	1000000
53	1	1000000
54	1	1000000
55	1	1000000
56	1	1000000
57	1	1000000
58	1	1000000
59	1	1000000
60	1	1000000
61	1	1000000
62	1	999999	2	1
63	1	999999	2	1
64	1	1000000
65	1	999994	2	6
66	1	999979	2	21
67	1	1000000
68	1	999914	2	86
69	1	999991	2	9
70	1	999966	2	34
71	1	999945	2	55
72	1	999947	2	53
73	1	999887	2	113
74	1	999655	2	345
75	1	999765	2	235
76	1	999600	2	400
77	1	999492	2	508
78	1	999132	2	868
79	1	998096	2	1901	3	3
80	1	996011	2	3987	3	2
81	1	995224	2	4768	3	8
82	1	993218	2	6769	3	13
83	1	986032	2	13896	3	72
84	1	988090	2	11873	3	37
85	1	978365	2	21447	3	186	4	2
86	1	967837	2	31751	3	404	4	8
87	1	947299	2	51268	3	1397	4	36
88	1	919081	2	78372	3	2502	4	45
89	1	916539	2	80294	3	3100	4	65	5	2
90	1	827845	2	158971	3	12632	4	535	5	17
91	1	798881	2	179036	3	20641	4	1371	5	68	6	3
92	1	694380	2	258868	3	42242	4	4184	5	311	6	14	7	1
93	1	647013	2	287084	3	58468	4	6892	5	518	6	25
94	1	450763	2	367613	3	144485	4	32420	5	4360	6	338	7	20	8	1
95	1	410205	2	361833	3	164712	4	50906	5	10652	6	1541	7	141	8	10
96	1	248172	2	342585	3	249482	4	115322	5	35672	6	7610	7	1030	8	119	9	8
97	1	176080	2	307575	3	247130	4	162926	5	75529	6	24749	7	5222	8	714	9	73	10	2
98	1	99895	2	204142	3	271936	4	210331	5	132470	6	58233	7	18394	8	3982	9	558	10	54	11	4	12	1
99	1	54723	2	183079	3	221516	4	222886	5	158930	6	98411	7	43315	8	13703	9	2926	10	469	11	38	12	4
100	1	253334	2	40444	3	136686	4	166125	5	165970	6	118341	7	73439	8	32641	9	10385	10	2269	11	333	12	32	13	1
