v1	v2	v3	v4	v5	v6	v7	v8	v9	v10	over10
1000000	0	0	0	0	0	0	0	0	0	0
1000000	0	0	0	0	0	0	0	0	0	0
1000000	0	0	0	0	0	0	0	0	0	0
1000000	0	0	0	0	0	0	0	0	0	0
1000000	0	0	0	0	0	0	0	0	0	0
1000000	0	0	0	0	0	0	0	0	0	0
1000000	0	0	0	0	0	0	0	0	0	0
1000000	0	0	0	0	0	0	0	0	0	0
1000000	0	0	0	0	0	0	0	0	0	0
1000000	0	0	0	0	0	0	0	0	0	0
1000000	0	0	0	0	0	0	0	0	0	0
1000000	0	0	0	0	0	0	0	0	0	0
1000000	0	0	0	0	0	0	0	0	0	0
1000000	0	0	0	0	0	0	0	0	0	0
1000000	0	0	0	0	0	0	0	0	0	0
1000000	0	0	0	0	0	0	0	0	0	0
1000000	0	0	0	0	0	0	0	0	0	0
1000000	0	0	0	0	0	0	0	0	0	0
1000000	0	0	0	0	0	0	0	0	0	0
1000000	0	0	0	0	0	0	0	0	0	0
1000000	0	0	0	0	0	0	0	0	0	0
1000000	0	0	0	0	0	0	0	0	0	0
1000000	0	0	0	0	0	0	0	0	0	0
1000000	0	0	0	0	0	0	0	0	0	0
1000000	0	0	0	0	0	0	0	0	0	0
1000000	0	0	0	0	0	0	0	0	0	0
1000000	0	0	0	0	0	0	0	0	0	0
1000000	0	0	0	0	0	0	0	0	0	0
1000000	0	0	0	0	0	0	0	0	0	0
1000000	0	0	0	0	0	0	0	0	0	0
1000000	0	0	0	0	0	0	0	0	0	0
1000000	0	0	0	0	0	0	0	0	0	0
1000000	0	0	0	0	0	0	0	0	0	0
1000000	0	0	0	0	0	0	0	0	0	0
1000000	0	0	0	0	0	0	0	0	0	0
1000000	0	0	0	0	0	0	0	0	0	0
1000000	0	0	0	0	0	0	0	0	0	0
1000000	0	0	0	0	0	0	0	0	0	0
1000000	0	0	0	0	0	0	0	0	0	0
1000000	0	0	0	0	0	0	0	0	0	0
1000000	0	0	0	0	0	0	0	0	0	0
1000000	0	0	0	0	0	0	0	0	0	0
1000000	0	0	0	0	0	0	0	0	0	0
1000000	0	0	0	0	0	0	0	0	0	0
1000000	0	0	0	0	0	0	0	0	0	0
1000000	0	0	0	0	0	0	0	0	0	0
1000000	0	0	0	0	0	0	0	0	0	0
1000000	0	0	0	0	0	0	0	0	0	0
1000000	0	0	0	0	0	0	0	0	0	0
1000000	0	0	0	0	0	0	0	0	0	0
1000000	0	0	0	0	0	0	0	0	0	0
1000000	0	0	0	0	0	0	0	0	0	0
999996	4	0	0	0	0	0	0	0	0	0
1000000	0	0	0	0	0	0	0	0	0	0
1000000	0	0	0	0	0	0	0	0	0	0
999997	3	0	0	0	0	0	0	0	0	0
1000000	0	0	0	0	0	0	0	0	0	0
1000000	0	0	0	0	0	0	0	0	0	0
999993	7	0	0	0	0	0	0	0	0	0
999997	3	0	0	0	0	0	0	0	0	0
999995	5	0	0	0	0	0	0	0	0	0
999973	27	0	0	0	0	0	0	0	0	0
999993	7	0	0	0	0	0	0	0	0	0
999986	14	0	0	0	0	0	0	0	0	0
999905	95	0	0	0	0	0	0	0	0	0
999722	278	0	0	0	0	0	0	0	0	0
999985	15	0	0	0	0	0	0	0	0	0
999459	541	0	0	0	0	0	0	0	0	0
999804	196	0	0	0	0	0	0	0	0	0
999657	343	0	0	0	0	0	0	0	0	0
999501	499	0	0	0	0	0	0	0	0	0
999387	613	0	0	0	0	0	0	0	0	0
998914	1086	0	0	0	0	0	0	0	0	0
997707	2291	2	0	0	0	0	0	0	0	0
998044	1954	2	0	0	0	0	0	0	0	0
997134	2863	3	0	0	0	0	0	0	0	0
996643	3350	7	0	0	0	0	0	0	0	0
994715	5278	7	0	0	0	0	0	0	0	0
990600	9367	33	0	0	0	0	0	0	0	0
982787	17137	76	0	0	0	0	0	0	0	0
980666	19171	163	0	0	0	0	0	0	0	0
973552	26123	324	1	0	0	0	0	0	0	0
955121	44066	804	9	0	0	0	0	0	0	0
958555	40780	658	7	0	0	0	0	0	0	0
933200	64829	1943	27	1	0	0	0	0	0	0
908505	87966	3448	81	0	0	0	0	0	0	0
870192	120997	8411	382	17	1	0	0	0	0	0
814648	170202	14472	657	21	0	0	0	0	0	0
810303	172347	16314	993	43	0	0	0	0	0	0
676025	270584	47927	5084	362	18	0	0	0	0	0
640505	285181	64307	9094	844	65	4	0	0	0	0
514469	352499	109288	20792	2656	271	24	1	0	0	0
466669	362969	134582	30599	4678	476	25	1	1	0	0
281852	368241	234505	89526	21883	3571	386	33	3	0	0
257363	344369	235286	112418	38954	9678	1702	209	21	0	0
139141	269871	277948	185703	88710	29958	7201	1309	140	17	2
95144	228769	241415	207359	133156	64750	22611	5664	1009	115	8
51502	132237	224382	224079	181880	111009	51861	17793	4382	768	107
27444	117849	174747	207039	182091	144147	87433	41013	13996	3549	692
212652	21587	92460	137369	163029	143231	114219	69193	32115	10888	3257
