1	1	1000000
2	1	1000000
3	1	1000000
4	1	1000000
5	1	1000000
6	1	1000000
7	1	1000000
8	1	1000000
9	1	1000000
10	1	1000000
11	1	1000000
12	1	1000000
13	1	1000000
14	1	1000000
15	1	1000000
16	1	1000000
17	1	1000000
18	1	1000000
19	1	1000000
20	1	1000000
21	1	1000000
22	1	1000000
23	1	1000000
24	1	1000000
25	1	1000000
26	1	1000000
27	1	1000000
28	1	1000000
29	1	1000000
30	1	1000000
31	1	1000000
32	1	1000000
33	1	1000000
34	1	1000000
35	1	1000000
36	1	1000000
37	1	1000000
38	1	1000000
39	1	1000000
40	1	1000000
41	1	1000000
42	1	1000000
43	1	1000000
44	1	1000000
45	1	1000000
46	1	1000000
47	1	1000000
48	1	1000000
49	1	999997	2	3
50	1	1000000
51	1	1000000
52	1	1000000
53	1	999989	2	11
54	1	1000000
55	1	999999	2	1
56	1	999991	2	9
57	1	999998	2	2
58	1	999999	2	1
59	1	999976	2	24
60	1	999994	2	6
61	1	999998	2	2
62	1	999941	2	59
63	1	999997	2	3
64	1	999970	2	30
65	1	999778	2	222
66	1	999509	2	491
67	1	999976	2	24
68	1	999117	2	883
69	1	999633	2	367
70	1	999438	2	562
71	1	999182	2	817	3	1
72	1	998862	2	1138
73	1	998072	2	1928
74	1	996415	2	3584	3	1
75	1	996966	2	3031	3	3
76	1	995694	2	4297	3	9
77	1	994818	2	5167	3	15
78	1	991916	2	8065	3	19
79	1	986404	2	13513	3	82	4	1
80	1	975919	2	23928	3	153
81	1	972875	2	26791	3	332	4	2
82	1	963494	2	35936	3	563	4	7
83	1	941064	2	57537	3	1382	4	17
84	1	943143	2	55541	3	1297	4	18	5	1
85	1	912951	2	83521	3	3444	4	79	5	5
86	1	883399	2	110683	3	5746	4	168	5	4
87	1	840327	2	146122	3	12770	4	749	5	31	6	1
88	1	774230	2	202645	3	21799	4	1264	5	60	6	2
89	1	770514	2	203335	3	24235	4	1795	5	119	6	2
90	1	625358	2	301109	3	64477	4	8276	5	723	6	54	7	3
91	1	590077	2	311444	3	82548	4	14160	5	1629	6	135	7	7
92	1	461679	2	369490	3	133841	4	29807	5	4609	6	524	7	46	8	3	9	1
93	1	414498	2	374134	3	159574	4	42788	5	7925	6	987	7	87	8	7
94	1	241081	2	353765	3	254644	4	111868	5	31707	6	6034	7	824	8	68	9	9
95	1	221194	2	327503	3	248770	4	132595	5	51854	6	14587	7	2980	8	458	9	55	10	4
96	1	115277	2	243974	3	275270	4	203520	5	107148	6	41050	7	11140	8	2241	9	346	10	32	11	1	12	1
97	1	77997	2	205407	3	233317	4	213665	5	148426	6	79275	7	31062	8	8799	9	1767	10	257	11	24	12	4
98	1	42590	2	114267	3	206170	4	219420	5	192259	6	127078	7	64830	8	24783	9	6864	10	1481	11	227	12	28	13	3
99	1	22137	2	101515	3	160624	4	198666	5	183361	6	154323	7	100905	8	51690	9	19766	10	5615	11	1203	12	175	13	20
100	1	202335	2	17703	3	81048	4	127310	5	158645	6	146690	7	122807	8	80610	9	41635	10	15759	11	4470	12	825	13	148	14	13	15	2
