v1	v2	v3	v4	v5	v6	v7	v8	v9	v10	over10
1000000	0	0	0	0	0	0	0	0	0	0
1000000	0	0	0	0	0	0	0	0	0	0
1000000	0	0	0	0	0	0	0	0	0	0
1000000	0	0	0	0	0	0	0	0	0	0
1000000	0	0	0	0	0	0	0	0	0	0
1000000	0	0	0	0	0	0	0	0	0	0
1000000	0	0	0	0	0	0	0	0	0	0
1000000	0	0	0	0	0	0	0	0	0	0
1000000	0	0	0	0	0	0	0	0	0	0
1000000	0	0	0	0	0	0	0	0	0	0
1000000	0	0	0	0	0	0	0	0	0	0
1000000	0	0	0	0	0	0	0	0	0	0
1000000	0	0	0	0	0	0	0	0	0	0
1000000	0	0	0	0	0	0	0	0	0	0
1000000	0	0	0	0	0	0	0	0	0	0
1000000	0	0	0	0	0	0	0	0	0	0
1000000	0	0	0	0	0	0	0	0	0	0
1000000	0	0	0	0	0	0	0	0	0	0
1000000	0	0	0	0	0	0	0	0	0	0
1000000	0	0	0	0	0	0	0	0	0	0
1000000	0	0	0	0	0	0	0	0	0	0
1000000	0	0	0	0	0	0	0	0	0	0
1000000	0	0	0	0	0	0	0	0	0	0
1000000	0	0	0	0	0	0	0	0	0	0
1000000	0	0	0	0	0	0	0	0	0	0
1000000	0	0	0	0	0	0	0	0	0	0
1000000	0	0	0	0	0	0	0	0	0	0
1000000	0	0	0	0	0	0	0	0	0	0
1000000	0	0	0	0	0	0	0	0	0	0
1000000	0	0	0	0	0	0	0	0	0	0
1000000	0	0	0	0	0	0	0	0	0	0
1000000	0	0	0	0	0	0	0	0	0	0
1000000	0	0	0	0	0	0	0	0	0	0
1000000	0	0	0	0	0	0	0	0	0	0
1000000	0	0	0	0	0	0	0	0	0	0
1000000	0	0	0	0	0	0	0	0	0	0
1000000	0	0	0	0	0	0	0	0	0	0
1000000	0	0	0	0	0	0	0	0	0	0
1000000	0	0	0	0	0	0	0	0	0	0
1000000	0	0	0	0	0	0	0	0	0	0
1000000	0	0	0	0	0	0	0	0	0	0
1000000	0	0	0	0	0	0	0	0	0	0
1000000	0	0	0	0	0	0	0	0	0	0
1000000	0	0	0	0	0	0	0	0	0	0
1000000	0	0	0	0	0	0	0	0	0	0
1000000	0	0	0	0	0	0	0	0	0	0
1000000	0	0	0	0	0	0	0	0	0	0
1000000	0	0	0	0	0	0	0	0	0	0
1000000	0	0	0	0	0	0	0	0	0	0
1000000	0	0	0	0	0	0	0	0	0	0
1000000	0	0	0	0	0	0	0	0	0	0
1000000	0	0	0	0	0	0	0	0	0	0
1000000	0	0	0	0	0	0	0	0	0	0
1000000	0	0	0	0	0	0	0	0	0	0
1000000	0	0	0	0	0	0	0	0	0	0
999999	1	0	0	0	0	0	0	0	0	0
1000000	0	0	0	0	0	0	0	0	0	0
1000000	0	0	0	0	0	0	0	0	0	0
999997	3	0	0	0	0	0	0	0	0	0
1000000	0	0	0	0	0	0	0	0	0	0
999999	1	0	0	0	0	0	0	0	0	0
999993	7	0	0	0	0	0	0	0	0	0
1000000	0	0	0	0	0	0	0	0	0	0
999998	2	0	0	0	0	0	0	0	0	0
999968	32	0	0	0	0	0	0	0	0	0
999919	81	0	0	0	0	0	0	0	0	0
999996	4	0	0	0	0	0	0	0	0	0
999773	227	0	0	0	0	0	0	0	0	0
999940	60	0	0	0	0	0	0	0	0	0
999919	81	0	0	0	0	0	0	0	0	0
999848	152	0	0	0	0	0	0	0	0	0
999814	186	0	0	0	0	0	0	0	0	0
999608	392	0	0	0	0	0	0	0	0	0
999109	891	0	0	0	0	0	0	0	0	0
999280	720	0	0	0	0	0	0	0	0	0
998929	1071	0	0	0	0	0	0	0	0	0
998634	1365	1	0	0	0	0	0	0	0	0
997699	2300	1	0	0	0	0	0	0	0	0
995760	4235	5	0	0	0	0	0	0	0	0
991642	8338	20	0	0	0	0	0	0	0	0
990324	9630	46	0	0	0	0	0	0	0	0
986193	13737	70	0	0	0	0	0	0	0	0
974760	24999	239	2	0	0	0	0	0	0	0
977358	22455	187	0	0	0	0	0	0	0	0
961860	37471	661	7	1	0	0	0	0	0	0
945219	53551	1212	18	0	0	0	0	0	0	0
916978	79459	3457	103	3	0	0	0	0	0	0
876203	117466	6140	188	3	0	0	0	0	0	0
871887	120550	7280	277	5	1	0	0	0	0	0
760789	211762	25536	1819	94	0	0	0	0	0	0
729587	229390	37116	3633	264	10	0	0	0	0	0
611564	308272	69531	9655	906	67	5	0	0	0	0
562457	330214	90634	15014	1568	105	8	0	0	0	0
366803	376944	189588	55172	10250	1165	72	6	0	0	0
333573	360977	201954	77743	21207	4001	507	37	1	0	0
191160	311596	270274	150427	57727	15517	2885	372	40	2	0
132798	272382	250554	187636	102530	40582	11164	2049	278	26	1
74249	168923	252793	221781	158295	81836	31623	8591	1670	218	21
39345	150714	201023	218437	173529	121282	63255	24356	6632	1239	188
233055	30707	114861	153898	168111	133254	93385	47884	18631	5132	1082
