v1	v2	v3	v4	v5	v6	v7	v8	v9	v10	over10
1000000	0	0	0	0	0	0	0	0	0	0
1000000	0	0	0	0	0	0	0	0	0	0
1000000	0	0	0	0	0	0	0	0	0	0
1000000	0	0	0	0	0	0	0	0	0	0
1000000	0	0	0	0	0	0	0	0	0	0
1000000	0	0	0	0	0	0	0	0	0	0
1000000	0	0	0	0	0	0	0	0	0	0
1000000	0	0	0	0	0	0	0	0	0	0
1000000	0	0	0	0	0	0	0	0	0	0
1000000	0	0	0	0	0	0	0	0	0	0
1000000	0	0	0	0	0	0	0	0	0	0
1000000	0	0	0	0	0	0	0	0	0	0
1000000	0	0	0	0	0	0	0	0	0	0
1000000	0	0	0	0	0	0	0	0	0	0
1000000	0	0	0	0	0	0	0	0	0	0
1000000	0	0	0	0	0	0	0	0	0	0
1000000	0	0	0	0	0	0	0	0	0	0
1000000	0	0	0	0	0	0	0	0	0	0
1000000	0	0	0	0	0	0	0	0	0	0
1000000	0	0	0	0	0	0	0	0	0	0
1000000	0	0	0	0	0	0	0	0	0	0
1000000	0	0	0	0	0	0	0	0	0	0
1000000	0	0	0	0	0	0	0	0	0	0
1000000	0	0	0	0	0	0	0	0	0	0
1000000	0	0	0	0	0	0	0	0	0	0
1000000	0	0	0	0	0	0	0	0	0	0
1000000	0	0	0	0	0	0	0	0	0	0
1000000	0	0	0	0	0	0	0	0	0	0
1000000	0	0	0	0	0	0	0	0	0	0
1000000	0	0	0	0	0	0	0	0	0	0
1000000	0	0	0	0	0	0	0	0	0	0
1000000	0	0	0	0	0	0	0	0	0	0
1000000	0	0	0	0	0	0	0	0	0	0
1000000	0	0	0	0	0	0	0	0	0	0
1000000	0	0	0	0	0	0	0	0	0	0
1000000	0	0	0	0	0	0	0	0	0	0
1000000	0	0	0	0	0	0	0	0	0	0
1000000	0	0	0	0	0	0	0	0	0	0
1000000	0	0	0	0	0	0	0	0	0	0
1000000	0	0	0	0	0	0	0	0	0	0
1000000	0	0	0	0	0	0	0	0	0	0
1000000	0	0	0	0	0	0	0	0	0	0
1000000	0	0	0	0	0	0	0	0	0	0
1000000	0	0	0	0	0	0	0	0	0	0
1000000	0	0	0	0	0	0	0	0	0	0
1000000	0	0	0	0	0	0	0	0	0	0
1000000	0	0	0	0	0	0	0	0	0	0
1000000	0	0	0	0	0	0	0	0	0	0
1000000	0	0	0	0	0	0	0	0	0	0
1000000	0	0	0	0	0	0	0	0	0	0
1000000	0	0	0	0	0	0	0	0	0	0
1000000	0	0	0	0	0	0	0	0	0	0
1000000	0	0	0	0	0	0	0	0	0	0
1000000	0	0	0	0	0	0	0	0	0	0
1000000	0	0	0	0	0	0	0	0	0	0
1000000	0	0	0	0	0	0	0	0	0	0
1000000	0	0	0	0	0	0	0	0	0	0
1000000	0	0	0	0	0	0	0	0	0	0
1000000	0	0	0	0	0	0	0	0	0	0
1000000	0	0	0	0	0	0	0	0	0	0
1000000	0	0	0	0	0	0	0	0	0	0
1000000	0	0	0	0	0	0	0	0	0	0
1000000	0	0	0	0	0	0	0	0	0	0
1000000	0	0	0	0	0	0	0	0	0	0
1000000	0	0	0	0	0	0	0	0	0	0
999996	4	0	0	0	0	0	0	0	0	0
1000000	0	0	0	0	0	0	0	0	0	0
999994	6	0	0	0	0	0	0	0	0	0
999999	1	0	0	0	0	0	0	0	0	0
999998	2	0	0	0	0	0	0	0	0	0
999997	3	0	0	0	0	0	0	0	0	0
999998	2	0	0	0	0	0	0	0	0	0
999996	4	0	0	0	0	0	0	0	0	0
999954	46	0	0	0	0	0	0	0	0	0
999965	35	0	0	0	0	0	0	0	0	0
999950	50	0	0	0	0	0	0	0	0	0
999934	66	0	0	0	0	0	0	0	0	0
999886	114	0	0	0	0	0	0	0	0	0
999666	333	1	0	0	0	0	0	0	0	0
999194	806	0	0	0	0	0	0	0	0	0
998951	1048	1	0	0	0	0	0	0	0	0
998425	1573	2	0	0	0	0	0	0	0	0
995861	4135	4	0	0	0	0	0	0	0	0
996976	3023	1	0	0	0	0	0	0	0	0
993523	6459	18	0	0	0	0	0	0	0	0
989508	10457	35	0	0	0	0	0	0	0	0
980009	19798	193	0	0	0	0	0	0	0	0
966620	32960	418	2	0	0	0	0	0	0	0
965080	34422	495	3	0	0	0	0	0	0	0
913749	83148	3036	66	1	0	0	0	0	0	0
893858	100013	5940	184	4	1	0	0	0	0	0
818468	166355	14396	759	21	1	0	0	0	0	0
781521	195402	21756	1291	30	0	0	0	0	0	0
603085	310240	76017	9897	736	25	0	0	0	0	0
555298	324113	98427	19512	2444	195	10	1	0	0	0
369226	366953	189835	60170	12138	1553	122	3	0	0	0
272789	352380	220096	110113	35804	7556	1180	78	4	0	0
159307	268441	285538	172660	81971	25902	5443	666	67	5	0
89124	247014	249013	211475	122622	58063	18191	3910	538	48	2
292866	63430	174841	175409	150078	85926	41265	12951	2775	423	36
