v1	v2	v3	v4	v5	v6	v7	v8	v9	v10	over10
1000000	0	0	0	0	0	0	0	0	0	0
1000000	0	0	0	0	0	0	0	0	0	0
1000000	0	0	0	0	0	0	0	0	0	0
1000000	0	0	0	0	0	0	0	0	0	0
1000000	0	0	0	0	0	0	0	0	0	0
1000000	0	0	0	0	0	0	0	0	0	0
1000000	0	0	0	0	0	0	0	0	0	0
1000000	0	0	0	0	0	0	0	0	0	0
1000000	0	0	0	0	0	0	0	0	0	0
1000000	0	0	0	0	0	0	0	0	0	0
1000000	0	0	0	0	0	0	0	0	0	0
1000000	0	0	0	0	0	0	0	0	0	0
1000000	0	0	0	0	0	0	0	0	0	0
1000000	0	0	0	0	0	0	0	0	0	0
1000000	0	0	0	0	0	0	0	0	0	0
1000000	0	0	0	0	0	0	0	0	0	0
1000000	0	0	0	0	0	0	0	0	0	0
1000000	0	0	0	0	0	0	0	0	0	0
1000000	0	0	0	0	0	0	0	0	0	0
1000000	0	0	0	0	0	0	0	0	0	0
1000000	0	0	0	0	0	0	0	0	0	0
1000000	0	0	0	0	0	0	0	0	0	0
1000000	0	0	0	0	0	0	0	0	0	0
1000000	0	0	0	0	0	0	0	0	0	0
1000000	0	0	0	0	0	0	0	0	0	0
1000000	0	0	0	0	0	0	0	0	0	0
1000000	0	0	0	0	0	0	0	0	0	0
1000000	0	0	0	0	0	0	0	0	0	0
1000000	0	0	0	0	0	0	0	0	0	0
1000000	0	0	0	0	0	0	0	0	0	0
1000000	0	0	0	0	0	0	0	0	0	0
1000000	0	0	0	0	0	0	0	0	0	0
1000000	0	0	0	0	0	0	0	0	0	0
1000000	0	0	0	0	0	0	0	0	0	0
1000000	0	0	0	0	0	0	0	0	0	0
1000000	0	0	0	0	0	0	0	0	0	0
1000000	0	0	0	0	0	0	0	0	0	0
1000000	0	0	0	0	0	0	0	0	0	0
1000000	0	0	0	0	0	0	0	0	0	0
1000000	0	0	0	0	0	0	0	0	0	0
1000000	0	0	0	0	0	0	0	0	0	0
1000000	0	0	0	0	0	0	0	0	0	0
1000000	0	0	0	0	0	0	0	0	0	0
1000000	0	0	0	0	0	0	0	0	0	0
1000000	0	0	0	0	0	0	0	0	0	0
1000000	0	0	0	0	0	0	0	0	0	0
1000000	0	0	0	0	0	0	0	0	0	0
1000000	0	0	0	0	0	0	0	0	0	0
1000000	0	0	0	0	0	0	0	0	0	0
1000000	0	0	0	0	0	0	0	0	0	0
1000000	0	0	0	0	0	0	0	0	0	0
1000000	0	0	0	0	0	0	0	0	0	0
1000000	0	0	0	0	0	0	0	0	0	0
1000000	0	0	0	0	0	0	0	0	0	0
1000000	0	0	0	0	0	0	0	0	0	0
1000000	0	0	0	0	0	0	0	0	0	0
1000000	0	0	0	0	0	0	0	0	0	0
1000000	0	0	0	0	0	0	0	0	0	0
1000000	0	0	0	0	0	0	0	0	0	0
1000000	0	0	0	0	0	0	0	0	0	0
1000000	0	0	0	0	0	0	0	0	0	0
999999	1	0	0	0	0	0	0	0	0	0
999999	1	0	0	0	0	0	0	0	0	0
1000000	0	0	0	0	0	0	0	0	0	0
999994	6	0	0	0	0	0	0	0	0	0
999979	21	0	0	0	0	0	0	0	0	0
1000000	0	0	0	0	0	0	0	0	0	0
999914	86	0	0	0	0	0	0	0	0	0
999991	9	0	0	0	0	0	0	0	0	0
999966	34	0	0	0	0	0	0	0	0	0
999945	55	0	0	0	0	0	0	0	0	0
999947	53	0	0	0	0	0	0	0	0	0
999887	113	0	0	0	0	0	0	0	0	0
999655	345	0	0	0	0	0	0	0	0	0
999765	235	0	0	0	0	0	0	0	0	0
999600	400	0	0	0	0	0	0	0	0	0
999492	508	0	0	0	0	0	0	0	0	0
999132	868	0	0	0	0	0	0	0	0	0
998096	1901	3	0	0	0	0	0	0	0	0
996011	3987	2	0	0	0	0	0	0	0	0
995224	4768	8	0	0	0	0	0	0	0	0
993218	6769	13	0	0	0	0	0	0	0	0
986032	13896	72	0	0	0	0	0	0	0	0
988090	11873	37	0	0	0	0	0	0	0	0
978365	21447	186	2	0	0	0	0	0	0	0
967837	31751	404	8	0	0	0	0	0	0	0
947299	51268	1397	36	0	0	0	0	0	0	0
919081	78372	2502	45	0	0	0	0	0	0	0
916539	80294	3100	65	2	0	0	0	0	0	0
827845	158971	12632	535	17	0	0	0	0	0	0
798881	179036	20641	1371	68	3	0	0	0	0	0
694380	258868	42242	4184	311	14	1	0	0	0	0
647013	287084	58468	6892	518	25	0	0	0	0	0
450763	367613	144485	32420	4360	338	20	1	0	0	0
410205	361833	164712	50906	10652	1541	141	10	0	0	0
248172	342585	249482	115322	35672	7610	1030	119	8	0	0
176080	307575	247130	162926	75529	24749	5222	714	73	2	0
99895	204142	271936	210331	132470	58233	18394	3982	558	54	5
54723	183079	221516	222886	158930	98411	43315	13703	2926	469	42
253334	40444	136686	166125	165970	118341	73439	32641	10385	2269	366
