1	1	1000000
2	1	1000000
3	1	1000000
4	1	1000000
5	1	1000000
6	1	1000000
7	1	1000000
8	1	1000000
9	1	1000000
10	1	1000000
11	1	1000000
12	1	1000000
13	1	1000000
14	1	1000000
15	1	1000000
16	1	1000000
17	1	1000000
18	1	1000000
19	1	1000000
20	1	1000000
21	1	1000000
22	1	1000000
23	1	1000000
24	1	1000000
25	1	1000000
26	1	1000000
27	1	1000000
28	1	1000000
29	1	1000000
30	1	1000000
31	1	1000000
32	1	1000000
33	1	1000000
34	1	1000000
35	1	1000000
36	1	1000000
37	1	1000000
38	1	1000000
39	1	1000000
40	1	1000000
41	1	1000000
42	1	1000000
43	1	1000000
44	1	1000000
45	1	1000000
46	1	1000000
47	1	1000000
48	1	1000000
49	1	1000000
50	1	1000000
51	1	1000000
52	1	1000000
53	1	1000000
54	1	1000000
55	1	1000000
56	1	1000000
57	1	1000000
58	1	1000000
59	1	1000000
60	1	1000000
61	1	1000000
62	1	1000000
63	1	1000000
64	1	1000000
65	1	1000000
66	1	999998	2	2
67	1	1000000
68	1	999987	2	13
69	1	999999	2	1
70	1	999994	2	6
71	1	999992	2	8
72	1	999992	2	8
73	1	999979	2	21
74	1	999929	2	71
75	1	999943	2	57
76	1	999913	2	87
77	1	999883	2	117
78	1	999765	2	235
79	1	999481	2	519
80	1	998757	2	1243
81	1	998384	2	1615	3	1
82	1	997678	2	2322
83	1	994380	2	5616	3	4
84	1	995681	2	4311	3	8
85	1	991130	2	8843	3	27
86	1	986265	2	13670	3	65
87	1	974142	2	25516	3	340	4	2
88	1	958116	2	41243	3	633	4	8
89	1	956664	2	42518	3	807	4	11
90	1	896874	2	98754	3	4267	4	103	5	2
91	1	874953	2	116553	3	8173	4	312	5	9
92	1	792450	2	187187	3	19144	4	1166	5	51	6	2
93	1	752467	2	217520	3	27902	4	2032	5	76	6	3
94	1	568851	2	326695	3	89846	4	13385	5	1161	6	61	7	1
95	1	520394	2	337380	3	113202	4	24991	5	3690	6	326	7	16	8	1
96	1	339761	2	364626	3	205813	4	71136	5	16060	6	2349	7	237	8	18
97	1	247688	2	344803	3	228618	4	122737	5	43913	6	10459	7	1616	8	156	9	9	10	1
98	1	142995	2	253708	3	284583	4	184048	5	93868	6	31906	7	7610	8	1169	9	106	10	7
99	1	79742	2	232059	3	243497	4	216858	5	131692	6	66996	7	22816	8	5461	9	790	10	86	11	3
100	1	282394	2	57499	3	166229	4	175353	5	154740	6	94977	7	47974	8	16398	9	3751	10	629	11	53	12	3
