1	1	1000000
2	1	1000000
3	1	1000000
4	1	1000000
5	1	1000000
6	1	1000000
7	1	1000000
8	1	1000000
9	1	1000000
10	1	1000000
11	1	1000000
12	1	1000000
13	1	1000000
14	1	1000000
15	1	1000000
16	1	1000000
17	1	1000000
18	1	1000000
19	1	1000000
20	1	1000000
21	1	1000000
22	1	1000000
23	1	1000000
24	1	1000000
25	1	1000000
26	1	1000000
27	1	1000000
28	1	1000000
29	1	1000000
30	1	1000000
31	1	1000000
32	1	1000000
33	1	1000000
34	1	1000000
35	1	1000000
36	1	1000000
37	1	1000000
38	1	1000000
39	1	1000000
40	1	1000000
41	1	1000000
42	1	1000000
43	1	1000000
44	1	1000000
45	1	1000000
46	1	1000000
47	1	1000000
48	1	1000000
49	1	1000000
50	1	1000000
51	1	1000000
52	1	1000000
53	1	999996	2	4
54	1	1000000
55	1	1000000
56	1	999997	2	3
57	1	1000000
58	1	1000000
59	1	999993	2	7
60	1	999997	2	3
61	1	999995	2	5
62	1	999973	2	27
63	1	999993	2	7
64	1	999986	2	14
65	1	999905	2	95
66	1	999722	2	278
67	1	999985	2	15
68	1	999459	2	541
69	1	999804	2	196
70	1	999657	2	343
71	1	999501	2	499
72	1	999387	2	613
73	1	998914	2	1086
74	1	997707	2	2291	3	2
75	1	998044	2	1954	3	2
76	1	997134	2	2863	3	3
77	1	996643	2	3350	3	7
78	1	994715	2	5278	3	7
79	1	990600	2	9367	3	33
80	1	982787	2	17137	3	76
81	1	980666	2	19171	3	163
82	1	973552	2	26123	3	324	4	1
83	1	955121	2	44066	3	804	4	9
84	1	958555	2	40780	3	658	4	7
85	1	933200	2	64829	3	1943	4	27	5	1
86	1	908505	2	87966	3	3448	4	81
87	1	870192	2	120997	3	8411	4	382	5	17	6	1
88	1	814648	2	170202	3	14472	4	657	5	21
89	1	810303	2	172347	3	16314	4	993	5	43
90	1	676025	2	270584	3	47927	4	5084	5	362	6	18
91	1	640505	2	285181	3	64307	4	9094	5	844	6	65	7	4
92	1	514469	2	352499	3	109288	4	20792	5	2656	6	271	7	24	8	1
93	1	466669	2	362969	3	134582	4	30599	5	4678	6	476	7	25	8	1	9	1
94	1	281852	2	368241	3	234505	4	89526	5	21883	6	3571	7	386	8	33	9	3
95	1	257363	2	344369	3	235286	4	112418	5	38954	6	9678	7	1702	8	209	9	21
96	1	139141	2	269871	3	277948	4	185703	5	88710	6	29958	7	7201	8	1309	9	140	10	17	11	2
97	1	95144	2	228769	3	241415	4	207359	5	133156	6	64750	7	22611	8	5664	9	1009	10	115	11	8
98	1	51502	2	132237	3	224382	4	224079	5	181880	6	111009	7	51861	8	17793	9	4382	10	768	11	99	12	7	13	1
99	1	27444	2	117849	3	174747	4	207039	5	182091	6	144147	7	87433	8	41013	9	13996	10	3549	11	601	12	85	13	6
100	1	212652	2	21587	3	92460	4	137369	5	163029	6	143231	7	114219	8	69193	9	32115	10	10888	11	2711	12	479	13	62	14	5
