v1	v2	v3	v4	v5	v6	v7	v8	v9	v10	over10
1000000	0	0	0	0	0	0	0	0	0	0
1000000	0	0	0	0	0	0	0	0	0	0
1000000	0	0	0	0	0	0	0	0	0	0
1000000	0	0	0	0	0	0	0	0	0	0
1000000	0	0	0	0	0	0	0	0	0	0
1000000	0	0	0	0	0	0	0	0	0	0
1000000	0	0	0	0	0	0	0	0	0	0
1000000	0	0	0	0	0	0	0	0	0	0
1000000	0	0	0	0	0	0	0	0	0	0
1000000	0	0	0	0	0	0	0	0	0	0
1000000	0	0	0	0	0	0	0	0	0	0
1000000	0	0	0	0	0	0	0	0	0	0
1000000	0	0	0	0	0	0	0	0	0	0
1000000	0	0	0	0	0	0	0	0	0	0
1000000	0	0	0	0	0	0	0	0	0	0
1000000	0	0	0	0	0	0	0	0	0	0
1000000	0	0	0	0	0	0	0	0	0	0
1000000	0	0	0	0	0	0	0	0	0	0
1000000	0	0	0	0	0	0	0	0	0	0
1000000	0	0	0	0	0	0	0	0	0	0
1000000	0	0	0	0	0	0	0	0	0	0
1000000	0	0	0	0	0	0	0	0	0	0
1000000	0	0	0	0	0	0	0	0	0	0
1000000	0	0	0	0	0	0	0	0	0	0
1000000	0	0	0	0	0	0	0	0	0	0
1000000	0	0	0	0	0	0	0	0	0	0
1000000	0	0	0	0	0	0	0	0	0	0
1000000	0	0	0	0	0	0	0	0	0	0
1000000	0	0	0	0	0	0	0	0	0	0
1000000	0	0	0	0	0	0	0	0	0	0
1000000	0	0	0	0	0	0	0	0	0	0
1000000	0	0	0	0	0	0	0	0	0	0
1000000	0	0	0	0	0	0	0	0	0	0
1000000	0	0	0	0	0	0	0	0	0	0
1000000	0	0	0	0	0	0	0	0	0	0
1000000	0	0	0	0	0	0	0	0	0	0
1000000	0	0	0	0	0	0	0	0	0	0
1000000	0	0	0	0	0	0	0	0	0	0
1000000	0	0	0	0	0	0	0	0	0	0
1000000	0	0	0	0	0	0	0	0	0	0
1000000	0	0	0	0	0	0	0	0	0	0
1000000	0	0	0	0	0	0	0	0	0	0
1000000	0	0	0	0	0	0	0	0	0	0
1000000	0	0	0	0	0	0	0	0	0	0
1000000	0	0	0	0	0	0	0	0	0	0
1000000	0	0	0	0	0	0	0	0	0	0
1000000	0	0	0	0	0	0	0	0	0	0
1000000	0	0	0	0	0	0	0	0	0	0
1000000	0	0	0	0	0	0	0	0	0	0
1000000	0	0	0	0	0	0	0	0	0	0
1000000	0	0	0	0	0	0	0	0	0	0
1000000	0	0	0	0	0	0	0	0	0	0
1000000	0	0	0	0	0	0	0	0	0	0
1000000	0	0	0	0	0	0	0	0	0	0
1000000	0	0	0	0	0	0	0	0	0	0
999999	1	0	0	0	0	0	0	0	0	0
1000000	0	0	0	0	0	0	0	0	0	0
1000000	0	0	0	0	0	0	0	0	0	0
999997	3	0	0	0	0	0	0	0	0	0
999999	1	0	0	0	0	0	0	0	0	0
999998	2	0	0	0	0	0	0	0	0	0
999985	15	0	0	0	0	0	0	0	0	0
999995	5	0	0	0	0	0	0	0	0	0
999995	5	0	0	0	0	0	0	0	0	0
999931	69	0	0	0	0	0	0	0	0	0
999860	140	0	0	0	0	0	0	0	0	0
999992	8	0	0	0	0	0	0	0	0	0
999672	328	0	0	0	0	0	0	0	0	0
999909	91	0	0	0	0	0	0	0	0	0
999822	178	0	0	0	0	0	0	0	0	0
999736	264	0	0	0	0	0	0	0	0	0
999682	318	0	0	0	0	0	0	0	0	0
999339	661	0	0	0	0	0	0	0	0	0
998627	1373	0	0	0	0	0	0	0	0	0
998798	1202	0	0	0	0	0	0	0	0	0
998318	1681	1	0	0	0	0	0	0	0	0
997917	2080	3	0	0	0	0	0	0	0	0
996531	3464	5	0	0	0	0	0	0	0	0
993798	6188	14	0	0	0	0	0	0	0	0
987973	11995	32	0	0	0	0	0	0	0	0
986289	13620	89	2	0	0	0	0	0	0	0
981077	18785	138	0	0	0	0	0	0	0	0
966400	33180	414	6	0	0	0	0	0	0	0
969237	30426	335	2	0	0	0	0	0	0	0
949189	49636	1152	22	1	0	0	0	0	0	0
928919	68961	2083	35	2	0	0	0	0	0	0
896249	98284	5277	184	4	2	0	0	0	0	0
847164	143074	9425	324	12	1	0	0	0	0	0
844358	144047	11076	507	12	0	0	0	0	0	0
720900	241023	34880	3038	150	9	0	0	0	0	0
687322	257267	49136	5810	438	25	2	0	0	0	0
565046	331917	87076	14270	1558	130	3	0	0	0	0
515156	349014	111110	21688	2769	238	24	1	0	0	0
325271	374258	212391	70658	15194	2024	191	13	0	0	0
295329	354706	219555	94359	28707	6250	962	120	10	2	0
164553	292069	276040	168817	71864	21311	4578	698	67	3	0
113737	252020	247076	198019	117373	51655	15966	3587	501	59	7
62689	150739	239229	223682	170584	96430	41067	12388	2749	394	49
33394	133423	188117	213888	179400	133877	74193	31607	9745	2015	341
222473	25775	103886	146198	166362	139250	103384	58213	24751	7681	2027
