v1	v2	v3	v4	v5	v6	v7	v8	v9	v10	over10
1000000	0	0	0	0	0	0	0	0	0	0
1000000	0	0	0	0	0	0	0	0	0	0
1000000	0	0	0	0	0	0	0	0	0	0
1000000	0	0	0	0	0	0	0	0	0	0
1000000	0	0	0	0	0	0	0	0	0	0
1000000	0	0	0	0	0	0	0	0	0	0
1000000	0	0	0	0	0	0	0	0	0	0
1000000	0	0	0	0	0	0	0	0	0	0
1000000	0	0	0	0	0	0	0	0	0	0
1000000	0	0	0	0	0	0	0	0	0	0
1000000	0	0	0	0	0	0	0	0	0	0
1000000	0	0	0	0	0	0	0	0	0	0
1000000	0	0	0	0	0	0	0	0	0	0
1000000	0	0	0	0	0	0	0	0	0	0
1000000	0	0	0	0	0	0	0	0	0	0
1000000	0	0	0	0	0	0	0	0	0	0
1000000	0	0	0	0	0	0	0	0	0	0
1000000	0	0	0	0	0	0	0	0	0	0
1000000	0	0	0	0	0	0	0	0	0	0
1000000	0	0	0	0	0	0	0	0	0	0
1000000	0	0	0	0	0	0	0	0	0	0
1000000	0	0	0	0	0	0	0	0	0	0
1000000	0	0	0	0	0	0	0	0	0	0
1000000	0	0	0	0	0	0	0	0	0	0
1000000	0	0	0	0	0	0	0	0	0	0
1000000	0	0	0	0	0	0	0	0	0	0
1000000	0	0	0	0	0	0	0	0	0	0
1000000	0	0	0	0	0	0	0	0	0	0
1000000	0	0	0	0	0	0	0	0	0	0
1000000	0	0	0	0	0	0	0	0	0	0
1000000	0	0	0	0	0	0	0	0	0	0
1000000	0	0	0	0	0	0	0	0	0	0
1000000	0	0	0	0	0	0	0	0	0	0
1000000	0	0	0	0	0	0	0	0	0	0
1000000	0	0	0	0	0	0	0	0	0	0
1000000	0	0	0	0	0	0	0	0	0	0
1000000	0	0	0	0	0	0	0	0	0	0
1000000	0	0	0	0	0	0	0	0	0	0
1000000	0	0	0	0	0	0	0	0	0	0
1000000	0	0	0	0	0	0	0	0	0	0
1000000	0	0	0	0	0	0	0	0	0	0
1000000	0	0	0	0	0	0	0	0	0	0
1000000	0	0	0	0	0	0	0	0	0	0
1000000	0	0	0	0	0	0	0	0	0	0
1000000	0	0	0	0	0	0	0	0	0	0
1000000	0	0	0	0	0	0	0	0	0	0
1000000	0	0	0	0	0	0	0	0	0	0
1000000	0	0	0	0	0	0	0	0	0	0
1000000	0	0	0	0	0	0	0	0	0	0
1000000	0	0	0	0	0	0	0	0	0	0
1000000	0	0	0	0	0	0	0	0	0	0
1000000	0	0	0	0	0	0	0	0	0	0
1000000	0	0	0	0	0	0	0	0	0	0
1000000	0	0	0	0	0	0	0	0	0	0
1000000	0	0	0	0	0	0	0	0	0	0
1000000	0	0	0	0	0	0	0	0	0	0
1000000	0	0	0	0	0	0	0	0	0	0
1000000	0	0	0	0	0	0	0	0	0	0
1000000	0	0	0	0	0	0	0	0	0	0
1000000	0	0	0	0	0	0	0	0	0	0
1000000	0	0	0	0	0	0	0	0	0	0
1000000	0	0	0	0	0	0	0	0	0	0
1000000	0	0	0	0	0	0	0	0	0	0
1000000	0	0	0	0	0	0	0	0	0	0
999997	3	0	0	0	0	0	0	0	0	0
999995	5	0	0	0	0	0	0	0	0	0
1000000	0	0	0	0	0	0	0	0	0	0
999974	26	0	0	0	0	0	0	0	0	0
999995	5	0	0	0	0	0	0	0	0	0
999990	10	0	0	0	0	0	0	0	0	0
999987	13	0	0	0	0	0	0	0	0	0
999987	13	0	0	0	0	0	0	0	0	0
999955	45	0	0	0	0	0	0	0	0	0
999883	117	0	0	0	0	0	0	0	0	0
999899	101	0	0	0	0	0	0	0	0	0
999870	130	0	0	0	0	0	0	0	0	0
999801	199	0	0	0	0	0	0	0	0	0
999590	410	0	0	0	0	0	0	0	0	0
999133	867	0	0	0	0	0	0	0	0	0
998147	1853	0	0	0	0	0	0	0	0	0
997752	2244	4	0	0	0	0	0	0	0	0
996626	3370	4	0	0	0	0	0	0	0	0
992454	7524	22	0	0	0	0	0	0	0	0
993934	6058	8	0	0	0	0	0	0	0	0
988029	11912	59	0	0	0	0	0	0	0	0
981656	18222	121	1	0	0	0	0	0	0	0
967136	32336	521	7	0	0	0	0	0	0	0
947935	51070	989	6	0	0	0	0	0	0	0
945588	53144	1248	20	0	0	0	0	0	0	0
877523	116031	6232	207	7	0	0	0	0	0	0
852808	135357	11226	582	27	0	0	0	0	0	0
761894	211108	25060	1836	97	5	0	0	0	0	0
720391	240269	36137	3025	172	6	0	0	0	0	0
529928	342791	107172	18247	1754	103	5	0	0	0	0
485122	347941	128767	32388	5193	544	43	2	0	0	0
308999	360492	221442	84043	21105	3528	369	21	1	0	0
223947	333766	236639	135914	52967	14044	2421	282	19	1	0
128399	237843	282531	193707	105399	39711	10417	1776	201	14	2
71113	215971	237353	219943	141380	76923	28463	7433	1263	152	6
272761	51314	157304	173116	159603	102683	55830	20815	5563	889	122
