v1	v2	v3	v4	v5	v6	v7	v8	v9	v10	over10
1000000	0	0	0	0	0	0	0	0	0	0
1000000	0	0	0	0	0	0	0	0	0	0
1000000	0	0	0	0	0	0	0	0	0	0
1000000	0	0	0	0	0	0	0	0	0	0
1000000	0	0	0	0	0	0	0	0	0	0
1000000	0	0	0	0	0	0	0	0	0	0
1000000	0	0	0	0	0	0	0	0	0	0
1000000	0	0	0	0	0	0	0	0	0	0
1000000	0	0	0	0	0	0	0	0	0	0
1000000	0	0	0	0	0	0	0	0	0	0
1000000	0	0	0	0	0	0	0	0	0	0
1000000	0	0	0	0	0	0	0	0	0	0
1000000	0	0	0	0	0	0	0	0	0	0
1000000	0	0	0	0	0	0	0	0	0	0
1000000	0	0	0	0	0	0	0	0	0	0
1000000	0	0	0	0	0	0	0	0	0	0
1000000	0	0	0	0	0	0	0	0	0	0
1000000	0	0	0	0	0	0	0	0	0	0
1000000	0	0	0	0	0	0	0	0	0	0
1000000	0	0	0	0	0	0	0	0	0	0
1000000	0	0	0	0	0	0	0	0	0	0
1000000	0	0	0	0	0	0	0	0	0	0
1000000	0	0	0	0	0	0	0	0	0	0
1000000	0	0	0	0	0	0	0	0	0	0
1000000	0	0	0	0	0	0	0	0	0	0
1000000	0	0	0	0	0	0	0	0	0	0
1000000	0	0	0	0	0	0	0	0	0	0
1000000	0	0	0	0	0	0	0	0	0	0
1000000	0	0	0	0	0	0	0	0	0	0
1000000	0	0	0	0	0	0	0	0	0	0
1000000	0	0	0	0	0	0	0	0	0	0
1000000	0	0	0	0	0	0	0	0	0	0
1000000	0	0	0	0	0	0	0	0	0	0
1000000	0	0	0	0	0	0	0	0	0	0
1000000	0	0	0	0	0	0	0	0	0	0
1000000	0	0	0	0	0	0	0	0	0	0
1000000	0	0	0	0	0	0	0	0	0	0
1000000	0	0	0	0	0	0	0	0	0	0
1000000	0	0	0	0	0	0	0	0	0	0
1000000	0	0	0	0	0	0	0	0	0	0
1000000	0	0	0	0	0	0	0	0	0	0
1000000	0	0	0	0	0	0	0	0	0	0
1000000	0	0	0	0	0	0	0	0	0	0
1000000	0	0	0	0	0	0	0	0	0	0
1000000	0	0	0	0	0	0	0	0	0	0
1000000	0	0	0	0	0	0	0	0	0	0
1000000	0	0	0	0	0	0	0	0	0	0
1000000	0	0	0	0	0	0	0	0	0	0
999997	3	0	0	0	0	0	0	0	0	0
1000000	0	0	0	0	0	0	0	0	0	0
1000000	0	0	0	0	0	0	0	0	0	0
1000000	0	0	0	0	0	0	0	0	0	0
999989	11	0	0	0	0	0	0	0	0	0
1000000	0	0	0	0	0	0	0	0	0	0
999999	1	0	0	0	0	0	0	0	0	0
999991	9	0	0	0	0	0	0	0	0	0
999998	2	0	0	0	0	0	0	0	0	0
999999	1	0	0	0	0	0	0	0	0	0
999976	24	0	0	0	0	0	0	0	0	0
999994	6	0	0	0	0	0	0	0	0	0
999998	2	0	0	0	0	0	0	0	0	0
999941	59	0	0	0	0	0	0	0	0	0
999997	3	0	0	0	0	0	0	0	0	0
999970	30	0	0	0	0	0	0	0	0	0
999778	222	0	0	0	0	0	0	0	0	0
999509	491	0	0	0	0	0	0	0	0	0
999976	24	0	0	0	0	0	0	0	0	0
999117	883	0	0	0	0	0	0	0	0	0
999633	367	0	0	0	0	0	0	0	0	0
999438	562	0	0	0	0	0	0	0	0	0
999182	817	1	0	0	0	0	0	0	0	0
998862	1138	0	0	0	0	0	0	0	0	0
998072	1928	0	0	0	0	0	0	0	0	0
996415	3584	1	0	0	0	0	0	0	0	0
996966	3031	3	0	0	0	0	0	0	0	0
995694	4297	9	0	0	0	0	0	0	0	0
994818	5167	15	0	0	0	0	0	0	0	0
991916	8065	19	0	0	0	0	0	0	0	0
986404	13513	82	1	0	0	0	0	0	0	0
975919	23928	153	0	0	0	0	0	0	0	0
972875	26791	332	2	0	0	0	0	0	0	0
963494	35936	563	7	0	0	0	0	0	0	0
941064	57537	1382	17	0	0	0	0	0	0	0
943143	55541	1297	18	1	0	0	0	0	0	0
912951	83521	3444	79	5	0	0	0	0	0	0
883399	110683	5746	168	4	0	0	0	0	0	0
840327	146122	12770	749	31	1	0	0	0	0	0
774230	202645	21799	1264	60	2	0	0	0	0	0
770514	203335	24235	1795	119	2	0	0	0	0	0
625358	301109	64477	8276	723	54	3	0	0	0	0
590077	311444	82548	14160	1629	135	7	0	0	0	0
461679	369490	133841	29807	4609	524	46	3	1	0	0
414498	374134	159574	42788	7925	987	87	7	0	0	0
241081	353765	254644	111868	31707	6034	824	68	9	0	0
221194	327503	248770	132595	51854	14587	2980	458	55	4	0
115277	243974	275270	203520	107148	41050	11140	2241	346	32	2
77997	205407	233317	213665	148426	79275	31062	8799	1767	257	28
42590	114267	206170	219420	192259	127078	64830	24783	6864	1481	258
22137	101515	160624	198666	183361	154323	100905	51690	19766	5615	1398
202335	17703	81048	127310	158645	146690	122807	80610	41635	15759	5458
