v1	v2	v3	v4	v5	v6	v7	v8	v9	v10	over10
1000000	0	0	0	0	0	0	0	0	0	0
1000000	0	0	0	0	0	0	0	0	0	0
1000000	0	0	0	0	0	0	0	0	0	0
1000000	0	0	0	0	0	0	0	0	0	0
1000000	0	0	0	0	0	0	0	0	0	0
1000000	0	0	0	0	0	0	0	0	0	0
1000000	0	0	0	0	0	0	0	0	0	0
1000000	0	0	0	0	0	0	0	0	0	0
1000000	0	0	0	0	0	0	0	0	0	0
1000000	0	0	0	0	0	0	0	0	0	0
1000000	0	0	0	0	0	0	0	0	0	0
1000000	0	0	0	0	0	0	0	0	0	0
1000000	0	0	0	0	0	0	0	0	0	0
1000000	0	0	0	0	0	0	0	0	0	0
1000000	0	0	0	0	0	0	0	0	0	0
1000000	0	0	0	0	0	0	0	0	0	0
1000000	0	0	0	0	0	0	0	0	0	0
1000000	0	0	0	0	0	0	0	0	0	0
1000000	0	0	0	0	0	0	0	0	0	0
1000000	0	0	0	0	0	0	0	0	0	0
1000000	0	0	0	0	0	0	0	0	0	0
1000000	0	0	0	0	0	0	0	0	0	0
1000000	0	0	0	0	0	0	0	0	0	0
1000000	0	0	0	0	0	0	0	0	0	0
1000000	0	0	0	0	0	0	0	0	0	0
1000000	0	0	0	0	0	0	0	0	0	0
1000000	0	0	0	0	0	0	0	0	0	0
1000000	0	0	0	0	0	0	0	0	0	0
1000000	0	0	0	0	0	0	0	0	0	0
1000000	0	0	0	0	0	0	0	0	0	0
1000000	0	0	0	0	0	0	0	0	0	0
1000000	0	0	0	0	0	0	0	0	0	0
1000000	0	0	0	0	0	0	0	0	0	0
1000000	0	0	0	0	0	0	0	0	0	0
1000000	0	0	0	0	0	0	0	0	0	0
1000000	0	0	0	0	0	0	0	0	0	0
1000000	0	0	0	0	0	0	0	0	0	0
1000000	0	0	0	0	0	0	0	0	0	0
1000000	0	0	0	0	0	0	0	0	0	0
1000000	0	0	0	0	0	0	0	0	0	0
1000000	0	0	0	0	0	0	0	0	0	0
1000000	0	0	0	0	0	0	0	0	0	0
1000000	0	0	0	0	0	0	0	0	0	0
1000000	0	0	0	0	0	0	0	0	0	0
1000000	0	0	0	0	0	0	0	0	0	0
1000000	0	0	0	0	0	0	0	0	0	0
1000000	0	0	0	0	0	0	0	0	0	0
1000000	0	0	0	0	0	0	0	0	0	0
1000000	0	0	0	0	0	0	0	0	0	0
1000000	0	0	0	0	0	0	0	0	0	0
1000000	0	0	0	0	0	0	0	0	0	0
1000000	0	0	0	0	0	0	0	0	0	0
1000000	0	0	0	0	0	0	0	0	0	0
1000000	0	0	0	0	0	0	0	0	0	0
1000000	0	0	0	0	0	0	0	0	0	0
1000000	0	0	0	0	0	0	0	0	0	0
1000000	0	0	0	0	0	0	0	0	0	0
1000000	0	0	0	0	0	0	0	0	0	0
1000000	0	0	0	0	0	0	0	0	0	0
1000000	0	0	0	0	0	0	0	0	0	0
1000000	0	0	0	0	0	0	0	0	0	0
1000000	0	0	0	0	0	0	0	0	0	0
1000000	0	0	0	0	0	0	0	0	0	0
1000000	0	0	0	0	0	0	0	0	0	0
999998	2	0	0	0	0	0	0	0	0	0
999983	17	0	0	0	0	0	0	0	0	0
1000000	0	0	0	0	0	0	0	0	0	0
999951	49	0	0	0	0	0	0	0	0	0
999991	9	0	0	0	0	0	0	0	0	0
999977	23	0	0	0	0	0	0	0	0	0
999976	24	0	0	0	0	0	0	0	0	0
999971	29	0	0	0	0	0	0	0	0	0
999935	65	0	0	0	0	0	0	0	0	0
999788	212	0	0	0	0	0	0	0	0	0
999856	144	0	0	0	0	0	0	0	0	0
999734	266	0	0	0	0	0	0	0	0	0
999659	341	0	0	0	0	0	0	0	0	0
999434	566	0	0	0	0	0	0	0	0	0
998691	1307	2	0	0	0	0	0	0	0	0
997177	2822	1	0	0	0	0	0	0	0	0
996641	3356	3	0	0	0	0	0	0	0	0
995278	4719	3	0	0	0	0	0	0	0	0
989773	10198	29	0	0	0	0	0	0	0	0
991669	8303	28	0	0	0	0	0	0	0	0
983878	16002	120	0	0	0	0	0	0	0	0
975625	24171	203	1	0	0	0	0	0	0	0
958483	40629	879	9	0	0	0	0	0	0	0
935117	63213	1655	15	0	0	0	0	0	0	0
932502	65444	2000	52	2	0	0	0	0	0	0
854418	136144	9113	316	9	0	0	0	0	0	0
828094	155706	15319	845	35	1	0	0	0	0	0
730811	233468	32803	2758	151	9	0	0	0	0	0
685328	263556	46217	4578	306	15	0	0	0	0	0
491328	357001	124116	24531	2846	170	8	0	0	0	0
448465	355785	146446	40727	7577	919	76	5	0	0	0
277925	352595	236707	99096	27804	5151	658	62	2	0	0
200438	320945	243486	148965	63170	18790	3682	482	39	3	0
113557	221846	278170	203415	118343	47941	13689	2662	354	22	1
62167	199896	230973	221885	150517	86839	35580	9964	1941	212	26
262309	46054	146587	170004	163951	111019	64364	26493	7475	1531	213
