1	1	1000000
2	1	1000000
3	1	1000000
4	1	1000000
5	1	1000000
6	1	1000000
7	1	1000000
8	1	1000000
9	1	1000000
10	1	1000000
11	1	1000000
12	1	1000000
13	1	1000000
14	1	1000000
15	1	1000000
16	1	1000000
17	1	1000000
18	1	1000000
19	1	1000000
20	1	1000000
21	1	1000000
22	1	1000000
23	1	1000000
24	1	1000000
25	1	1000000
26	1	1000000
27	1	1000000
28	1	1000000
29	1	1000000
30	1	1000000
31	1	1000000
32	1	1000000
33	1	1000000
34	1	1000000
35	1	1000000
36	1	1000000
37	1	1000000
38	1	1000000
39	1	1000000
40	1	1000000
41	1	1000000
42	1	1000000
43	1	1000000
44	1	1000000
45	1	1000000
46	1	1000000
47	1	1000000
48	1	1000000
49	1	1000000
50	1	1000000
51	1	1000000
52	1	1000000
53	1	1000000
54	1	1000000
55	1	1000000
56	1	1000000
57	1	1000000
58	1	1000000
59	1	1000000
60	1	1000000
61	1	1000000
62	1	1000000
63	1	1000000
64	1	1000000
65	1	999997	2	3
66	1	999995	2	5
67	1	1000000
68	1	999974	2	26
69	1	999995	2	5
70	1	999990	2	10
71	1	999987	2	13
72	1	999987	2	13
73	1	999955	2	45
74	1	999883	2	117
75	1	999899	2	101
76	1	999870	2	130
77	1	999801	2	199
78	1	999590	2	410
79	1	999133	2	867
80	1	998147	2	1853
81	1	997752	2	2244	3	4
82	1	996626	2	3370	3	4
83	1	992454	2	7524	3	22
84	1	993934	2	6058	3	8
85	1	988029	2	11912	3	59
86	1	981656	2	18222	3	121	4	1
87	1	967136	2	32336	3	521	4	7
88	1	947935	2	51070	3	989	4	6
89	1	945588	2	53144	3	1248	4	20
90	1	877523	2	116031	3	6232	4	207	5	7
91	1	852808	2	135357	3	11226	4	582	5	27
92	1	761894	2	211108	3	25060	4	1836	5	97	6	5
93	1	720391	2	240269	3	36137	4	3025	5	172	6	6
94	1	529928	2	342791	3	107172	4	18247	5	1754	6	103	7	5
95	1	485122	2	347941	3	128767	4	32388	5	5193	6	544	7	43	8	2
96	1	308999	2	360492	3	221442	4	84043	5	21105	6	3528	7	369	8	21	9	1
97	1	223947	2	333766	3	236639	4	135914	5	52967	6	14044	7	2421	8	282	9	19	10	1
98	1	128399	2	237843	3	282531	4	193707	5	105399	6	39711	7	10417	8	1776	9	201	10	14	11	2
99	1	71113	2	215971	3	237353	4	219943	5	141380	6	76923	7	28463	8	7433	9	1263	10	152	11	5	12	1
100	1	272761	2	51314	3	157304	4	173116	5	159603	6	102683	7	55830	8	20815	9	5563	10	889	11	119	12	3
