1	1	1000000
2	1	1000000
3	1	1000000
4	1	1000000
5	1	1000000
6	1	1000000
7	1	1000000
8	1	1000000
9	1	1000000
10	1	1000000
11	1	1000000
12	1	1000000
13	1	1000000
14	1	1000000
15	1	1000000
16	1	1000000
17	1	1000000
18	1	1000000
19	1	1000000
20	1	1000000
21	1	1000000
22	1	1000000
23	1	1000000
24	1	1000000
25	1	1000000
26	1	1000000
27	1	1000000
28	1	1000000
29	1	1000000
30	1	1000000
31	1	1000000
32	1	1000000
33	1	1000000
34	1	1000000
35	1	1000000
36	1	1000000
37	1	1000000
38	1	1000000
39	1	1000000
40	1	1000000
41	1	1000000
42	1	1000000
43	1	1000000
44	1	1000000
45	1	1000000
46	1	1000000
47	1	1000000
48	1	1000000
49	1	1000000
50	1	1000000
51	1	1000000
52	1	1000000
53	1	1000000
54	1	1000000
55	1	1000000
56	1	999999	2	1
57	1	1000000
58	1	1000000
59	1	999997	2	3
60	1	1000000
61	1	999999	2	1
62	1	999993	2	7
63	1	1000000
64	1	999998	2	2
65	1	999968	2	32
66	1	999919	2	81
67	1	999996	2	4
68	1	999773	2	227
69	1	999940	2	60
70	1	999919	2	81
71	1	999848	2	152
72	1	999814	2	186
73	1	999608	2	392
74	1	999109	2	891
75	1	999280	2	720
76	1	998929	2	1071
77	1	998634	2	1365	3	1
78	1	997699	2	2300	3	1
79	1	995760	2	4235	3	5
80	1	991642	2	8338	3	20
81	1	990324	2	9630	3	46
82	1	986193	2	13737	3	70
83	1	974760	2	24999	3	239	4	2
84	1	977358	2	22455	3	187
85	1	961860	2	37471	3	661	4	7	5	1
86	1	945219	2	53551	3	1212	4	18
87	1	916978	2	79459	3	3457	4	103	5	3
88	1	876203	2	117466	3	6140	4	188	5	3
89	1	871887	2	120550	3	7280	4	277	5	5	6	1
90	1	760789	2	211762	3	25536	4	1819	5	94
91	1	729587	2	229390	3	37116	4	3633	5	264	6	10
92	1	611564	2	308272	3	69531	4	9655	5	906	6	67	7	5
93	1	562457	2	330214	3	90634	4	15014	5	1568	6	105	7	8
94	1	366803	2	376944	3	189588	4	55172	5	10250	6	1165	7	72	8	6
95	1	333573	2	360977	3	201954	4	77743	5	21207	6	4001	7	507	8	37	9	1
96	1	191160	2	311596	3	270274	4	150427	5	57727	6	15517	7	2885	8	372	9	40	10	2
97	1	132798	2	272382	3	250554	4	187636	5	102530	6	40582	7	11164	8	2049	9	278	10	26	11	1
98	1	74249	2	168923	3	252793	4	221781	5	158295	6	81836	7	31623	8	8591	9	1670	10	218	11	20	12	1
99	1	39345	2	150714	3	201023	4	218437	5	173529	6	121282	7	63255	8	24356	9	6632	10	1239	11	173	12	13	13	2
100	1	233055	2	30707	3	114861	4	153898	5	168111	6	133254	7	93385	8	47884	9	18631	10	5132	11	962	12	110	13	10
