v1	v2	v3	v4	v5	v6	v7	v8	v9	v10	over10
1000000	0	0	0	0	0	0	0	0	0	0
1000000	0	0	0	0	0	0	0	0	0	0
1000000	0	0	0	0	0	0	0	0	0	0
1000000	0	0	0	0	0	0	0	0	0	0
1000000	0	0	0	0	0	0	0	0	0	0
1000000	0	0	0	0	0	0	0	0	0	0
1000000	0	0	0	0	0	0	0	0	0	0
1000000	0	0	0	0	0	0	0	0	0	0
1000000	0	0	0	0	0	0	0	0	0	0
1000000	0	0	0	0	0	0	0	0	0	0
1000000	0	0	0	0	0	0	0	0	0	0
1000000	0	0	0	0	0	0	0	0	0	0
1000000	0	0	0	0	0	0	0	0	0	0
1000000	0	0	0	0	0	0	0	0	0	0
1000000	0	0	0	0	0	0	0	0	0	0
1000000	0	0	0	0	0	0	0	0	0	0
1000000	0	0	0	0	0	0	0	0	0	0
1000000	0	0	0	0	0	0	0	0	0	0
1000000	0	0	0	0	0	0	0	0	0	0
1000000	0	0	0	0	0	0	0	0	0	0
1000000	0	0	0	0	0	0	0	0	0	0
1000000	0	0	0	0	0	0	0	0	0	0
1000000	0	0	0	0	0	0	0	0	0	0
1000000	0	0	0	0	0	0	0	0	0	0
1000000	0	0	0	0	0	0	0	0	0	0
1000000	0	0	0	0	0	0	0	0	0	0
1000000	0	0	0	0	0	0	0	0	0	0
1000000	0	0	0	0	0	0	0	0	0	0
1000000	0	0	0	0	0	0	0	0	0	0
1000000	0	0	0	0	0	0	0	0	0	0
1000000	0	0	0	0	0	0	0	0	0	0
1000000	0	0	0	0	0	0	0	0	0	0
1000000	0	0	0	0	0	0	0	0	0	0
1000000	0	0	0	0	0	0	0	0	0	0
1000000	0	0	0	0	0	0	0	0	0	0
1000000	0	0	0	0	0	0	0	0	0	0
1000000	0	0	0	0	0	0	0	0	0	0
1000000	0	0	0	0	0	0	0	0	0	0
1000000	0	0	0	0	0	0	0	0	0	0
1000000	0	0	0	0	0	0	0	0	0	0
1000000	0	0	0	0	0	0	0	0	0	0
1000000	0	0	0	0	0	0	0	0	0	0
1000000	0	0	0	0	0	0	0	0	0	0
1000000	0	0	0	0	0	0	0	0	0	0
1000000	0	0	0	0	0	0	0	0	0	0
1000000	0	0	0	0	0	0	0	0	0	0
1000000	0	0	0	0	0	0	0	0	0	0
1000000	0	0	0	0	0	0	0	0	0	0
1000000	0	0	0	0	0	0	0	0	0	0
1000000	0	0	0	0	0	0	0	0	0	0
1000000	0	0	0	0	0	0	0	0	0	0
1000000	0	0	0	0	0	0	0	0	0	0
1000000	0	0	0	0	0	0	0	0	0	0
1000000	0	0	0	0	0	0	0	0	0	0
1000000	0	0	0	0	0	0	0	0	0	0
1000000	0	0	0	0	0	0	0	0	0	0
1000000	0	0	0	0	0	0	0	0	0	0
1000000	0	0	0	0	0	0	0	0	0	0
1000000	0	0	0	0	0	0	0	0	0	0
1000000	0	0	0	0	0	0	0	0	0	0
1000000	0	0	0	0	0	0	0	0	0	0
1000000	0	0	0	0	0	0	0	0	0	0
1000000	0	0	0	0	0	0	0	0	0	0
1000000	0	0	0	0	0	0	0	0	0	0
1000000	0	0	0	0	0	0	0	0	0	0
999998	2	0	0	0	0	0	0	0	0	0
1000000	0	0	0	0	0	0	0	0	0	0
999987	13	0	0	0	0	0	0	0	0	0
999999	1	0	0	0	0	0	0	0	0	0
999994	6	0	0	0	0	0	0	0	0	0
999992	8	0	0	0	0	0	0	0	0	0
999992	8	0	0	0	0	0	0	0	0	0
999979	21	0	0	0	0	0	0	0	0	0
999929	71	0	0	0	0	0	0	0	0	0
999943	57	0	0	0	0	0	0	0	0	0
999913	87	0	0	0	0	0	0	0	0	0
999883	117	0	0	0	0	0	0	0	0	0
999765	235	0	0	0	0	0	0	0	0	0
999481	519	0	0	0	0	0	0	0	0	0
998757	1243	0	0	0	0	0	0	0	0	0
998384	1615	1	0	0	0	0	0	0	0	0
997678	2322	0	0	0	0	0	0	0	0	0
994380	5616	4	0	0	0	0	0	0	0	0
995681	4311	8	0	0	0	0	0	0	0	0
991130	8843	27	0	0	0	0	0	0	0	0
986265	13670	65	0	0	0	0	0	0	0	0
974142	25516	340	2	0	0	0	0	0	0	0
958116	41243	633	8	0	0	0	0	0	0	0
956664	42518	807	11	0	0	0	0	0	0	0
896874	98754	4267	103	2	0	0	0	0	0	0
874953	116553	8173	312	9	0	0	0	0	0	0
792450	187187	19144	1166	51	2	0	0	0	0	0
752467	217520	27902	2032	76	3	0	0	0	0	0
568851	326695	89846	13385	1161	61	1	0	0	0	0
520394	337380	113202	24991	3690	326	16	1	0	0	0
339761	364626	205813	71136	16060	2349	237	18	0	0	0
247688	344803	228618	122737	43913	10459	1616	156	9	1	0
142995	253708	284583	184048	93868	31906	7610	1169	106	7	0
79742	232059	243497	216858	131692	66996	22816	5461	790	86	3
282394	57499	166229	175353	154740	94977	47974	16398	3751	629	56
