1	1	1000000
2	1	1000000
3	1	1000000
4	1	1000000
5	1	1000000
6	1	1000000
7	1	1000000
8	1	1000000
9	1	1000000
10	1	1000000
11	1	1000000
12	1	1000000
13	1	1000000
14	1	1000000
15	1	1000000
16	1	1000000
17	1	1000000
18	1	1000000
19	1	1000000
20	1	1000000
21	1	1000000
22	1	1000000
23	1	1000000
24	1	1000000
25	1	1000000
26	1	1000000
27	1	1000000
28	1	1000000
29	1	1000000
30	1	1000000
31	1	1000000
32	1	1000000
33	1	1000000
34	1	1000000
35	1	1000000
36	1	1000000
37	1	1000000
38	1	1000000
39	1	1000000
40	1	1000000
41	1	1000000
42	1	1000000
43	1	1000000
44	1	1000000
45	1	1000000
46	1	1000000
47	1	1000000
48	1	1000000
49	1	1000000
50	1	1000000
51	1	1000000
52	1	1000000
53	1	1000000
54	1	1000000
55	1	1000000
56	1	999999	2	1
57	1	1000000
58	1	1000000
59	1	1000000
60	1	1000000
61	1	999999	2	1
62	1	999999	2	1
63	1	1000000
64	1	1000000
65	1	999987	2	13
66	1	999953	2	47
67	1	1000000
68	1	999870	2	130
69	1	999974	2	26
70	1	999950	2	50
71	1	999930	2	70
72	1	999910	2	90
73	1	999763	2	237
74	1	999474	2	526
75	1	999565	2	435
76	1	999313	2	687
77	1	999184	2	816
78	1	998569	2	1431
79	1	997112	2	2885	3	3
80	1	994130	2	5865	3	5
81	1	993176	2	6807	3	17
82	1	990502	2	9451	3	47
83	1	981146	2	18744	3	110
84	1	983747	2	16170	3	82	4	1
85	1	971003	2	28591	3	405	4	1
86	1	957773	2	41487	3	733	4	7
87	1	934227	2	63575	3	2158	4	40
88	1	899671	2	96361	3	3893	4	74	5	1
89	1	896884	2	98319	3	4670	4	122	5	5
90	1	796564	2	184106	3	18235	4	1049	5	45	6	1
91	1	766494	2	203257	3	27810	4	2312	5	122	6	5
92	1	653393	2	284601	3	54964	4	6540	5	467	6	33	7	2
93	1	606950	2	309193	3	72798	4	10091	5	911	6	55	7	1	8	1
94	1	408974	2	374339	3	166718	4	42563	5	6712	6	652	7	41	8	1
95	1	373108	2	362580	3	183444	4	62959	5	15122	6	2475	7	295	8	17
96	1	218446	2	328598	3	262640	4	132172	5	45627	6	10504	7	1783	8	216	9	14
97	1	154943	2	290649	3	249550	4	175640	5	88140	6	31846	7	7720	8	1365	9	139	10	7	11	1
98	1	86434	2	186711	3	264204	4	216742	5	145287	6	69384	7	24262	8	5834	9	1020	10	110	11	11	12	1
99	1	46884	2	166052	3	211949	4	221971	5	167147	6	110164	7	52237	8	18443	9	4370	10	697	11	77	12	7	13	2
100	1	242305	2	35669	3	126113	4	160395	5	168071	6	126336	7	83139	8	40074	9	13846	10	3413	11	578	12	56	13	5
