1	1	1000000
2	1	1000000
3	1	1000000
4	1	1000000
5	1	1000000
6	1	1000000
7	1	1000000
8	1	1000000
9	1	1000000
10	1	1000000
11	1	1000000
12	1	1000000
13	1	1000000
14	1	1000000
15	1	1000000
16	1	1000000
17	1	1000000
18	1	1000000
19	1	1000000
20	1	1000000
21	1	1000000
22	1	1000000
23	1	1000000
24	1	1000000
25	1	1000000
26	1	1000000
27	1	1000000
28	1	1000000
29	1	1000000
30	1	1000000
31	1	1000000
32	1	1000000
33	1	1000000
34	1	1000000
35	1	1000000
36	1	1000000
37	1	1000000
38	1	1000000
39	1	1000000
40	1	1000000
41	1	1000000
42	1	1000000
43	1	1000000
44	1	1000000
45	1	1000000
46	1	1000000
47	1	1000000
48	1	1000000
49	1	1000000
50	1	1000000
51	1	1000000
52	1	1000000
53	1	1000000
54	1	1000000
55	1	1000000
56	1	1000000
57	1	1000000
58	1	1000000
59	1	1000000
60	1	1000000
61	1	1000000
62	1	1000000
63	1	1000000
64	1	1000000
65	1	1000000
66	1	999996	2	4
67	1	1000000
68	1	999994	2	6
69	1	999999	2	1
70	1	999998	2	2
71	1	999997	2	3
72	1	999998	2	2
73	1	999996	2	4
74	1	999954	2	46
75	1	999965	2	35
76	1	999950	2	50
77	1	999934	2	66
78	1	999886	2	114
79	1	999666	2	333	3	1
80	1	999194	2	806
81	1	998951	2	1048	3	1
82	1	998425	2	1573	3	2
83	1	995861	2	4135	3	4
84	1	996976	2	3023	3	1
85	1	993523	2	6459	3	18
86	1	989508	2	10457	3	35
87	1	980009	2	19798	3	193
88	1	966620	2	32960	3	418	4	2
89	1	965080	2	34422	3	495	4	3
90	1	913749	2	83148	3	3036	4	66	5	1
91	1	893858	2	100013	3	5940	4	184	5	4	6	1
92	1	818468	2	166355	3	14396	4	759	5	21	6	1
93	1	781521	2	195402	3	21756	4	1291	5	30
94	1	603085	2	310240	3	76017	4	9897	5	736	6	25
95	1	555298	2	324113	3	98427	4	19512	5	2444	6	195	7	10	8	1
96	1	369226	2	366953	3	189835	4	60170	5	12138	6	1553	7	122	8	3
97	1	272789	2	352380	3	220096	4	110113	5	35804	6	7556	7	1180	8	78	9	4
98	1	159307	2	268441	3	285538	4	172660	5	81971	6	25902	7	5443	8	666	9	67	10	5
99	1	89124	2	247014	3	249013	4	211475	5	122622	6	58063	7	18191	8	3910	9	538	10	48	11	2
100	1	292866	2	63430	3	174841	4	175409	5	150078	6	85926	7	41265	8	12951	9	2775	10	423	11	34	12	2
