1	1	1000000
2	1	1000000
3	1	1000000
4	1	1000000
5	1	1000000
6	1	1000000
7	1	1000000
8	1	1000000
9	1	1000000
10	1	1000000
11	1	1000000
12	1	1000000
13	1	1000000
14	1	1000000
15	1	1000000
16	1	1000000
17	1	1000000
18	1	1000000
19	1	1000000
20	1	1000000
21	1	1000000
22	1	1000000
23	1	1000000
24	1	1000000
25	1	1000000
26	1	1000000
27	1	1000000
28	1	1000000
29	1	1000000
30	1	1000000
31	1	1000000
32	1	1000000
33	1	1000000
34	1	1000000
35	1	1000000
36	1	1000000
37	1	1000000
38	1	1000000
39	1	1000000
40	1	1000000
41	1	1000000
42	1	1000000
43	1	1000000
44	1	1000000
45	1	1000000
46	1	1000000
47	1	1000000
48	1	1000000
49	1	1000000
50	1	1000000
51	1	1000000
52	1	1000000
53	1	1000000
54	1	1000000
55	1	1000000
56	1	999999	2	1
57	1	1000000
58	1	1000000
59	1	999997	2	3
60	1	999999	2	1
61	1	999998	2	2
62	1	999985	2	15
63	1	999995	2	5
64	1	999995	2	5
65	1	999931	2	69
66	1	999860	2	140
67	1	999992	2	8
68	1	999672	2	328
69	1	999909	2	91
70	1	999822	2	178
71	1	999736	2	264
72	1	999682	2	318
73	1	999339	2	661
74	1	998627	2	1373
75	1	998798	2	1202
76	1	998318	2	1681	3	1
77	1	997917	2	2080	3	3
78	1	996531	2	3464	3	5
79	1	993798	2	6188	3	14
80	1	987973	2	11995	3	32
81	1	986289	2	13620	3	89	4	2
82	1	981077	2	18785	3	138
83	1	966400	2	33180	3	414	4	6
84	1	969237	2	30426	3	335	4	2
85	1	949189	2	49636	3	1152	4	22	5	1
86	1	928919	2	68961	3	2083	4	35	5	2
87	1	896249	2	98284	3	5277	4	184	5	4	6	2
88	1	847164	2	143074	3	9425	4	324	5	12	6	1
89	1	844358	2	144047	3	11076	4	507	5	12
90	1	720900	2	241023	3	34880	4	3038	5	150	6	9
91	1	687322	2	257267	3	49136	4	5810	5	438	6	25	7	2
92	1	565046	2	331917	3	87076	4	14270	5	1558	6	130	7	3
93	1	515156	2	349014	3	111110	4	21688	5	2769	6	238	7	24	8	1
94	1	325271	2	374258	3	212391	4	70658	5	15194	6	2024	7	191	8	13
95	1	295329	2	354706	3	219555	4	94359	5	28707	6	6250	7	962	8	120	9	10	10	2
96	1	164553	2	292069	3	276040	4	168817	5	71864	6	21311	7	4578	8	698	9	67	10	3
97	1	113737	2	252020	3	247076	4	198019	5	117373	6	51655	7	15966	8	3587	9	501	10	59	11	7
98	1	62689	2	150739	3	239229	4	223682	5	170584	6	96430	7	41067	8	12388	9	2749	10	394	11	45	12	4
99	1	33394	2	133423	3	188117	4	213888	5	179400	6	133877	7	74193	8	31607	9	9745	10	2015	11	312	12	28	13	1
100	1	222473	2	25775	3	103886	4	146198	5	166362	6	139250	7	103384	8	58213	9	24751	10	7681	11	1736	12	259	13	30	14	2
