v1	v2	v3	v4	v5	v6	v7	v8	v9	v10	over10
1000000	0	0	0	0	0	0	0	0	0	0
1000000	0	0	0	0	0	0	0	0	0	0
1000000	0	0	0	0	0	0	0	0	0	0
1000000	0	0	0	0	0	0	0	0	0	0
1000000	0	0	0	0	0	0	0	0	0	0
1000000	0	0	0	0	0	0	0	0	0	0
1000000	0	0	0	0	0	0	0	0	0	0
1000000	0	0	0	0	0	0	0	0	0	0
1000000	0	0	0	0	0	0	0	0	0	0
1000000	0	0	0	0	0	0	0	0	0	0
1000000	0	0	0	0	0	0	0	0	0	0
1000000	0	0	0	0	0	0	0	0	0	0
1000000	0	0	0	0	0	0	0	0	0	0
1000000	0	0	0	0	0	0	0	0	0	0
1000000	0	0	0	0	0	0	0	0	0	0
1000000	0	0	0	0	0	0	0	0	0	0
1000000	0	0	0	0	0	0	0	0	0	0
1000000	0	0	0	0	0	0	0	0	0	0
1000000	0	0	0	0	0	0	0	0	0	0
1000000	0	0	0	0	0	0	0	0	0	0
1000000	0	0	0	0	0	0	0	0	0	0
1000000	0	0	0	0	0	0	0	0	0	0
1000000	0	0	0	0	0	0	0	0	0	0
1000000	0	0	0	0	0	0	0	0	0	0
1000000	0	0	0	0	0	0	0	0	0	0
1000000	0	0	0	0	0	0	0	0	0	0
1000000	0	0	0	0	0	0	0	0	0	0
1000000	0	0	0	0	0	0	0	0	0	0
1000000	0	0	0	0	0	0	0	0	0	0
1000000	0	0	0	0	0	0	0	0	0	0
1000000	0	0	0	0	0	0	0	0	0	0
1000000	0	0	0	0	0	0	0	0	0	0
1000000	0	0	0	0	0	0	0	0	0	0
1000000	0	0	0	0	0	0	0	0	0	0
1000000	0	0	0	0	0	0	0	0	0	0
1000000	0	0	0	0	0	0	0	0	0	0
1000000	0	0	0	0	0	0	0	0	0	0
1000000	0	0	0	0	0	0	0	0	0	0
1000000	0	0	0	0	0	0	0	0	0	0
1000000	0	0	0	0	0	0	0	0	0	0
1000000	0	0	0	0	0	0	0	0	0	0
1000000	0	0	0	0	0	0	0	0	0	0
1000000	0	0	0	0	0	0	0	0	0	0
1000000	0	0	0	0	0	0	0	0	0	0
1000000	0	0	0	0	0	0	0	0	0	0
1000000	0	0	0	0	0	0	0	0	0	0
1000000	0	0	0	0	0	0	0	0	0	0
1000000	0	0	0	0	0	0	0	0	0	0
1000000	0	0	0	0	0	0	0	0	0	0
1000000	0	0	0	0	0	0	0	0	0	0
1000000	0	0	0	0	0	0	0	0	0	0
1000000	0	0	0	0	0	0	0	0	0	0
1000000	0	0	0	0	0	0	0	0	0	0
1000000	0	0	0	0	0	0	0	0	0	0
1000000	0	0	0	0	0	0	0	0	0	0
999999	1	0	0	0	0	0	0	0	0	0
1000000	0	0	0	0	0	0	0	0	0	0
1000000	0	0	0	0	0	0	0	0	0	0
1000000	0	0	0	0	0	0	0	0	0	0
1000000	0	0	0	0	0	0	0	0	0	0
999999	1	0	0	0	0	0	0	0	0	0
999999	1	0	0	0	0	0	0	0	0	0
1000000	0	0	0	0	0	0	0	0	0	0
1000000	0	0	0	0	0	0	0	0	0	0
999987	13	0	0	0	0	0	0	0	0	0
999953	47	0	0	0	0	0	0	0	0	0
1000000	0	0	0	0	0	0	0	0	0	0
999870	130	0	0	0	0	0	0	0	0	0
999974	26	0	0	0	0	0	0	0	0	0
999950	50	0	0	0	0	0	0	0	0	0
999930	70	0	0	0	0	0	0	0	0	0
999910	90	0	0	0	0	0	0	0	0	0
999763	237	0	0	0	0	0	0	0	0	0
999474	526	0	0	0	0	0	0	0	0	0
999565	435	0	0	0	0	0	0	0	0	0
999313	687	0	0	0	0	0	0	0	0	0
999184	816	0	0	0	0	0	0	0	0	0
998569	1431	0	0	0	0	0	0	0	0	0
997112	2885	3	0	0	0	0	0	0	0	0
994130	5865	5	0	0	0	0	0	0	0	0
993176	6807	17	0	0	0	0	0	0	0	0
990502	9451	47	0	0	0	0	0	0	0	0
981146	18744	110	0	0	0	0	0	0	0	0
983747	16170	82	1	0	0	0	0	0	0	0
971003	28591	405	1	0	0	0	0	0	0	0
957773	41487	733	7	0	0	0	0	0	0	0
934227	63575	2158	40	0	0	0	0	0	0	0
899671	96361	3893	74	1	0	0	0	0	0	0
896884	98319	4670	122	5	0	0	0	0	0	0
796564	184106	18235	1049	45	1	0	0	0	0	0
766494	203257	27810	2312	122	5	0	0	0	0	0
653393	284601	54964	6540	467	33	2	0	0	0	0
606950	309193	72798	10091	911	55	1	1	0	0	0
408974	374339	166718	42563	6712	652	41	1	0	0	0
373108	362580	183444	62959	15122	2475	295	17	0	0	0
218446	328598	262640	132172	45627	10504	1783	216	14	0	0
154943	290649	249550	175640	88140	31846	7720	1365	139	7	1
86434	186711	264204	216742	145287	69384	24262	5834	1020	110	12
46884	166052	211949	221971	167147	110164	52237	18443	4370	697	86
242305	35669	126113	160395	168071	126336	83139	40074	13846	3413	639
