1	1	1000000
2	1	1000000
3	1	1000000
4	1	1000000
5	1	1000000
6	1	1000000
7	1	1000000
8	1	1000000
9	1	1000000
10	1	1000000
11	1	1000000
12	1	1000000
13	1	1000000
14	1	1000000
15	1	1000000
16	1	1000000
17	1	1000000
18	1	1000000
19	1	1000000
20	1	1000000
21	1	1000000
22	1	1000000
23	1	1000000
24	1	1000000
25	1	1000000
26	1	1000000
27	1	1000000
28	1	1000000
29	1	1000000
30	1	1000000
31	1	1000000
32	1	1000000
33	1	1000000
34	1	1000000
35	1	1000000
36	1	1000000
37	1	1000000
38	1	1000000
39	1	1000000
40	1	1000000
41	1	1000000
42	1	1000000
43	1	1000000
44	1	1000000
45	1	1000000
46	1	1000000
47	1	1000000
48	1	1000000
49	1	1000000
50	1	1000000
51	1	1000000
52	1	1000000
53	1	1000000
54	1	1000000
55	1	1000000
56	1	1000000
57	1	1000000
58	1	1000000
59	1	1000000
60	1	1000000
61	1	1000000
62	1	1000000
63	1	1000000
64	1	1000000
65	1	1000000
66	1	1000000
67	1	1000000
68	1	1000000
69	1	1000000
70	1	1000000
71	1	1000000
72	1	1000000
73	1	1000000
74	1	999999	2	1
75	1	1000000
76	1	1000000
77	1	999998	2	2
78	1	999998	2	2
79	1	999997	2	3
80	1	999975	2	25
81	1	999975	2	25
82	1	999967	2	33
83	1	999795	2	205
84	1	999906	2	94
85	1	999690	2	310
86	1	999481	2	519
87	1	998138	2	1862
88	1	996680	2	3319	3	1
89	1	996208	2	3788	3	4
90	1	985438	2	14506	3	56
91	1	979741	2	20003	3	256
92	1	953781	2	45371	3	839	4	9
93	1	936803	2	61693	3	1494	4	10
94	1	840554	2	147067	3	11943	4	432	5	4
95	1	797248	2	180316	3	20940	4	1439	5	56	6	1
96	1	625102	2	295393	3	69563	4	9272	5	641	6	28	7	1
97	1	502224	2	340879	3	120385	4	31552	5	4550	6	391	7	18	8	1
98	1	320488	2	353290	3	224380	4	79024	5	19732	6	2827	7	249	8	10
99	1	192292	2	356638	3	248622	4	139704	5	48744	6	12071	7	1782	8	142	9	5
100	1	383697	2	118621	3	220060	4	153211	5	86245	6	29684	7	7351	8	1048	9	78	10	5
