1	1	1000000
2	1	1000000
3	1	1000000
4	1	1000000
5	1	1000000
6	1	1000000
7	1	1000000
8	1	1000000
9	1	1000000
10	1	1000000
11	1	1000000
12	1	1000000
13	1	1000000
14	1	1000000
15	1	1000000
16	1	1000000
17	1	1000000
18	1	1000000
19	1	1000000
20	1	1000000
21	1	1000000
22	1	1000000
23	1	1000000
24	1	1000000
25	1	1000000
26	1	1000000
27	1	1000000
28	1	1000000
29	1	1000000
30	1	1000000
31	1	1000000
32	1	1000000
33	1	1000000
34	1	1000000
35	1	1000000
36	1	1000000
37	1	1000000
38	1	1000000
39	1	1000000
40	1	1000000
41	1	1000000
42	1	1000000
43	1	1000000
44	1	1000000
45	1	1000000
46	1	1000000
47	1	1000000
48	1	1000000
49	1	1000000
50	1	1000000
51	1	1000000
52	1	1000000
53	1	1000000
54	1	1000000
55	1	1000000
56	1	1000000
57	1	1000000
58	1	1000000
59	1	1000000
60	1	1000000
61	1	1000000
62	1	1000000
63	1	1000000
64	1	1000000
65	1	1000000
66	1	1000000
67	1	1000000
68	1	1000000
69	1	1000000
70	1	1000000
71	1	1000000
72	1	1000000
73	1	1000000
74	1	999999	2	1
75	1	999997	2	3
76	1	999996	2	4
77	1	999994	2	6
78	1	999989	2	11
79	1	999969	2	31
80	1	999896	2	104
81	1	999877	2	123
82	1	999800	2	200
83	1	999157	2	843
84	1	999531	2	469
85	1	998723	2	1277
86	1	997763	2	2236	3	1
87	1	994398	2	5590	3	12
88	1	990306	2	9657	3	37
89	1	989359	2	10600	3	41
90	1	966553	2	33019	3	426	4	2
91	1	956153	2	42766	3	1074	4	7
92	1	912608	2	84118	3	3207	4	65	5	1	6	1
93	1	887717	2	106720	3	5425	4	136	5	2
94	1	754148	2	214903	3	29038	4	1834	5	75	6	2
95	1	705566	2	245172	3	44023	4	4928	5	297	6	12	7	2
96	1	518439	2	341584	3	114815	4	22293	5	2661	6	198	7	10
97	1	400104	2	362468	3	165575	4	57994	5	12154	6	1564	7	128	8	13
98	1	245495	2	327493	3	261331	4	117456	5	39130	6	8009	7	1006	8	76	9	4
99	1	143573	2	315018	3	257838	4	175602	5	76536	6	25472	7	5243	8	675	9	41	10	2
100	1	343533	2	94709	3	206469	4	169191	5	114887	6	50506	7	16786	8	3456	9	430	10	33
