1	1	1000000
2	1	1000000
3	1	1000000
4	1	1000000
5	1	1000000
6	1	1000000
7	1	1000000
8	1	1000000
9	1	1000000
10	1	1000000
11	1	1000000
12	1	1000000
13	1	1000000
14	1	1000000
15	1	1000000
16	1	1000000
17	1	1000000
18	1	1000000
19	1	1000000
20	1	1000000
21	1	1000000
22	1	1000000
23	1	1000000
24	1	1000000
25	1	1000000
26	1	1000000
27	1	1000000
28	1	1000000
29	1	1000000
30	1	1000000
31	1	1000000
32	1	1000000
33	1	1000000
34	1	1000000
35	1	1000000
36	1	1000000
37	1	1000000
38	1	1000000
39	1	1000000
40	1	1000000
41	1	1000000
42	1	1000000
43	1	1000000
44	1	1000000
45	1	1000000
46	1	1000000
47	1	1000000
48	1	1000000
49	1	1000000
50	1	1000000
51	1	1000000
52	1	1000000
53	1	1000000
54	1	1000000
55	1	1000000
56	1	1000000
57	1	1000000
58	1	1000000
59	1	1000000
60	1	1000000
61	1	1000000
62	1	1000000
63	1	1000000
64	1	1000000
65	1	1000000
66	1	1000000
67	1	1000000
68	1	999997	2	3
69	1	999999	2	1
70	1	999999	2	1
71	1	999996	2	4
72	1	999997	2	3
73	1	999992	2	8
74	1	999976	2	24
75	1	999982	2	18
76	1	999969	2	31
77	1	999965	2	35
78	1	999916	2	84
79	1	999777	2	223
80	1	999439	2	561
81	1	999330	2	670
82	1	998897	2	1101	3	2
83	1	996957	2	3040	3	3
84	1	997829	2	2170	3	1
85	1	995212	2	4775	3	12	4	1
86	1	992199	2	7778	3	23
87	1	984470	2	15395	3	135
88	1	974109	2	25661	3	230
89	1	972087	2	27634	3	278	4	1
90	1	928379	2	69562	3	2025	4	33	5	1
91	1	910828	2	84817	3	4237	4	117	5	1
92	1	842184	2	146562	3	10781	4	465	5	8
93	1	806954	2	175308	3	16823	4	892	5	22	6	1
94	1	636949	2	292402	3	63030	4	7155	5	450	6	14
95	1	588830	2	309909	3	84530	4	14943	5	1674	6	106	7	7	8	1
96	1	400479	2	365961	3	173660	4	49688	5	9121	6	1022	7	69
97	1	297937	2	358049	3	209499	4	98470	5	29529	6	5769	7	695	8	51	9	1
98	1	176350	2	283165	3	282715	4	160868	5	71738	6	20690	7	3950	8	483	9	40	10	1
99	1	99364	2	261987	3	253061	4	205370	5	112561	6	50126	7	14464	8	2743	9	299	10	23	11	2
100	1	303240	2	69163	3	182865	4	176342	5	142864	6	78445	7	34861	8	10012	9	1945	10	245	11	18
