1	1	1000000
2	1	1000000
3	1	1000000
4	1	1000000
5	1	1000000
6	1	1000000
7	1	1000000
8	1	1000000
9	1	1000000
10	1	1000000
11	1	1000000
12	1	1000000
13	1	1000000
14	1	1000000
15	1	1000000
16	1	1000000
17	1	1000000
18	1	1000000
19	1	1000000
20	1	1000000
21	1	1000000
22	1	1000000
23	1	1000000
24	1	1000000
25	1	1000000
26	1	1000000
27	1	1000000
28	1	1000000
29	1	1000000
30	1	1000000
31	1	1000000
32	1	1000000
33	1	1000000
34	1	1000000
35	1	1000000
36	1	1000000
37	1	1000000
38	1	1000000
39	1	1000000
40	1	1000000
41	1	1000000
42	1	1000000
43	1	1000000
44	1	1000000
45	1	1000000
46	1	1000000
47	1	1000000
48	1	1000000
49	1	1000000
50	1	1000000
51	1	1000000
52	1	1000000
53	1	1000000
54	1	1000000
55	1	1000000
56	1	1000000
57	1	1000000
58	1	1000000
59	1	1000000
60	1	1000000
61	1	1000000
62	1	1000000
63	1	1000000
64	1	1000000
65	1	1000000
66	1	1000000
67	1	1000000
68	1	1000000
69	1	1000000
70	1	1000000
71	1	1000000
72	1	1000000
73	1	1000000
74	1	1000000
75	1	1000000
76	1	999999	2	1
77	1	999998	2	2
78	1	999997	2	3
79	1	999993	2	7
80	1	999980	2	20
81	1	999964	2	36
82	1	999936	2	64
83	1	999730	2	270
84	1	999842	2	158
85	1	999552	2	448
86	1	999197	2	803
87	1	997542	2	2455	3	3
88	1	995570	2	4426	3	4
89	1	995094	2	4901	3	5
90	1	982011	2	17883	3	105	4	1
91	1	975339	2	24310	3	349	4	2
92	1	945780	2	53061	3	1149	4	10
93	1	926593	2	71230	3	2137	4	40
94	1	821319	2	162851	3	15137	4	675	5	18
95	1	776142	2	196217	3	25623	4	1927	5	90	6	1
96	1	600304	2	308107	3	79225	4	11364	5	940	6	60
97	1	477108	2	347689	3	131461	4	37196	5	5939	6	579	7	28
98	1	301458	2	348282	3	234921	4	87673	5	23735	6	3579	7	338	8	13	9	1
99	1	179169	2	349209	3	250927	4	148740	5	54637	6	14734	7	2324	8	251	9	9
100	1	373776	2	112528	3	217534	4	157608	5	93384	6	34412	7	9194	8	1435	9	124	10	5
