1	1	1000000
2	1	1000000
3	1	1000000
4	1	1000000
5	1	1000000
6	1	1000000
7	1	1000000
8	1	1000000
9	1	1000000
10	1	1000000
11	1	1000000
12	1	1000000
13	1	1000000
14	1	1000000
15	1	1000000
16	1	1000000
17	1	1000000
18	1	1000000
19	1	1000000
20	1	1000000
21	1	1000000
22	1	1000000
23	1	1000000
24	1	1000000
25	1	1000000
26	1	1000000
27	1	1000000
28	1	1000000
29	1	1000000
30	1	1000000
31	1	1000000
32	1	1000000
33	1	1000000
34	1	1000000
35	1	1000000
36	1	1000000
37	1	1000000
38	1	1000000
39	1	1000000
40	1	1000000
41	1	1000000
42	1	1000000
43	1	1000000
44	1	1000000
45	1	1000000
46	1	1000000
47	1	1000000
48	1	1000000
49	1	1000000
50	1	1000000
51	1	1000000
52	1	1000000
53	1	1000000
54	1	1000000
55	1	1000000
56	1	1000000
57	1	1000000
58	1	1000000
59	1	1000000
60	1	1000000
61	1	1000000
62	1	1000000
63	1	1000000
64	1	1000000
65	1	1000000
66	1	1000000
67	1	1000000
68	1	999996	2	4
69	1	1000000
70	1	1000000
71	1	1000000
72	1	999998	2	2
73	1	999997	2	3
74	1	999981	2	19
75	1	999987	2	13
76	1	999981	2	19
77	1	999979	2	21
78	1	999943	2	57
79	1	999875	2	125
80	1	999629	2	371
81	1	999479	2	521
82	1	999264	2	736
83	1	997804	2	2194	3	2
84	1	998576	2	1423	3	1
85	1	996554	2	3441	3	5
86	1	994196	2	5793	3	11
87	1	987696	2	12248	3	56
88	1	979784	2	20100	3	116
89	1	977975	2	21839	3	184	4	2
90	1	940075	2	58530	3	1385	4	10
91	1	925124	2	71731	3	3082	4	61	5	2
92	1	863351	2	128490	3	7863	4	291	5	5
93	1	830943	2	155973	3	12542	4	531	5	11
94	1	668888	2	273167	3	52493	4	5169	5	275	6	8
95	1	620041	2	294478	3	72696	4	11574	5	1130	6	78	7	3
96	1	430165	2	363315	3	158017	4	41083	5	6689	6	680	7	49	8	1	9	1
97	1	324066	2	361295	3	199286	4	86825	5	23823	6	4225	7	439	8	40	9	1
98	1	192722	2	294977	3	279127	4	150575	5	62842	6	16604	7	2823	8	299	9	28	10	3
99	1	109324	2	275950	3	255915	4	198769	5	103512	6	42931	7	11390	8	2004	9	193	10	10	11	2
100	1	313437	2	75080	3	189615	4	175667	5	136432	6	71039	7	29428	8	7730	9	1412	10	147	11	12	12	1
