v1	v2	v3	v4	v5	v6	v7	v8	v9	v10	over10
1000000	0	0	0	0	0	0	0	0	0	0
1000000	0	0	0	0	0	0	0	0	0	0
1000000	0	0	0	0	0	0	0	0	0	0
1000000	0	0	0	0	0	0	0	0	0	0
1000000	0	0	0	0	0	0	0	0	0	0
1000000	0	0	0	0	0	0	0	0	0	0
1000000	0	0	0	0	0	0	0	0	0	0
1000000	0	0	0	0	0	0	0	0	0	0
1000000	0	0	0	0	0	0	0	0	0	0
1000000	0	0	0	0	0	0	0	0	0	0
1000000	0	0	0	0	0	0	0	0	0	0
1000000	0	0	0	0	0	0	0	0	0	0
1000000	0	0	0	0	0	0	0	0	0	0
1000000	0	0	0	0	0	0	0	0	0	0
1000000	0	0	0	0	0	0	0	0	0	0
1000000	0	0	0	0	0	0	0	0	0	0
1000000	0	0	0	0	0	0	0	0	0	0
1000000	0	0	0	0	0	0	0	0	0	0
1000000	0	0	0	0	0	0	0	0	0	0
1000000	0	0	0	0	0	0	0	0	0	0
1000000	0	0	0	0	0	0	0	0	0	0
1000000	0	0	0	0	0	0	0	0	0	0
1000000	0	0	0	0	0	0	0	0	0	0
1000000	0	0	0	0	0	0	0	0	0	0
1000000	0	0	0	0	0	0	0	0	0	0
1000000	0	0	0	0	0	0	0	0	0	0
1000000	0	0	0	0	0	0	0	0	0	0
1000000	0	0	0	0	0	0	0	0	0	0
1000000	0	0	0	0	0	0	0	0	0	0
1000000	0	0	0	0	0	0	0	0	0	0
1000000	0	0	0	0	0	0	0	0	0	0
1000000	0	0	0	0	0	0	0	0	0	0
1000000	0	0	0	0	0	0	0	0	0	0
1000000	0	0	0	0	0	0	0	0	0	0
1000000	0	0	0	0	0	0	0	0	0	0
1000000	0	0	0	0	0	0	0	0	0	0
1000000	0	0	0	0	0	0	0	0	0	0
1000000	0	0	0	0	0	0	0	0	0	0
1000000	0	0	0	0	0	0	0	0	0	0
1000000	0	0	0	0	0	0	0	0	0	0
1000000	0	0	0	0	0	0	0	0	0	0
1000000	0	0	0	0	0	0	0	0	0	0
1000000	0	0	0	0	0	0	0	0	0	0
1000000	0	0	0	0	0	0	0	0	0	0
1000000	0	0	0	0	0	0	0	0	0	0
1000000	0	0	0	0	0	0	0	0	0	0
1000000	0	0	0	0	0	0	0	0	0	0
1000000	0	0	0	0	0	0	0	0	0	0
1000000	0	0	0	0	0	0	0	0	0	0
1000000	0	0	0	0	0	0	0	0	0	0
1000000	0	0	0	0	0	0	0	0	0	0
1000000	0	0	0	0	0	0	0	0	0	0
1000000	0	0	0	0	0	0	0	0	0	0
1000000	0	0	0	0	0	0	0	0	0	0
1000000	0	0	0	0	0	0	0	0	0	0
1000000	0	0	0	0	0	0	0	0	0	0
1000000	0	0	0	0	0	0	0	0	0	0
1000000	0	0	0	0	0	0	0	0	0	0
1000000	0	0	0	0	0	0	0	0	0	0
1000000	0	0	0	0	0	0	0	0	0	0
1000000	0	0	0	0	0	0	0	0	0	0
1000000	0	0	0	0	0	0	0	0	0	0
1000000	0	0	0	0	0	0	0	0	0	0
1000000	0	0	0	0	0	0	0	0	0	0
1000000	0	0	0	0	0	0	0	0	0	0
1000000	0	0	0	0	0	0	0	0	0	0
1000000	0	0	0	0	0	0	0	0	0	0
999997	3	0	0	0	0	0	0	0	0	0
999999	1	0	0	0	0	0	0	0	0	0
999999	1	0	0	0	0	0	0	0	0	0
999996	4	0	0	0	0	0	0	0	0	0
999997	3	0	0	0	0	0	0	0	0	0
999992	8	0	0	0	0	0	0	0	0	0
999976	24	0	0	0	0	0	0	0	0	0
999982	18	0	0	0	0	0	0	0	0	0
999969	31	0	0	0	0	0	0	0	0	0
999965	35	0	0	0	0	0	0	0	0	0
999916	84	0	0	0	0	0	0	0	0	0
999777	223	0	0	0	0	0	0	0	0	0
999439	561	0	0	0	0	0	0	0	0	0
999330	670	0	0	0	0	0	0	0	0	0
998897	1101	2	0	0	0	0	0	0	0	0
996957	3040	3	0	0	0	0	0	0	0	0
997829	2170	1	0	0	0	0	0	0	0	0
995212	4775	12	1	0	0	0	0	0	0	0
992199	7778	23	0	0	0	0	0	0	0	0
984470	15395	135	0	0	0	0	0	0	0	0
974109	25661	230	0	0	0	0	0	0	0	0
972087	27634	278	1	0	0	0	0	0	0	0
928379	69562	2025	33	1	0	0	0	0	0	0
910828	84817	4237	117	1	0	0	0	0	0	0
842184	146562	10781	465	8	0	0	0	0	0	0
806954	175308	16823	892	22	1	0	0	0	0	0
636949	292402	63030	7155	450	14	0	0	0	0	0
588830	309909	84530	14943	1674	106	7	1	0	0	0
400479	365961	173660	49688	9121	1022	69	0	0	0	0
297937	358049	209499	98470	29529	5769	695	51	1	0	0
176350	283165	282715	160868	71738	20690	3950	483	40	1	0
99364	261987	253061	205370	112561	50126	14464	2743	299	23	2
303240	69163	182865	176342	142864	78445	34861	10012	1945	245	18
