1	1	1000000
2	1	1000000
3	1	1000000
4	1	1000000
5	1	1000000
6	1	1000000
7	1	1000000
8	1	1000000
9	1	1000000
10	1	1000000
11	1	1000000
12	1	1000000
13	1	1000000
14	1	1000000
15	1	1000000
16	1	1000000
17	1	1000000
18	1	1000000
19	1	1000000
20	1	1000000
21	1	1000000
22	1	1000000
23	1	1000000
24	1	1000000
25	1	1000000
26	1	1000000
27	1	1000000
28	1	1000000
29	1	1000000
30	1	1000000
31	1	1000000
32	1	1000000
33	1	1000000
34	1	1000000
35	1	1000000
36	1	1000000
37	1	1000000
38	1	1000000
39	1	1000000
40	1	1000000
41	1	1000000
42	1	1000000
43	1	1000000
44	1	1000000
45	1	1000000
46	1	1000000
47	1	1000000
48	1	1000000
49	1	1000000
50	1	1000000
51	1	1000000
52	1	1000000
53	1	1000000
54	1	1000000
55	1	1000000
56	1	1000000
57	1	1000000
58	1	1000000
59	1	1000000
60	1	1000000
61	1	1000000
62	1	1000000
63	1	1000000
64	1	1000000
65	1	1000000
66	1	1000000
67	1	1000000
68	1	999999	2	1
69	1	1000000
70	1	1000000
71	1	1000000
72	1	1000000
73	1	1000000
74	1	999997	2	3
75	1	999999	2	1
76	1	999997	2	3
77	1	999997	2	3
78	1	999991	2	9
79	1	999976	2	24
80	1	999922	2	78
81	1	999933	2	67
82	1	999882	2	118
83	1	999436	2	564
84	1	999695	2	305
85	1	999099	2	900	3	1
86	1	998366	2	1634
87	1	995695	2	4298	3	7
88	1	992604	2	7379	3	17
89	1	991603	2	8368	3	28	4	1
90	1	972943	2	26796	3	261
91	1	963686	2	35512	3	792	4	10
92	1	925586	2	72105	3	2270	4	39
93	1	901860	2	93944	3	4121	4	73	5	2
94	1	778878	2	196400	3	23399	4	1277	5	45	6	1
95	1	730549	2	228813	3	36780	4	3653	5	194	6	11
96	1	546775	2	331070	3	102129	4	17959	5	1959	6	99	7	8	8	1
97	1	426559	2	359512	3	153469	4	49749	5	9505	6	1130	7	73	8	3
98	1	264345	2	335337	3	253041	4	107200	5	33020	6	6305	7	702	8	48	9	2
99	1	155654	2	326690	3	256426	4	166769	5	68499	6	21448	7	4020	8	471	9	23
100	1	353883	2	100039	3	210727	4	166268	5	108003	6	44231	7	13863	8	2666	9	298	10	22
