1	1	1000000
2	1	1000000
3	1	1000000
4	1	1000000
5	1	1000000
6	1	1000000
7	1	1000000
8	1	1000000
9	1	1000000
10	1	1000000
11	1	1000000
12	1	1000000
13	1	1000000
14	1	1000000
15	1	1000000
16	1	1000000
17	1	1000000
18	1	1000000
19	1	1000000
20	1	1000000
21	1	1000000
22	1	1000000
23	1	1000000
24	1	1000000
25	1	1000000
26	1	1000000
27	1	1000000
28	1	1000000
29	1	1000000
30	1	1000000
31	1	1000000
32	1	1000000
33	1	1000000
34	1	1000000
35	1	1000000
36	1	1000000
37	1	1000000
38	1	1000000
39	1	1000000
40	1	1000000
41	1	1000000
42	1	1000000
43	1	1000000
44	1	1000000
45	1	1000000
46	1	1000000
47	1	1000000
48	1	1000000
49	1	1000000
50	1	1000000
51	1	1000000
52	1	1000000
53	1	1000000
54	1	1000000
55	1	1000000
56	1	1000000
57	1	1000000
58	1	1000000
59	1	1000000
60	1	1000000
61	1	1000000
62	1	1000000
63	1	1000000
64	1	1000000
65	1	999999	2	1
66	1	1000000
67	1	1000000
68	1	999999	2	1
69	1	1000000
70	1	1000000
71	1	1000000
72	1	999999	2	1
73	1	1000000
74	1	999992	2	8
75	1	999996	2	4
76	1	999986	2	14
77	1	999986	2	14
78	1	999977	2	23
79	1	999914	2	86
80	1	999750	2	250
81	1	999690	2	310
82	1	999518	2	481	3	1
83	1	998419	2	1580	3	1
84	1	999004	2	996
85	1	997395	2	2602	3	3
86	1	995807	2	4188	3	5
87	1	990489	2	9468	3	43
88	1	984029	2	15888	3	83
89	1	982778	2	17105	3	117
90	1	950839	2	48219	3	937	4	5
91	1	937444	2	60362	3	2154	4	40
92	1	881415	2	112473	3	5908	4	198	5	6
93	1	852646	2	137387	3	9605	4	358	5	4
94	1	700084	2	252696	3	43249	4	3785	5	183	6	3
95	1	649766	2	279305	3	61567	4	8559	5	760	6	42	7	1
96	1	460451	2	357819	3	142775	4	33442	5	5031	6	459	7	23
97	1	350146	2	363053	3	187909	4	76332	5	19197	6	3063	7	281	8	18	9	1
98	1	209478	2	306876	3	275994	4	138334	5	53846	6	13190	7	2077	8	199	9	6
99	1	120326	2	290416	3	256871	4	192002	5	94147	6	35907	7	8792	8	1401	9	133	10	5
100	1	322881	2	81080	3	196321	4	174211	5	130174	6	63715	7	24607	8	6021	9	916	10	69	11	5
