1	1	1000000
2	1	1000000
3	1	1000000
4	1	1000000
5	1	1000000
6	1	1000000
7	1	1000000
8	1	1000000
9	1	1000000
10	1	1000000
11	1	1000000
12	1	1000000
13	1	1000000
14	1	1000000
15	1	1000000
16	1	1000000
17	1	1000000
18	1	1000000
19	1	1000000
20	1	1000000
21	1	1000000
22	1	1000000
23	1	1000000
24	1	1000000
25	1	1000000
26	1	1000000
27	1	1000000
28	1	1000000
29	1	1000000
30	1	1000000
31	1	1000000
32	1	1000000
33	1	1000000
34	1	1000000
35	1	1000000
36	1	1000000
37	1	1000000
38	1	1000000
39	1	1000000
40	1	1000000
41	1	1000000
42	1	1000000
43	1	1000000
44	1	1000000
45	1	1000000
46	1	1000000
47	1	1000000
48	1	1000000
49	1	1000000
50	1	1000000
51	1	1000000
52	1	1000000
53	1	1000000
54	1	1000000
55	1	1000000
56	1	1000000
57	1	1000000
58	1	1000000
59	1	1000000
60	1	1000000
61	1	1000000
62	1	1000000
63	1	1000000
64	1	1000000
65	1	1000000
66	1	1000000
67	1	1000000
68	1	1000000
69	1	1000000
70	1	1000000
71	1	1000000
72	1	1000000
73	1	999997	2	3
74	1	999995	2	5
75	1	999999	2	1
76	1	999991	2	9
77	1	999990	2	10
78	1	999984	2	16
79	1	999949	2	51
80	1	999837	2	163
81	1	999792	2	208
82	1	999655	2	345
83	1	998856	2	1144
84	1	999288	2	712
85	1	998277	2	1722	3	1
86	1	996846	2	3150	3	4
87	1	992712	2	7265	3	23
88	1	987548	2	12395	3	57
89	1	986371	2	13554	3	74	4	1
90	1	959476	2	39916	3	603	4	5
91	1	947565	2	50903	3	1511	4	21
92	1	898256	2	97334	3	4298	4	109	5	3
93	1	869870	2	122614	3	7292	4	222	5	2
94	1	728137	2	233796	3	35347	4	2613	5	103	6	4
95	1	678720	2	261975	3	52325	4	6490	5	472	6	17	7	1
96	1	489658	2	350154	3	128691	4	27515	5	3690	6	276	7	16
97	1	375589	2	362660	3	177003	4	66956	5	15380	6	2205	7	191	8	15	9	1
98	1	228020	2	317885	3	267946	4	128297	5	45943	6	10355	7	1421	8	126	9	7
99	1	131561	2	303162	3	258619	4	183604	5	84838	6	30309	7	6899	8	929	9	75	10	4
100	1	333768	2	87478	3	201124	4	172708	5	122378	6	56968	7	20448	8	4436	9	625	10	67
