1	1	1000000
2	1	1000000
3	1	1000000
4	1	1000000
5	1	1000000
6	1	1000000
7	1	1000000
8	1	1000000
9	1	1000000
10	1	1000000
11	1	1000000
12	1	1000000
13	1	1000000
14	1	1000000
15	1	1000000
16	1	1000000
17	1	1000000
18	1	1000000
19	1	1000000
20	1	1000000
21	1	1000000
22	1	1000000
23	1	1000000
24	1	1000000
25	1	1000000
26	1	1000000
27	1	1000000
28	1	1000000
29	1	1000000
30	1	1000000
31	1	1000000
32	1	1000000
33	1	1000000
34	1	1000000
35	1	1000000
36	1	1000000
37	1	1000000
38	1	1000000
39	1	1000000
40	1	1000000
41	1	1000000
42	1	1000000
43	1	1000000
44	1	1000000
45	1	1000000
46	1	1000000
47	1	1000000
48	1	1000000
49	1	1000000
50	1	1000000
51	1	1000000
52	1	1000000
53	1	1000000
54	1	1000000
55	1	1000000
56	1	1000000
57	1	1000000
58	1	1000000
59	1	1000000
60	1	1000000
61	1	1000000
62	1	1000000
63	1	1000000
64	1	1000000
65	1	1000000
66	1	1000000
67	1	1000000
68	1	1000000
69	1	1000000
70	1	1000000
71	1	1000000
72	1	1000000
73	1	1000000
74	1	999999	2	1
75	1	1000000
76	1	999999	2	1
77	1	1000000
78	1	999997	2	3
79	1	999989	2	11
80	1	999968	2	32
81	1	999949	2	51
82	1	999924	2	76
83	1	999611	2	389
84	1	999797	2	203
85	1	999362	2	638
86	1	998815	2	1185
87	1	996654	2	3340	3	6
88	1	994198	2	5796	3	6
89	1	993605	2	6387	3	8
90	1	977594	2	22213	3	193
91	1	969977	2	29522	3	496	4	5
92	1	936044	2	62314	3	1626	4	16
93	1	915387	2	81578	3	2981	4	53	5	1
94	1	800536	2	180058	3	18522	4	875	5	9
95	1	754091	2	212226	3	30759	4	2763	5	155	6	6
96	1	573750	2	320565	3	89876	4	14358	5	1382	6	67	7	2
97	1	450896	2	355303	3	142396	4	42999	5	7564	6	796	7	46
98	1	282341	2	342846	3	244669	4	96715	5	28177	6	4733	7	492	8	27
99	1	167320	2	337956	3	254012	4	157583	5	61826	6	17843	7	3106	8	332	9	22
100	1	363510	2	106885	3	214744	4	162174	5	100255	6	38939	7	11349	8	1942	9	187	10	15
