1	1	1000000
2	1	1000000
3	1	1000000
4	1	1000000
5	1	1000000
6	1	1000000
7	1	1000000
8	1	1000000
9	1	1000000
10	1	1000000
11	1	1000000
12	1	1000000
13	1	1000000
14	1	1000000
15	1	1000000
16	1	1000000
17	1	1000000
18	1	1000000
19	1	1000000
20	1	1000000
21	1	1000000
22	1	1000000
23	1	1000000
24	1	1000000
25	1	1000000
26	1	1000000
27	1	1000000
28	1	1000000
29	1	1000000
30	1	1000000
31	1	1000000
32	1	1000000
33	1	1000000
34	1	1000000
35	1	1000000
36	1	1000000
37	1	1000000
38	1	1000000
39	1	1000000
40	1	1000000
41	1	1000000
42	1	1000000
43	1	1000000
44	1	1000000
45	1	1000000
46	1	1000000
47	1	1000000
48	1	1000000
49	1	1000000
50	1	1000000
51	1	1000000
52	1	1000000
53	1	1000000
54	1	1000000
55	1	1000000
56	1	1000000
57	1	1000000
58	1	1000000
59	1	1000000
60	1	1000000
61	1	1000000
62	1	1000000
63	1	1000000
64	1	1000000
65	1	1000000
66	1	1000000
67	1	1000000
68	1	1000000
69	1	1000000
70	1	1000000
71	1	1000000
72	1	1000000
73	1	1000000
74	1	1000000
75	1	1000000
76	1	1000000
77	1	1000000
78	1	1000000
79	1	999998	2	2
80	1	999988	2	12
81	1	999980	2	20
82	1	999983	2	17
83	1	999880	2	120
84	1	999937	2	63
85	1	999781	2	219
86	1	999604	2	396
87	1	998598	2	1402
88	1	997491	2	2508	3	1
89	1	997061	2	2936	3	3
90	1	988246	2	11709	3	44	4	1
91	1	983313	2	16522	3	165
92	1	960905	2	38572	3	518	4	5
93	1	945760	2	53035	3	1194	4	11
94	1	857887	2	132468	3	9335	4	307	5	3
95	1	816483	2	165216	3	17211	4	1046	5	44
96	1	650010	2	282001	3	60508	4	7013	5	451	6	17
97	1	525896	2	333276	3	110211	4	26830	5	3565	6	216	7	6
98	1	339857	2	356230	3	213954	4	71147	5	16511	6	2134	7	162	8	5
99	1	205478	2	365371	3	244623	4	130608	5	42698	6	9902	7	1235	8	81	9	4
100	1	394224	2	124144	3	221902	4	147591	5	79363	6	25995	7	5965	8	755	9	59	10	1	11	1
