1	1	1000000
2	1	1000000
3	1	1000000
4	1	1000000
5	1	1000000
6	1	1000000
7	1	1000000
8	1	1000000
9	1	1000000
10	1	1000000
11	1	1000000
12	1	1000000
13	1	1000000
14	1	1000000
15	1	1000000
16	1	1000000
17	1	1000000
18	1	1000000
19	1	1000000
20	1	1000000
21	1	1000000
22	1	1000000
23	1	1000000
24	1	1000000
25	1	1000000
26	1	1000000
27	1	1000000
28	1	1000000
29	1	1000000
30	1	1000000
31	1	1000000
32	1	1000000
33	1	1000000
34	1	1000000
35	1	1000000
36	1	1000000
37	1	1000000
38	1	1000000
39	1	1000000
40	1	1000000
41	1	1000000
42	1	1000000
43	1	1000000
44	1	1000000
45	1	1000000
46	1	1000000
47	1	1000000
48	1	1000000
49	1	1000000
50	1	1000000
51	1	1000000
52	1	1000000
53	1	1000000
54	1	1000000
55	1	1000000
56	1	1000000
57	1	1000000
58	1	1000000
59	1	1000000
60	1	1000000
61	1	1000000
62	1	1000000
63	1	1000000
64	1	1000000
65	1	1000000
66	1	1000000
67	1	1000000
68	1	1000000
69	1	1000000
70	1	1000000
71	1	1000000
72	1	1000000
73	1	1000000
74	1	1000000
75	1	1000000
76	1	1000000
77	1	1000000
78	1	1000000
79	1	999997	2	3
80	1	999996	2	4
81	1	999994	2	6
82	1	999986	2	14
83	1	999902	2	98
84	1	999957	2	43
85	1	999854	2	146
86	1	999731	2	269
87	1	998916	2	1083	3	1
88	1	998182	2	1815	3	3
89	1	997692	2	2308
90	1	990589	2	9381	3	30
91	1	986322	2	13561	3	116	4	1
92	1	967095	2	32498	3	403	4	4
93	1	954217	2	44940	3	838	4	4	5	1
94	1	873476	2	118818	3	7508	4	196	5	2
95	1	834376	2	151181	3	13728	4	697	5	17	6	1
96	1	672926	2	269345	3	51790	4	5589	5	336	6	14
97	1	549818	2	323395	3	101113	4	22798	5	2693	6	178	7	5
98	1	358367	2	358450	3	203768	4	64159	5	13558	6	1594	7	100	8	3	9	1
99	1	218220	2	373798	3	239906	4	121726	5	37353	6	8000	7	923	8	72	9	2
100	1	404245	2	130380	3	223066	4	142172	5	72333	6	22471	7	4761	8	535	9	36	10	1
