m	d	v
1	1	1000000
1	2	1000000
1	3	1000000
1	4	666045
1	5	1000000
1	6	399812
1	7	1000000
1	8	571555
1	9	749681
1	10	444816
1	11	899806
1	12	363509
1	13	916752
1	14	307582
1	15	429146
1	16	266728
1	17	437345
1	18	0
1	19	55568
1	20	104922
1	21	100251
1	22	47364
1	23	91201
1	24	43580
1	25	166451
1	26	40359
1	27	76404
1	28	36941
1	29	0
1	30	0
1	31	0
1	32	0
1	33	0
1	34	60329
1	35	0
1	36	0
1	37	0
1	38	0
1	39	0
1	40	0
1	41	0
1	42	0
1	43	0
1	44	0
1	45	0
1	46	0
1	47	0
1	48	0
1	49	0
1	50	20486
1	51	40049
1	52	0
1	53	0
1	54	0
1	55	0
1	56	0
1	57	0
1	58	0
1	59	0
1	60	0
1	61	0
1	62	0
1	63	0
1	64	0
1	65	0
1	66	0
1	67	0
1	68	0
1	69	0
1	70	0
1	71	0
1	72	0
1	73	0
1	74	0
1	75	0
1	76	0
1	77	0
1	78	0
1	79	0
1	80	0
1	81	0
1	82	0
1	83	0
1	84	0
1	85	0
1	86	0
1	87	0
1	88	0
1	89	0
1	90	0
1	91	0
1	92	0
1	93	0
1	94	0
1	95	0
1	96	0
1	97	0
1	98	0
1	99	0
1	100	10059
2	1	1000000
2	2	1000000
2	3	1000000
2	4	1000000
2	5	1000000
2	6	900494
2	7	1000000
2	8	857012
2	9	964211
2	10	832898
2	11	1000000
2	12	763226
2	13	1000000
2	14	794943
2	15	911862
2	16	780206
2	17	966618
2	18	676222
2	19	895117
2	20	689852
2	21	768203
2	22	604201
2	23	796539
2	24	553493
2	25	749790
2	26	462649
2	27	640002
2	28	512851
2	29	574349
2	30	302814
2	31	453344
2	32	280093
2	33	278406
2	34	329710
2	35	308135
2	36	198315
2	37	221413
2	38	137994
2	39	175143
2	40	63369
2	41	109905
2	42	77915
2	43	81299
2	44	36279
2	45	36426
2	46	10004
2	47	14416
2	48	6392
2	49	3640
2	50	72837
2	51	106947
2	52	33765
2	53	28554
2	54	10287
2	55	18227
2	56	10118
2	57	12267
2	58	13143
2	59	9006
2	60	7007
2	61	8490
2	62	3265
2	63	7372
2	64	2123
2	65	471
2	66	0
2	67	3245
2	68	1342
2	69	0
2	70	0
2	71	0
2	72	0
2	73	0
2	74	0
2	75	772
2	76	737
2	77	311
2	78	0
2	79	0
2	80	0
2	81	0
2	82	0
2	83	0
2	84	0
2	85	0
2	86	0
2	87	0
2	88	0
2	89	0
2	90	0
2	91	0
2	92	0
2	93	0
2	94	0
2	95	0
2	96	0
2	97	0
2	98	0
2	99	0
2	100	20026
3	1	1000000
3	2	1000000
3	3	1000000
3	4	1000000
3	5	1000000
3	6	1000000
3	7	1000000
3	8	971171
3	9	1000000
3	10	952267
3	11	1000000
3	12	933572
3	13	1000000
3	14	929973
3	15	988804
3	16	923209
3	17	1000000
3	18	897591
3	19	990244
3	20	907604
3	21	964011
3	22	881026
3	23	970375
3	24	855306
3	25	970985
3	26	836423
3	27	929758
3	28	835960
3	29	917603
3	30	749742
3	31	852584
3	32	718174
3	33	733584
3	34	764981
3	35	770810
3	36	644301
3	37	705803
3	38	592441
3	39	658364
3	40	469239
3	41	571684
3	42	453624
3	43	495216
3	44	366077
3	45	348217
3	46	260803
3	47	282801
3	48	210047
3	49	194319
3	50	247622
3	51	330064
3	52	185047
3	53	188694
3	54	133364
3	55	119352
3	56	76073
3	57	89324
3	58	66663
3	59	59050
3	60	45157
3	61	56035
3	62	28530
3	63	45262
3	64	23511
3	65	15971
3	66	9726
3	67	24000
3	68	12364
3	69	6964
3	70	3926
3	71	2698
3	72	2074
3	73	1311
3	74	892
3	75	3003
3	76	3065
3	77	2264
3	78	346
3	79	317
3	80	59
3	81	57
3	82	0
3	83	0
3	84	54
3	85	37
3	86	0
3	87	0
3	88	0
3	89	0
3	90	0
3	91	0
3	92	0
3	93	0
3	94	0
3	95	0
3	96	0
3	97	0
3	98	0
3	99	0
3	100	30206
4	1	1000000
4	2	1000000
4	3	1000000
4	4	1000000
4	5	1000000
4	6	1000000
4	7	1000000
4	8	1000000
4	9	1000000
4	10	992131
4	11	1000000
4	12	984616
4	13	1000000
4	14	978739
4	15	998985
4	16	974302
4	17	1000000
4	18	968281
4	19	999366
4	20	967070
4	21	995835
4	22	962242
4	23	996800
4	24	954020
4	25	997794
4	26	950431
4	27	989192
4	28	945906
4	29	987672
4	30	921764
4	31	967207
4	32	908338
4	33	916231
4	34	927743
4	35	940017
4	36	870194
4	37	917961
4	38	859550
4	39	895784
4	40	785558
4	41	856563
4	42	773391
4	43	816222
4	44	711904
4	45	698719
4	46	613598
4	47	636655
4	48	565564
4	49	537717
4	50	572455
4	51	667268
4	52	510518
4	53	503333
4	54	453953
4	55	410234
4	56	330343
4	57	341405
4	58	292736
4	59	256240
4	60	209710
4	61	234695
4	62	156498
4	63	184709
4	64	124095
4	65	90182
4	66	72220
4	67	114080
4	68	68810
4	69	58342
4	70	39715
4	71	28829
4	72	22341
4	73	18403
4	74	10329
4	75	12554
4	76	10941
4	77	9816
4	78	3959
4	79	2637
4	80	500
4	81	1071
4	82	249
4	83	160
4	84	267
4	85	206
4	86	23
4	87	22
4	88	4
4	89	11
4	90	0
4	91	0
4	92	0
4	93	0
4	94	0
4	95	0
4	96	0
4	97	0
4	98	0
4	99	0
4	100	40708
5	1	1000000
5	2	1000000
5	3	1000000
5	4	1000000
5	5	1000000
5	6	1000000
5	7	1000000
5	8	1000000
5	9	1000000
5	10	1000000
5	11	1000000
5	12	997808
5	13	1000000
5	14	995325
5	15	1000000
5	16	992842
5	17	1000000
5	18	990838
5	19	1000000
5	20	989105
5	21	999609
5	22	987406
5	23	999772
5	24	985024
5	25	999905
5	26	983587
5	27	998515
5	28	981832
5	29	998396
5	30	975487
5	31	993156
5	32	970999
5	33	974862
5	34	976894
5	35	985175
5	36	953498
5	37	979749
5	38	955181
5	39	971457
5	40	922702
5	41	958003
5	42	918385
5	43	942665
5	44	886266
5	45	879411
5	46	828310
5	47	840998
5	48	800061
5	49	768839
5	50	809616
5	51	865012
5	52	764561
5	53	740924
5	54	725281
5	55	681342
5	56	609668
5	57	613873
5	58	583924
5	59	524197
5	60	477294
5	61	501469
5	62	392798
5	63	432190
5	64	341622
5	65	269804
5	66	234447
5	67	321033
5	68	225872
5	69	205953
5	70	162218
5	71	126860
5	72	108105
5	73	92025
5	74	62254
5	75	56818
5	76	46992
5	77	42050
5	78	26962
5	79	18305
5	80	5908
5	81	9281
5	82	4265
5	83	2405
5	84	1794
5	85	1210
5	86	456
5	87	352
5	88	63
5	89	113
5	90	4
5	91	14
5	92	2
5	93	1
5	94	0
5	95	0
5	96	0
5	97	0
5	98	0
5	99	0
5	100	50282
6	1	1000000
6	2	1000000
6	3	1000000
6	4	1000000
6	5	1000000
6	6	1000000
6	7	1000000
6	8	1000000
6	9	1000000
6	10	1000000
6	11	1000000
6	12	1000000
6	13	1000000
6	14	999413
6	15	1000000
6	16	998624
6	17	1000000
6	18	997633
6	19	1000000
6	20	996933
6	21	999967
6	22	996054
6	23	999989
6	24	995354
6	25	1000000
6	26	994768
6	27	999865
6	28	993872
6	29	999833
6	30	992126
6	31	998659
6	32	990793
6	33	992299
6	34	992002
6	35	996605
6	36	983073
6	37	995521
6	38	985648
6	39	992512
6	40	973129
6	41	988291
6	42	971919
6	43	983264
6	44	958261
6	45	953611
6	46	927968
6	47	933496
6	48	913370
6	49	889766
6	50	922998
6	51	948977
6	52	897925
6	53	870367
6	54	875746
6	55	844640
6	56	796129
6	57	796465
6	58	787819
6	59	729742
6	60	700806
6	61	716886
6	62	618109
6	63	659224
6	64	572431
6	65	486128
6	66	443740
6	67	557888
6	68	437100
6	69	411681
6	70	354573
6	71	296923
6	72	267224
6	73	236103
6	74	181867
6	75	166267
6	76	143331
6	77	130114
6	78	98321
6	79	72505
6	80	32450
6	81	43543
6	82	25421
6	83	16374
6	84	11767
6	85	7912
6	86	4592
6	87	3811
6	88	892
6	89	1253
6	90	189
6	91	247
6	92	61
6	93	73
6	94	3
6	95	5
6	96	0
6	97	0
6	98	0
6	99	0
6	100	60359
7	1	1000000
7	2	1000000
7	3	1000000
7	4	1000000
7	5	1000000
7	6	1000000
7	7	1000000
7	8	1000000
7	9	1000000
7	10	1000000
7	11	1000000
7	12	1000000
7	13	1000000
7	14	1000000
7	15	1000000
7	16	999841
7	17	1000000
7	18	999593
7	19	1000000
7	20	999278
7	21	1000000
7	22	998993
7	23	1000000
7	24	998606
7	25	1000000
7	26	998240
7	27	999985
7	28	998008
7	29	999995
7	30	997416
7	31	999727
7	32	997092
7	33	997739
7	34	997261
7	35	999231
7	36	993957
7	37	999069
7	38	995593
7	39	998233
7	40	990621
7	41	996931
7	42	990766
7	43	995430
7	44	984940
7	45	982386
7	46	970403
7	47	972634
7	48	963284
7	49	947118
7	50	970477
7	51	981364
7	52	957861
7	53	935115
7	54	946410
7	55	926102
7	56	897955
7	57	897744
7	58	899453
7	59	854156
7	60	841223
7	61	852605
7	62	776823
7	63	811748
7	64	747794
7	65	667368
7	66	628987
7	67	740435
7	68	625298
7	69	604498
7	70	549612
7	71	484502
7	72	452270
7	73	411850
7	74	343745
7	75	323374
7	76	288575
7	77	268766
7	78	220600
7	79	174787
7	80	98323
7	81	117546
7	82	80045
7	83	56535
7	84	43796
7	85	30970
7	86	20195
7	87	17087
7	88	5588
7	89	6676
7	90	1716
7	91	1748
7	92	619
7	93	574
7	94	37
7	95	89
7	96	6
7	97	5
7	98	4
7	99	1
7	100	70977
8	1	1000000
8	2	1000000
8	3	1000000
8	4	1000000
8	5	1000000
8	6	1000000
8	7	1000000
8	8	1000000
8	9	1000000
8	10	1000000
8	11	1000000
8	12	1000000
8	13	1000000
8	14	1000000
8	15	1000000
8	16	1000000
8	17	1000000
8	18	999961
8	19	1000000
8	20	999879
8	21	1000000
8	22	999786
8	23	1000000
8	24	999696
8	25	1000000
8	26	999578
8	27	1000000
8	28	999411
8	29	999999
8	30	999231
8	31	999973
8	32	999059
8	33	999308
8	34	999082
8	35	999837
8	36	997860
8	37	999825
8	38	998674
8	39	999515
8	40	996790
8	41	999219
8	42	997003
8	43	998766
8	44	994839
8	45	993100
8	46	988242
8	47	988825
8	48	984781
8	49	974159
8	50	989059
8	51	993414
8	52	983252
8	53	966183
8	54	977472
8	55	966314
8	56	950098
8	57	950284
8	58	953982
8	59	923630
8	60	918937
8	61	925795
8	62	875230
8	63	901289
8	64	857660
8	65	796502
8	66	765271
8	67	856149
8	68	762593
8	69	748521
8	70	706844
8	71	644768
8	72	618796
8	73	576865
8	74	508808
8	75	488235
8	76	448913
8	77	427009
8	78	366719
8	79	307924
8	80	203354
8	81	225159
8	82	169150
8	83	128612
8	84	106150
8	85	78482
8	86	55502
8	87	47337
8	88	19662
8	89	22303
8	90	7318
8	91	6801
8	92	2661
8	93	2562
8	94	392
8	95	527
8	96	68
8	97	57
8	98	28
8	99	6
8	100	80750
9	1	1000000
9	2	1000000
9	3	1000000
9	4	1000000
9	5	1000000
9	6	1000000
9	7	1000000
9	8	1000000
9	9	1000000
9	10	1000000
9	11	1000000
9	12	1000000
9	13	1000000
9	14	1000000
9	15	1000000
9	16	1000000
9	17	1000000
9	18	1000000
9	19	1000000
9	20	999990
9	21	1000000
9	22	999973
9	23	1000000
9	24	999927
9	25	1000000
9	26	999895
9	27	1000000
9	28	999842
9	29	1000000
9	30	999798
9	31	999997
9	32	999740
9	33	999807
9	34	999710
9	35	999973
9	36	999290
9	37	999972
9	38	999589
9	39	999890
9	40	998999
9	41	999836
9	42	999073
9	43	999653
9	44	998253
9	45	997312
9	46	995386
9	47	995404
9	48	993496
9	49	987468
9	50	996161
9	51	997677
9	52	993509
9	53	982361
9	54	990857
9	55	984708
9	56	975420
9	57	976018
9	58	979252
9	59	960215
9	60	960197
9	61	963253
9	62	931413
9	63	949208
9	64	922259
9	65	878615
9	66	854758
9	67	923185
9	68	852449
9	69	845803
9	70	815417
9	71	766993
9	72	745123
9	73	709929
9	74	649275
9	75	633681
9	76	593999
9	77	573679
9	78	511461
9	79	448832
9	80	330749
9	81	350164
9	82	282257
9	83	225722
9	84	197184
9	85	150343
9	86	114067
9	87	97478
9	88	48558
9	89	51953
9	90	20417
9	91	18629
9	92	8328
9	93	7792
9	94	1563
9	95	1858
9	96	424
9	97	301
9	98	164
9	99	65
9	100	91006
10	1	1000000
10	2	1000000
10	3	1000000
10	4	1000000
10	5	1000000
10	6	1000000
10	7	1000000
10	8	1000000
10	9	1000000
10	10	1000000
10	11	1000000
10	12	1000000
10	13	1000000
10	14	1000000
10	15	1000000
10	16	1000000
10	17	1000000
10	18	1000000
10	19	1000000
10	20	1000000
10	21	1000000
10	22	999998
10	23	1000000
10	24	999984
10	25	1000000
10	26	999979
10	27	1000000
10	28	999968
10	29	1000000
10	30	999952
10	31	999999
10	32	999916
10	33	999945
10	34	999913
10	35	999994
10	36	999801
10	37	999996
10	38	999886
10	39	999984
10	40	999678
10	41	999953
10	42	999739
10	43	999911
10	44	999455
10	45	998933
10	46	998163
10	47	998107
10	48	997418
10	49	993749
10	50	998682
10	51	999187
10	52	997669
10	53	990445
10	54	996349
10	55	993141
10	56	988173
10	57	988549
10	58	990850
10	59	979541
10	60	980389
10	61	982418
10	62	962747
10	63	974299
10	64	958322
10	65	928289
10	66	911863
10	67	959309
10	68	908471
10	69	906562
10	70	886829
10	71	851798
10	72	835660
10	73	805869
10	74	756737
10	75	746270
10	76	712239
10	77	693960
10	78	637123
10	79	576442
10	80	459792
10	81	474534
10	82	400958
10	83	335105
10	84	303800
10	85	241702
10	86	192143
10	87	164948
10	88	93969
10	89	96993
10	90	43999
10	91	39884
10	92	19843
10	93	17668
10	94	4309
10	95	5172
10	96	1360
10	97	905
10	98	493
10	99	202
10	100	101240
11	1	1000000
11	2	1000000
11	3	1000000
11	4	1000000
11	5	1000000
11	6	1000000
11	7	1000000
11	8	1000000
11	9	1000000
11	10	1000000
11	11	1000000
11	12	1000000
11	13	1000000
11	14	1000000
11	15	1000000
11	16	1000000
11	17	1000000
11	18	1000000
11	19	1000000
11	20	1000000
11	21	1000000
11	22	1000000
11	23	1000000
11	24	1000000
11	25	1000000
11	26	999997
11	27	1000000
11	28	999993
11	29	1000000
11	30	999986
11	31	1000000
11	32	999982
11	33	999994
11	34	999984
11	35	1000000
11	36	999949
11	37	1000000
11	38	999969
11	39	999999
11	40	999888
11	41	999992
11	42	999928
11	43	999975
11	44	999817
11	45	999624
11	46	999251
11	47	999265
11	48	998905
11	49	996998
11	50	999533
11	51	999760
11	52	999124
11	53	994684
11	54	998552
11	55	996845
11	56	994154
11	57	994515
11	58	996147
11	59	989423
11	60	990466
11	61	991545
11	62	979923
11	63	987168
11	64	978146
11	65	958118
11	66	946808
11	67	979106
11	68	943256
11	69	944200
11	70	931571
11	71	907261
11	72	895551
11	73	872935
11	74	834864
11	75	828961
11	76	801077
11	77	785742
11	78	738780
11	79	683308
11	80	578455
11	81	587267
11	82	517499
11	83	445925
11	84	415910
11	85	342178
11	86	284558
11	87	244844
11	88	155192
11	89	158053
11	90	79321
11	91	71475
11	92	38225
11	93	33905
11	94	9805
11	95	10654
11	96	3193
11	97	2143
11	98	1218
11	99	452
11	100	111013
12	1	1000000
12	2	1000000
12	3	1000000
12	4	1000000
12	5	1000000
12	6	1000000
12	7	1000000
12	8	1000000
12	9	1000000
12	10	1000000
12	11	1000000
12	12	1000000
12	13	1000000
12	14	1000000
12	15	1000000
12	16	1000000
12	17	1000000
12	18	1000000
12	19	1000000
12	20	1000000
12	21	1000000
12	22	1000000
12	23	1000000
12	24	1000000
12	25	1000000
12	26	999999
12	27	1000000
12	28	999998
12	29	1000000
12	30	999999
12	31	1000000
12	32	999997
12	33	999999
12	34	999994
12	35	1000000
12	36	999992
12	37	1000000
12	38	999993
12	39	1000000
12	40	999965
12	41	999999
12	42	999978
12	43	999999
12	44	999944
12	45	999865
12	46	999734
12	47	999693
12	48	999606
12	49	998537
12	50	999854
12	51	999892
12	52	999672
12	53	997131
12	54	999451
12	55	998633
12	56	996984
12	57	997592
12	58	998328
12	59	994588
12	60	995603
12	61	996094
12	62	989265
12	63	993650
12	64	988481
12	65	975861
12	66	967761
12	67	989207
12	68	964662
12	69	967186
12	70	958935
12	71	942671
12	72	935116
12	73	917809
12	74	889778
12	75	886451
12	76	865012
12	77	853308
12	78	814988
12	79	768237
12	80	677961
12	81	681104
12	82	618173
12	83	548563
12	84	523271
12	85	443127
12	86	379091
12	87	332242
12	88	227408
12	89	229073
12	90	125765
12	91	113806
12	92	64803
12	93	56619
12	94	18247
12	95	19554
12	96	6628
12	97	4283
12	98	2288
12	99	981
12	100	120882
13	1	1000000
13	2	1000000
13	3	1000000
13	4	1000000
13	5	1000000
13	6	1000000
13	7	1000000
13	8	1000000
13	9	1000000
13	10	1000000
13	11	1000000
13	12	1000000
13	13	1000000
13	14	1000000
13	15	1000000
13	16	1000000
13	17	1000000
13	18	1000000
13	19	1000000
13	20	1000000
13	21	1000000
13	22	1000000
13	23	1000000
13	24	1000000
13	25	1000000
13	26	1000000
13	27	1000000
13	28	1000000
13	29	1000000
13	30	1000000
13	31	1000000
13	32	1000000
13	33	1000000
13	34	999998
13	35	1000000
13	36	999997
13	37	1000000
13	38	999999
13	39	1000000
13	40	999996
13	41	1000000
13	42	999995
13	43	1000000
13	44	999979
13	45	999948
13	46	999898
13	47	999904
13	48	999820
13	49	999267
13	50	999955
13	51	999974
13	52	999893
13	53	998481
13	54	999798
13	55	999373
13	56	998509
13	57	998867
13	58	999311
13	59	997145
13	60	997911
13	61	998078
13	62	994160
13	63	996927
13	64	994113
13	65	986060
13	66	980425
13	67	994564
13	68	977881
13	69	980725
13	70	975486
13	71	965306
13	72	959609
13	73	947334
13	74	927008
13	75	925409
13	76	909673
13	77	901363
13	78	871416
13	79	832239
13	80	758277
13	81	758595
13	82	704704
13	83	638187
13	84	618035
13	85	539002
13	86	473230
13	87	418997
13	88	307062
13	89	308430
13	90	181409
13	91	164408
13	92	99227
13	93	86153
13	94	31527
13	95	32516
13	96	11649
13	97	7721
13	98	4137
13	99	2026
13	100	131577
14	1	1000000
14	2	1000000
14	3	1000000
14	4	1000000
14	5	1000000
14	6	1000000
14	7	1000000
14	8	1000000
14	9	1000000
14	10	1000000
14	11	1000000
14	12	1000000
14	13	1000000
14	14	1000000
14	15	1000000
14	16	1000000
14	17	1000000
14	18	1000000
14	19	1000000
14	20	1000000
14	21	1000000
14	22	1000000
14	23	1000000
14	24	1000000
14	25	1000000
14	26	1000000
14	27	1000000
14	28	1000000
14	29	1000000
14	30	1000000
14	31	1000000
14	32	1000000
14	33	1000000
14	34	1000000
14	35	1000000
14	36	1000000
14	37	1000000
14	38	999999
14	39	1000000
14	40	999999
14	41	1000000
14	42	999999
14	43	1000000
14	44	999999
14	45	999977
14	46	999957
14	47	999956
14	48	999955
14	49	999654
14	50	999983
14	51	999991
14	52	999968
14	53	999168
14	54	999931
14	55	999717
14	56	999279
14	57	999480
14	58	999696
14	59	998549
14	60	999077
14	61	999159
14	62	996962
14	63	998499
14	64	996979
14	65	992247
14	66	988387
14	67	997234
14	68	986102
14	69	988924
14	70	985209
14	71	979026
14	72	975466
14	73	966743
14	74	952339
14	75	951520
14	76	940480
14	77	934147
14	78	910991
14	79	880835
14	80	821950
14	81	819454
14	82	774298
14	83	713100
14	84	700000
14	85	624208
14	86	560544
14	87	502551
14	88	388598
14	89	388118
14	90	244457
14	91	222228
14	92	141342
14	93	122797
14	94	49420
14	95	48995
14	96	19108
14	97	12666
14	98	6476
14	99	3284
14	100	141198
15	1	1000000
15	2	1000000
15	3	1000000
15	4	1000000
15	5	1000000
15	6	1000000
15	7	1000000
15	8	1000000
15	9	1000000
15	10	1000000
15	11	1000000
15	12	1000000
15	13	1000000
15	14	1000000
15	15	1000000
15	16	1000000
15	17	1000000
15	18	1000000
15	19	1000000
15	20	1000000
15	21	1000000
15	22	1000000
15	23	1000000
15	24	1000000
15	25	1000000
15	26	1000000
15	27	1000000
15	28	1000000
15	29	1000000
15	30	1000000
15	31	1000000
15	32	1000000
15	33	1000000
15	34	1000000
15	35	1000000
15	36	1000000
15	37	1000000
15	38	1000000
15	39	1000000
15	40	1000000
15	41	1000000
15	42	1000000
15	43	1000000
15	44	999999
15	45	999995
15	46	999993
15	47	999985
15	48	999980
15	49	999855
15	50	999996
15	51	999998
15	52	999987
15	53	999622
15	54	999977
15	55	999904
15	56	999657
15	57	999761
15	58	999887
15	59	999255
15	60	999589
15	61	999617
15	62	998416
15	63	999303
15	64	998534
15	65	995438
15	66	993249
15	67	998603
15	68	991295
15	69	993459
15	70	991218
15	71	987486
15	72	985118
15	73	979230
15	74	968681
15	75	968625
15	76	961152
15	77	955827
15	78	939276
15	79	915902
15	80	869635
15	81	866024
15	82	830035
15	83	775310
15	84	767691
15	85	698706
15	86	638946
15	87	579199
15	88	467471
15	89	467523
15	90	310895
15	91	285193
15	92	188957
15	93	164112
15	94	71821
15	95	69547
15	96	28754
15	97	19243
15	98	10160
15	99	5009
15	100	151305
16	1	1000000
16	2	1000000
16	3	1000000
16	4	1000000
16	5	1000000
16	6	1000000
16	7	1000000
16	8	1000000
16	9	1000000
16	10	1000000
16	11	1000000
16	12	1000000
16	13	1000000
16	14	1000000
16	15	1000000
16	16	1000000
16	17	1000000
16	18	1000000
16	19	1000000
16	20	1000000
16	21	1000000
16	22	1000000
16	23	1000000
16	24	1000000
16	25	1000000
16	26	1000000
16	27	1000000
16	28	1000000
16	29	1000000
16	30	1000000
16	31	1000000
16	32	1000000
16	33	1000000
16	34	1000000
16	35	1000000
16	36	1000000
16	37	1000000
16	38	1000000
16	39	1000000
16	40	1000000
16	41	1000000
16	42	999999
16	43	1000000
16	44	1000000
16	45	999997
16	46	999998
16	47	999994
16	48	999988
16	49	999940
16	50	999999
16	51	999999
16	52	999999
16	53	999768
16	54	999992
16	55	999965
16	56	999852
16	57	999896
16	58	999962
16	59	999621
16	60	999814
16	61	999833
16	62	999189
16	63	999727
16	64	999307
16	65	997508
16	66	995951
16	67	999357
16	68	994454
16	69	996316
16	70	994706
16	71	992361
16	72	991238
16	73	987058
16	74	979649
16	75	980117
16	76	974433
16	77	970829
16	78	958983
16	79	940358
16	80	906019
16	81	901539
16	82	872775
16	83	826480
16	84	821741
16	85	760743
16	86	706851
16	87	648261
16	88	544058
16	89	541358
16	90	378111
16	91	349006
16	92	241263
16	93	210293
16	94	98869
16	95	93734
16	96	41342
16	97	27424
16	98	14544
16	99	7283
16	100	161620
17	1	1000000
17	2	1000000
17	3	1000000
17	4	1000000
17	5	1000000
17	6	1000000
17	7	1000000
17	8	1000000
17	9	1000000
17	10	1000000
17	11	1000000
17	12	1000000
17	13	1000000
17	14	1000000
17	15	1000000
17	16	1000000
17	17	1000000
17	18	1000000
17	19	1000000
17	20	1000000
17	21	1000000
17	22	1000000
17	23	1000000
17	24	1000000
17	25	1000000
17	26	1000000
17	27	1000000
17	28	1000000
17	29	1000000
17	30	1000000
17	31	1000000
17	32	1000000
17	33	1000000
17	34	1000000
17	35	1000000
17	36	1000000
17	37	1000000
17	38	1000000
17	39	1000000
17	40	1000000
17	41	1000000
17	42	1000000
17	43	1000000
17	44	1000000
17	45	1000000
17	46	999998
17	47	999999
17	48	999998
17	49	999967
17	50	999999
17	51	1000000
17	52	999999
17	53	999894
17	54	999997
17	55	999985
17	56	999922
17	57	999967
17	58	999976
17	59	999822
17	60	999924
17	61	999935
17	62	999576
17	63	999847
17	64	999640
17	65	998619
17	66	997561
17	67	999679
17	68	996493
17	69	997844
17	70	996862
17	71	995578
17	72	994675
17	73	991960
17	74	986878
17	75	987343
17	76	983499
17	77	980908
17	78	972457
17	79	958931
17	80	932520
17	81	928013
17	82	905926
17	83	866614
17	84	865248
17	85	811708
17	86	764194
17	87	708298
17	88	611436
17	89	609016
17	90	445472
17	91	413320
17	92	296527
17	93	259848
17	94	129313
17	95	121150
17	96	55925
17	97	37545
17	98	19909
17	99	10155
17	100	170991
18	1	1000000
18	2	1000000
18	3	1000000
18	4	1000000
18	5	1000000
18	6	1000000
18	7	1000000
18	8	1000000
18	9	1000000
18	10	1000000
18	11	1000000
18	12	1000000
18	13	1000000
18	14	1000000
18	15	1000000
18	16	1000000
18	17	1000000
18	18	1000000
18	19	1000000
18	20	1000000
18	21	1000000
18	22	1000000
18	23	1000000
18	24	1000000
18	25	1000000
18	26	1000000
18	27	1000000
18	28	1000000
18	29	1000000
18	30	1000000
18	31	1000000
18	32	1000000
18	33	1000000
18	34	1000000
18	35	1000000
18	36	1000000
18	37	1000000
18	38	1000000
18	39	1000000
18	40	1000000
18	41	1000000
18	42	1000000
18	43	1000000
18	44	1000000
18	45	1000000
18	46	1000000
18	47	999999
18	48	1000000
18	49	999986
18	50	1000000
18	51	1000000
18	52	1000000
18	53	999941
18	54	1000000
18	55	999987
18	56	999965
18	57	999985
18	58	999999
18	59	999931
18	60	999977
18	61	999969
18	62	999788
18	63	999940
18	64	999830
18	65	999225
18	66	998587
18	67	999853
18	68	997706
18	69	998801
18	70	998282
18	71	997318
18	72	996916
18	73	995109
18	74	991442
18	75	991975
18	76	989398
18	77	987691
18	78	981539
18	79	971227
18	80	951458
18	81	947928
18	82	930503
18	83	897369
18	84	898009
18	85	853526
18	86	812406
18	87	759956
18	88	673506
18	89	669640
18	90	510349
18	91	475419
18	92	352155
18	93	311018
18	94	163765
18	95	152474
18	96	73656
18	97	48988
18	98	26721
18	99	13542
18	100	181054
19	1	1000000
19	2	1000000
19	3	1000000
19	4	1000000
19	5	1000000
19	6	1000000
19	7	1000000
19	8	1000000
19	9	1000000
19	10	1000000
19	11	1000000
19	12	1000000
19	13	1000000
19	14	1000000
19	15	1000000
19	16	1000000
19	17	1000000
19	18	1000000
19	19	1000000
19	20	1000000
19	21	1000000
19	22	1000000
19	23	1000000
19	24	1000000
19	25	1000000
19	26	1000000
19	27	1000000
19	28	1000000
19	29	1000000
19	30	1000000
19	31	1000000
19	32	1000000
19	33	1000000
19	34	1000000
19	35	1000000
19	36	1000000
19	37	1000000
19	38	1000000
19	39	1000000
19	40	1000000
19	41	1000000
19	42	1000000
19	43	1000000
19	44	1000000
19	45	1000000
19	46	999999
19	47	1000000
19	48	1000000
19	49	999996
19	50	1000000
19	51	1000000
19	52	1000000
19	53	999978
19	54	999999
19	55	999999
19	56	999986
19	57	999994
19	58	999999
19	59	999960
19	60	999983
19	61	999987
19	62	999893
19	63	999977
19	64	999920
19	65	999587
19	66	999191
19	67	999906
19	68	998604
19	69	999330
19	70	998973
19	71	998561
19	72	998180
19	73	996995
19	74	994549
19	75	995046
19	76	993219
19	77	991970
19	78	987734
19	79	980221
19	80	965365
19	81	962068
19	82	949412
19	83	921786
19	84	923787
19	85	886800
19	86	851179
19	87	803973
19	88	727573
19	89	724635
19	90	570093
19	91	535383
19	92	407611
19	93	362993
19	94	200888
19	95	185045
19	96	93297
19	97	62883
19	98	33919
19	99	17654
19	100	191930
20	1	1000000
20	2	1000000
20	3	1000000
20	4	1000000
20	5	1000000
20	6	1000000
20	7	1000000
20	8	1000000
20	9	1000000
20	10	1000000
20	11	1000000
20	12	1000000
20	13	1000000
20	14	1000000
20	15	1000000
20	16	1000000
20	17	1000000
20	18	1000000
20	19	1000000
20	20	1000000
20	21	1000000
20	22	1000000
20	23	1000000
20	24	1000000
20	25	1000000
20	26	1000000
20	27	1000000
20	28	1000000
20	29	1000000
20	30	1000000
20	31	1000000
20	32	1000000
20	33	1000000
20	34	1000000
20	35	1000000
20	36	1000000
20	37	1000000
20	38	1000000
20	39	1000000
20	40	1000000
20	41	1000000
20	42	1000000
20	43	1000000
20	44	1000000
20	45	1000000
20	46	1000000
20	47	1000000
20	48	1000000
20	49	999997
20	50	1000000
20	51	1000000
20	52	1000000
20	53	999989
20	54	1000000
20	55	999999
20	56	999991
20	57	999998
20	58	999999
20	59	999976
20	60	999994
20	61	999998
20	62	999941
20	63	999997
20	64	999970
20	65	999778
20	66	999509
20	67	999976
20	68	999117
20	69	999633
20	70	999438
20	71	999182
20	72	998862
20	73	998072
20	74	996415
20	75	996966
20	76	995694
20	77	994818
20	78	991916
20	79	986404
20	80	975919
20	81	972875
20	82	963494
20	83	941064
20	84	943143
20	85	912951
20	86	883399
20	87	840327
20	88	774230
20	89	770514
20	90	625358
20	91	590077
20	92	461679
20	93	414498
20	94	241081
20	95	221194
20	96	115277
20	97	77997
20	98	42590
20	99	22137
20	100	202335
21	1	1000000
21	2	1000000
21	3	1000000
21	4	1000000
21	5	1000000
21	6	1000000
21	7	1000000
21	8	1000000
21	9	1000000
21	10	1000000
21	11	1000000
21	12	1000000
21	13	1000000
21	14	1000000
21	15	1000000
21	16	1000000
21	17	1000000
21	18	1000000
21	19	1000000
21	20	1000000
21	21	1000000
21	22	1000000
21	23	1000000
21	24	1000000
21	25	1000000
21	26	1000000
21	27	1000000
21	28	1000000
21	29	1000000
21	30	1000000
21	31	1000000
21	32	1000000
21	33	1000000
21	34	1000000
21	35	1000000
21	36	1000000
21	37	1000000
21	38	1000000
21	39	1000000
21	40	1000000
21	41	1000000
21	42	1000000
21	43	1000000
21	44	1000000
21	45	1000000
21	46	1000000
21	47	1000000
21	48	1000000
21	49	1000000
21	50	1000000
21	51	1000000
21	52	1000000
21	53	999996
21	54	1000000
21	55	1000000
21	56	999997
21	57	1000000
21	58	1000000
21	59	999993
21	60	999997
21	61	999995
21	62	999973
21	63	999993
21	64	999986
21	65	999905
21	66	999722
21	67	999985
21	68	999459
21	69	999804
21	70	999657
21	71	999501
21	72	999387
21	73	998914
21	74	997707
21	75	998044
21	76	997134
21	77	996643
21	78	994715
21	79	990600
21	80	982787
21	81	980666
21	82	973552
21	83	955121
21	84	958555
21	85	933200
21	86	908505
21	87	870192
21	88	814648
21	89	810303
21	90	676025
21	91	640505
21	92	514469
21	93	466669
21	94	281852
21	95	257363
21	96	139141
21	97	95144
21	98	51502
21	99	27444
21	100	212652
22	1	1000000
22	2	1000000
22	3	1000000
22	4	1000000
22	5	1000000
22	6	1000000
22	7	1000000
22	8	1000000
22	9	1000000
22	10	1000000
22	11	1000000
22	12	1000000
22	13	1000000
22	14	1000000
22	15	1000000
22	16	1000000
22	17	1000000
22	18	1000000
22	19	1000000
22	20	1000000
22	21	1000000
22	22	1000000
22	23	1000000
22	24	1000000
22	25	1000000
22	26	1000000
22	27	1000000
22	28	1000000
22	29	1000000
22	30	1000000
22	31	1000000
22	32	1000000
22	33	1000000
22	34	1000000
22	35	1000000
22	36	1000000
22	37	1000000
22	38	1000000
22	39	1000000
22	40	1000000
22	41	1000000
22	42	1000000
22	43	1000000
22	44	1000000
22	45	1000000
22	46	1000000
22	47	1000000
22	48	1000000
22	49	1000000
22	50	1000000
22	51	1000000
22	52	1000000
22	53	1000000
22	54	1000000
22	55	1000000
22	56	999999
22	57	1000000
22	58	1000000
22	59	999997
22	60	999999
22	61	999998
22	62	999985
22	63	999995
22	64	999995
22	65	999931
22	66	999860
22	67	999992
22	68	999672
22	69	999909
22	70	999822
22	71	999736
22	72	999682
22	73	999339
22	74	998627
22	75	998798
22	76	998318
22	77	997917
22	78	996531
22	79	993798
22	80	987973
22	81	986289
22	82	981077
22	83	966400
22	84	969237
22	85	949189
22	86	928919
22	87	896249
22	88	847164
22	89	844358
22	90	720900
22	91	687322
22	92	565046
22	93	515156
22	94	325271
22	95	295329
22	96	164553
22	97	113737
22	98	62689
22	99	33394
22	100	222473
23	1	1000000
23	2	1000000
23	3	1000000
23	4	1000000
23	5	1000000
23	6	1000000
23	7	1000000
23	8	1000000
23	9	1000000
23	10	1000000
23	11	1000000
23	12	1000000
23	13	1000000
23	14	1000000
23	15	1000000
23	16	1000000
23	17	1000000
23	18	1000000
23	19	1000000
23	20	1000000
23	21	1000000
23	22	1000000
23	23	1000000
23	24	1000000
23	25	1000000
23	26	1000000
23	27	1000000
23	28	1000000
23	29	1000000
23	30	1000000
23	31	1000000
23	32	1000000
23	33	1000000
23	34	1000000
23	35	1000000
23	36	1000000
23	37	1000000
23	38	1000000
23	39	1000000
23	40	1000000
23	41	1000000
23	42	1000000
23	43	1000000
23	44	1000000
23	45	1000000
23	46	1000000
23	47	1000000
23	48	1000000
23	49	1000000
23	50	1000000
23	51	1000000
23	52	1000000
23	53	1000000
23	54	1000000
23	55	1000000
23	56	999999
23	57	1000000
23	58	1000000
23	59	999997
23	60	1000000
23	61	999999
23	62	999993
23	63	1000000
23	64	999998
23	65	999968
23	66	999919
23	67	999996
23	68	999773
23	69	999940
23	70	999919
23	71	999848
23	72	999814
23	73	999608
23	74	999109
23	75	999280
23	76	998929
23	77	998634
23	78	997699
23	79	995760
23	80	991642
23	81	990324
23	82	986193
23	83	974760
23	84	977358
23	85	961860
23	86	945219
23	87	916978
23	88	876203
23	89	871887
23	90	760789
23	91	729587
23	92	611564
23	93	562457
23	94	366803
23	95	333573
23	96	191160
23	97	132798
23	98	74249
23	99	39345
23	100	233055
24	1	1000000
24	2	1000000
24	3	1000000
24	4	1000000
24	5	1000000
24	6	1000000
24	7	1000000
24	8	1000000
24	9	1000000
24	10	1000000
24	11	1000000
24	12	1000000
24	13	1000000
24	14	1000000
24	15	1000000
24	16	1000000
24	17	1000000
24	18	1000000
24	19	1000000
24	20	1000000
24	21	1000000
24	22	1000000
24	23	1000000
24	24	1000000
24	25	1000000
24	26	1000000
24	27	1000000
24	28	1000000
24	29	1000000
24	30	1000000
24	31	1000000
24	32	1000000
24	33	1000000
24	34	1000000
24	35	1000000
24	36	1000000
24	37	1000000
24	38	1000000
24	39	1000000
24	40	1000000
24	41	1000000
24	42	1000000
24	43	1000000
24	44	1000000
24	45	1000000
24	46	1000000
24	47	1000000
24	48	1000000
24	49	1000000
24	50	1000000
24	51	1000000
24	52	1000000
24	53	1000000
24	54	1000000
24	55	1000000
24	56	999999
24	57	1000000
24	58	1000000
24	59	1000000
24	60	1000000
24	61	999999
24	62	999999
24	63	1000000
24	64	1000000
24	65	999987
24	66	999953
24	67	1000000
24	68	999870
24	69	999974
24	70	999950
24	71	999930
24	72	999910
24	73	999763
24	74	999474
24	75	999565
24	76	999313
24	77	999184
24	78	998569
24	79	997112
24	80	994130
24	81	993176
24	82	990502
24	83	981146
24	84	983747
24	85	971003
24	86	957773
24	87	934227
24	88	899671
24	89	896884
24	90	796564
24	91	766494
24	92	653393
24	93	606950
24	94	408974
24	95	373108
24	96	218446
24	97	154943
24	98	86434
24	99	46884
24	100	242305
25	1	1000000
25	2	1000000
25	3	1000000
25	4	1000000
25	5	1000000
25	6	1000000
25	7	1000000
25	8	1000000
25	9	1000000
25	10	1000000
25	11	1000000
25	12	1000000
25	13	1000000
25	14	1000000
25	15	1000000
25	16	1000000
25	17	1000000
25	18	1000000
25	19	1000000
25	20	1000000
25	21	1000000
25	22	1000000
25	23	1000000
25	24	1000000
25	25	1000000
25	26	1000000
25	27	1000000
25	28	1000000
25	29	1000000
25	30	1000000
25	31	1000000
25	32	1000000
25	33	1000000
25	34	1000000
25	35	1000000
25	36	1000000
25	37	1000000
25	38	1000000
25	39	1000000
25	40	1000000
25	41	1000000
25	42	1000000
25	43	1000000
25	44	1000000
25	45	1000000
25	46	1000000
25	47	1000000
25	48	1000000
25	49	1000000
25	50	1000000
25	51	1000000
25	52	1000000
25	53	1000000
25	54	1000000
25	55	1000000
25	56	1000000
25	57	1000000
25	58	1000000
25	59	1000000
25	60	1000000
25	61	1000000
25	62	999999
25	63	999999
25	64	1000000
25	65	999994
25	66	999979
25	67	1000000
25	68	999914
25	69	999991
25	70	999966
25	71	999945
25	72	999947
25	73	999887
25	74	999655
25	75	999765
25	76	999600
25	77	999492
25	78	999132
25	79	998096
25	80	996011
25	81	995224
25	82	993218
25	83	986032
25	84	988090
25	85	978365
25	86	967837
25	87	947299
25	88	919081
25	89	916539
25	90	827845
25	91	798881
25	92	694380
25	93	647013
25	94	450763
25	95	410205
25	96	248172
25	97	176080
25	98	99895
25	99	54723
25	100	253334
26	1	1000000
26	2	1000000
26	3	1000000
26	4	1000000
26	5	1000000
26	6	1000000
26	7	1000000
26	8	1000000
26	9	1000000
26	10	1000000
26	11	1000000
26	12	1000000
26	13	1000000
26	14	1000000
26	15	1000000
26	16	1000000
26	17	1000000
26	18	1000000
26	19	1000000
26	20	1000000
26	21	1000000
26	22	1000000
26	23	1000000
26	24	1000000
26	25	1000000
26	26	1000000
26	27	1000000
26	28	1000000
26	29	1000000
26	30	1000000
26	31	1000000
26	32	1000000
26	33	1000000
26	34	1000000
26	35	1000000
26	36	1000000
26	37	1000000
26	38	1000000
26	39	1000000
26	40	1000000
26	41	1000000
26	42	1000000
26	43	1000000
26	44	1000000
26	45	1000000
26	46	1000000
26	47	1000000
26	48	1000000
26	49	1000000
26	50	1000000
26	51	1000000
26	52	1000000
26	53	1000000
26	54	1000000
26	55	1000000
26	56	1000000
26	57	1000000
26	58	1000000
26	59	1000000
26	60	1000000
26	61	1000000
26	62	1000000
26	63	1000000
26	64	1000000
26	65	999998
26	66	999983
26	67	1000000
26	68	999951
26	69	999991
26	70	999977
26	71	999976
26	72	999971
26	73	999935
26	74	999788
26	75	999856
26	76	999734
26	77	999659
26	78	999434
26	79	998691
26	80	997177
26	81	996641
26	82	995278
26	83	989773
26	84	991669
26	85	983878
26	86	975625
26	87	958483
26	88	935117
26	89	932502
26	90	854418
26	91	828094
26	92	730811
26	93	685328
26	94	491328
26	95	448465
26	96	277925
26	97	200438
26	98	113557
26	99	62167
26	100	262309
27	1	1000000
27	2	1000000
27	3	1000000
27	4	1000000
27	5	1000000
27	6	1000000
27	7	1000000
27	8	1000000
27	9	1000000
27	10	1000000
27	11	1000000
27	12	1000000
27	13	1000000
27	14	1000000
27	15	1000000
27	16	1000000
27	17	1000000
27	18	1000000
27	19	1000000
27	20	1000000
27	21	1000000
27	22	1000000
27	23	1000000
27	24	1000000
27	25	1000000
27	26	1000000
27	27	1000000
27	28	1000000
27	29	1000000
27	30	1000000
27	31	1000000
27	32	1000000
27	33	1000000
27	34	1000000
27	35	1000000
27	36	1000000
27	37	1000000
27	38	1000000
27	39	1000000
27	40	1000000
27	41	1000000
27	42	1000000
27	43	1000000
27	44	1000000
27	45	1000000
27	46	1000000
27	47	1000000
27	48	1000000
27	49	1000000
27	50	1000000
27	51	1000000
27	52	1000000
27	53	1000000
27	54	1000000
27	55	1000000
27	56	1000000
27	57	1000000
27	58	1000000
27	59	1000000
27	60	1000000
27	61	1000000
27	62	1000000
27	63	1000000
27	64	1000000
27	65	999997
27	66	999995
27	67	1000000
27	68	999974
27	69	999995
27	70	999990
27	71	999987
27	72	999987
27	73	999955
27	74	999883
27	75	999899
27	76	999870
27	77	999801
27	78	999590
27	79	999133
27	80	998147
27	81	997752
27	82	996626
27	83	992454
27	84	993934
27	85	988029
27	86	981656
27	87	967136
27	88	947935
27	89	945588
27	90	877523
27	91	852808
27	92	761894
27	93	720391
27	94	529928
27	95	485122
27	96	308999
27	97	223947
27	98	128399
27	99	71113
27	100	272761
28	1	1000000
28	2	1000000
28	3	1000000
28	4	1000000
28	5	1000000
28	6	1000000
28	7	1000000
28	8	1000000
28	9	1000000
28	10	1000000
28	11	1000000
28	12	1000000
28	13	1000000
28	14	1000000
28	15	1000000
28	16	1000000
28	17	1000000
28	18	1000000
28	19	1000000
28	20	1000000
28	21	1000000
28	22	1000000
28	23	1000000
28	24	1000000
28	25	1000000
28	26	1000000
28	27	1000000
28	28	1000000
28	29	1000000
28	30	1000000
28	31	1000000
28	32	1000000
28	33	1000000
28	34	1000000
28	35	1000000
28	36	1000000
28	37	1000000
28	38	1000000
28	39	1000000
28	40	1000000
28	41	1000000
28	42	1000000
28	43	1000000
28	44	1000000
28	45	1000000
28	46	1000000
28	47	1000000
28	48	1000000
28	49	1000000
28	50	1000000
28	51	1000000
28	52	1000000
28	53	1000000
28	54	1000000
28	55	1000000
28	56	1000000
28	57	1000000
28	58	1000000
28	59	1000000
28	60	1000000
28	61	1000000
28	62	1000000
28	63	1000000
28	64	1000000
28	65	1000000
28	66	999998
28	67	1000000
28	68	999987
28	69	999999
28	70	999994
28	71	999992
28	72	999992
28	73	999979
28	74	999929
28	75	999943
28	76	999913
28	77	999883
28	78	999765
28	79	999481
28	80	998757
28	81	998384
28	82	997678
28	83	994380
28	84	995681
28	85	991130
28	86	986265
28	87	974142
28	88	958116
28	89	956664
28	90	896874
28	91	874953
28	92	792450
28	93	752467
28	94	568851
28	95	520394
28	96	339761
28	97	247688
28	98	142995
28	99	79742
28	100	282394
29	1	1000000
29	2	1000000
29	3	1000000
29	4	1000000
29	5	1000000
29	6	1000000
29	7	1000000
29	8	1000000
29	9	1000000
29	10	1000000
29	11	1000000
29	12	1000000
29	13	1000000
29	14	1000000
29	15	1000000
29	16	1000000
29	17	1000000
29	18	1000000
29	19	1000000
29	20	1000000
29	21	1000000
29	22	1000000
29	23	1000000
29	24	1000000
29	25	1000000
29	26	1000000
29	27	1000000
29	28	1000000
29	29	1000000
29	30	1000000
29	31	1000000
29	32	1000000
29	33	1000000
29	34	1000000
29	35	1000000
29	36	1000000
29	37	1000000
29	38	1000000
29	39	1000000
29	40	1000000
29	41	1000000
29	42	1000000
29	43	1000000
29	44	1000000
29	45	1000000
29	46	1000000
29	47	1000000
29	48	1000000
29	49	1000000
29	50	1000000
29	51	1000000
29	52	1000000
29	53	1000000
29	54	1000000
29	55	1000000
29	56	1000000
29	57	1000000
29	58	1000000
29	59	1000000
29	60	1000000
29	61	1000000
29	62	1000000
29	63	1000000
29	64	1000000
29	65	1000000
29	66	999996
29	67	1000000
29	68	999994
29	69	999999
29	70	999998
29	71	999997
29	72	999998
29	73	999996
29	74	999954
29	75	999965
29	76	999950
29	77	999934
29	78	999886
29	79	999666
29	80	999194
29	81	998951
29	82	998425
29	83	995861
29	84	996976
29	85	993523
29	86	989508
29	87	980009
29	88	966620
29	89	965080
29	90	913749
29	91	893858
29	92	818468
29	93	781521
29	94	603085
29	95	555298
29	96	369226
29	97	272789
29	98	159307
29	99	89124
29	100	292866
30	1	1000000
30	2	1000000
30	3	1000000
30	4	1000000
30	5	1000000
30	6	1000000
30	7	1000000
30	8	1000000
30	9	1000000
30	10	1000000
30	11	1000000
30	12	1000000
30	13	1000000
30	14	1000000
30	15	1000000
30	16	1000000
30	17	1000000
30	18	1000000
30	19	1000000
30	20	1000000
30	21	1000000
30	22	1000000
30	23	1000000
30	24	1000000
30	25	1000000
30	26	1000000
30	27	1000000
30	28	1000000
30	29	1000000
30	30	1000000
30	31	1000000
30	32	1000000
30	33	1000000
30	34	1000000
30	35	1000000
30	36	1000000
30	37	1000000
30	38	1000000
30	39	1000000
30	40	1000000
30	41	1000000
30	42	1000000
30	43	1000000
30	44	1000000
30	45	1000000
30	46	1000000
30	47	1000000
30	48	1000000
30	49	1000000
30	50	1000000
30	51	1000000
30	52	1000000
30	53	1000000
30	54	1000000
30	55	1000000
30	56	1000000
30	57	1000000
30	58	1000000
30	59	1000000
30	60	1000000
30	61	1000000
30	62	1000000
30	63	1000000
30	64	1000000
30	65	1000000
30	66	1000000
30	67	1000000
30	68	999997
30	69	999999
30	70	999999
30	71	999996
30	72	999997
30	73	999992
30	74	999976
30	75	999982
30	76	999969
30	77	999965
30	78	999916
30	79	999777
30	80	999439
30	81	999330
30	82	998897
30	83	996957
30	84	997829
30	85	995212
30	86	992199
30	87	984470
30	88	974109
30	89	972087
30	90	928379
30	91	910828
30	92	842184
30	93	806954
30	94	636949
30	95	588830
30	96	400479
30	97	297937
30	98	176350
30	99	99364
30	100	303240
31	1	1000000
31	2	1000000
31	3	1000000
31	4	1000000
31	5	1000000
31	6	1000000
31	7	1000000
31	8	1000000
31	9	1000000
31	10	1000000
31	11	1000000
31	12	1000000
31	13	1000000
31	14	1000000
31	15	1000000
31	16	1000000
31	17	1000000
31	18	1000000
31	19	1000000
31	20	1000000
31	21	1000000
31	22	1000000
31	23	1000000
31	24	1000000
31	25	1000000
31	26	1000000
31	27	1000000
31	28	1000000
31	29	1000000
31	30	1000000
31	31	1000000
31	32	1000000
31	33	1000000
31	34	1000000
31	35	1000000
31	36	1000000
31	37	1000000
31	38	1000000
31	39	1000000
31	40	1000000
31	41	1000000
31	42	1000000
31	43	1000000
31	44	1000000
31	45	1000000
31	46	1000000
31	47	1000000
31	48	1000000
31	49	1000000
31	50	1000000
31	51	1000000
31	52	1000000
31	53	1000000
31	54	1000000
31	55	1000000
31	56	1000000
31	57	1000000
31	58	1000000
31	59	1000000
31	60	1000000
31	61	1000000
31	62	1000000
31	63	1000000
31	64	1000000
31	65	1000000
31	66	1000000
31	67	1000000
31	68	999996
31	69	1000000
31	70	1000000
31	71	1000000
31	72	999998
31	73	999997
31	74	999981
31	75	999987
31	76	999981
31	77	999979
31	78	999943
31	79	999875
31	80	999629
31	81	999479
31	82	999264
31	83	997804
31	84	998576
31	85	996554
31	86	994196
31	87	987696
31	88	979784
31	89	977975
31	90	940075
31	91	925124
31	92	863351
31	93	830943
31	94	668888
31	95	620041
31	96	430165
31	97	324066
31	98	192722
31	99	109324
31	100	313437
32	1	1000000
32	2	1000000
32	3	1000000
32	4	1000000
32	5	1000000
32	6	1000000
32	7	1000000
32	8	1000000
32	9	1000000
32	10	1000000
32	11	1000000
32	12	1000000
32	13	1000000
32	14	1000000
32	15	1000000
32	16	1000000
32	17	1000000
32	18	1000000
32	19	1000000
32	20	1000000
32	21	1000000
32	22	1000000
32	23	1000000
32	24	1000000
32	25	1000000
32	26	1000000
32	27	1000000
32	28	1000000
32	29	1000000
32	30	1000000
32	31	1000000
32	32	1000000
32	33	1000000
32	34	1000000
32	35	1000000
32	36	1000000
32	37	1000000
32	38	1000000
32	39	1000000
32	40	1000000
32	41	1000000
32	42	1000000
32	43	1000000
32	44	1000000
32	45	1000000
32	46	1000000
32	47	1000000
32	48	1000000
32	49	1000000
32	50	1000000
32	51	1000000
32	52	1000000
32	53	1000000
32	54	1000000
32	55	1000000
32	56	1000000
32	57	1000000
32	58	1000000
32	59	1000000
32	60	1000000
32	61	1000000
32	62	1000000
32	63	1000000
32	64	1000000
32	65	999999
32	66	1000000
32	67	1000000
32	68	999999
32	69	1000000
32	70	1000000
32	71	1000000
32	72	999999
32	73	1000000
32	74	999992
32	75	999996
32	76	999986
32	77	999986
32	78	999977
32	79	999914
32	80	999750
32	81	999690
32	82	999518
32	83	998419
32	84	999004
32	85	997395
32	86	995807
32	87	990489
32	88	984029
32	89	982778
32	90	950839
32	91	937444
32	92	881415
32	93	852646
32	94	700084
32	95	649766
32	96	460451
32	97	350146
32	98	209478
32	99	120326
32	100	322881
33	1	1000000
33	2	1000000
33	3	1000000
33	4	1000000
33	5	1000000
33	6	1000000
33	7	1000000
33	8	1000000
33	9	1000000
33	10	1000000
33	11	1000000
33	12	1000000
33	13	1000000
33	14	1000000
33	15	1000000
33	16	1000000
33	17	1000000
33	18	1000000
33	19	1000000
33	20	1000000
33	21	1000000
33	22	1000000
33	23	1000000
33	24	1000000
33	25	1000000
33	26	1000000
33	27	1000000
33	28	1000000
33	29	1000000
33	30	1000000
33	31	1000000
33	32	1000000
33	33	1000000
33	34	1000000
33	35	1000000
33	36	1000000
33	37	1000000
33	38	1000000
33	39	1000000
33	40	1000000
33	41	1000000
33	42	1000000
33	43	1000000
33	44	1000000
33	45	1000000
33	46	1000000
33	47	1000000
33	48	1000000
33	49	1000000
33	50	1000000
33	51	1000000
33	52	1000000
33	53	1000000
33	54	1000000
33	55	1000000
33	56	1000000
33	57	1000000
33	58	1000000
33	59	1000000
33	60	1000000
33	61	1000000
33	62	1000000
33	63	1000000
33	64	1000000
33	65	1000000
33	66	1000000
33	67	1000000
33	68	1000000
33	69	1000000
33	70	1000000
33	71	1000000
33	72	1000000
33	73	999997
33	74	999995
33	75	999999
33	76	999991
33	77	999990
33	78	999984
33	79	999949
33	80	999837
33	81	999792
33	82	999655
33	83	998856
33	84	999288
33	85	998277
33	86	996846
33	87	992712
33	88	987548
33	89	986371
33	90	959476
33	91	947565
33	92	898256
33	93	869870
33	94	728137
33	95	678720
33	96	489658
33	97	375589
33	98	228020
33	99	131561
33	100	333768
34	1	1000000
34	2	1000000
34	3	1000000
34	4	1000000
34	5	1000000
34	6	1000000
34	7	1000000
34	8	1000000
34	9	1000000
34	10	1000000
34	11	1000000
34	12	1000000
34	13	1000000
34	14	1000000
34	15	1000000
34	16	1000000
34	17	1000000
34	18	1000000
34	19	1000000
34	20	1000000
34	21	1000000
34	22	1000000
34	23	1000000
34	24	1000000
34	25	1000000
34	26	1000000
34	27	1000000
34	28	1000000
34	29	1000000
34	30	1000000
34	31	1000000
34	32	1000000
34	33	1000000
34	34	1000000
34	35	1000000
34	36	1000000
34	37	1000000
34	38	1000000
34	39	1000000
34	40	1000000
34	41	1000000
34	42	1000000
34	43	1000000
34	44	1000000
34	45	1000000
34	46	1000000
34	47	1000000
34	48	1000000
34	49	1000000
34	50	1000000
34	51	1000000
34	52	1000000
34	53	1000000
34	54	1000000
34	55	1000000
34	56	1000000
34	57	1000000
34	58	1000000
34	59	1000000
34	60	1000000
34	61	1000000
34	62	1000000
34	63	1000000
34	64	1000000
34	65	1000000
34	66	1000000
34	67	1000000
34	68	1000000
34	69	1000000
34	70	1000000
34	71	1000000
34	72	1000000
34	73	1000000
34	74	999999
34	75	999997
34	76	999996
34	77	999994
34	78	999989
34	79	999969
34	80	999896
34	81	999877
34	82	999800
34	83	999157
34	84	999531
34	85	998723
34	86	997763
34	87	994398
34	88	990306
34	89	989359
34	90	966553
34	91	956153
34	92	912608
34	93	887717
34	94	754148
34	95	705566
34	96	518439
34	97	400104
34	98	245495
34	99	143573
34	100	343533
35	1	1000000
35	2	1000000
35	3	1000000
35	4	1000000
35	5	1000000
35	6	1000000
35	7	1000000
35	8	1000000
35	9	1000000
35	10	1000000
35	11	1000000
35	12	1000000
35	13	1000000
35	14	1000000
35	15	1000000
35	16	1000000
35	17	1000000
35	18	1000000
35	19	1000000
35	20	1000000
35	21	1000000
35	22	1000000
35	23	1000000
35	24	1000000
35	25	1000000
35	26	1000000
35	27	1000000
35	28	1000000
35	29	1000000
35	30	1000000
35	31	1000000
35	32	1000000
35	33	1000000
35	34	1000000
35	35	1000000
35	36	1000000
35	37	1000000
35	38	1000000
35	39	1000000
35	40	1000000
35	41	1000000
35	42	1000000
35	43	1000000
35	44	1000000
35	45	1000000
35	46	1000000
35	47	1000000
35	48	1000000
35	49	1000000
35	50	1000000
35	51	1000000
35	52	1000000
35	53	1000000
35	54	1000000
35	55	1000000
35	56	1000000
35	57	1000000
35	58	1000000
35	59	1000000
35	60	1000000
35	61	1000000
35	62	1000000
35	63	1000000
35	64	1000000
35	65	1000000
35	66	1000000
35	67	1000000
35	68	999999
35	69	1000000
35	70	1000000
35	71	1000000
35	72	1000000
35	73	1000000
35	74	999997
35	75	999999
35	76	999997
35	77	999997
35	78	999991
35	79	999976
35	80	999922
35	81	999933
35	82	999882
35	83	999436
35	84	999695
35	85	999099
35	86	998366
35	87	995695
35	88	992604
35	89	991603
35	90	972943
35	91	963686
35	92	925586
35	93	901860
35	94	778878
35	95	730549
35	96	546775
35	97	426559
35	98	264345
35	99	155654
35	100	353883
36	1	1000000
36	2	1000000
36	3	1000000
36	4	1000000
36	5	1000000
36	6	1000000
36	7	1000000
36	8	1000000
36	9	1000000
36	10	1000000
36	11	1000000
36	12	1000000
36	13	1000000
36	14	1000000
36	15	1000000
36	16	1000000
36	17	1000000
36	18	1000000
36	19	1000000
36	20	1000000
36	21	1000000
36	22	1000000
36	23	1000000
36	24	1000000
36	25	1000000
36	26	1000000
36	27	1000000
36	28	1000000
36	29	1000000
36	30	1000000
36	31	1000000
36	32	1000000
36	33	1000000
36	34	1000000
36	35	1000000
36	36	1000000
36	37	1000000
36	38	1000000
36	39	1000000
36	40	1000000
36	41	1000000
36	42	1000000
36	43	1000000
36	44	1000000
36	45	1000000
36	46	1000000
36	47	1000000
36	48	1000000
36	49	1000000
36	50	1000000
36	51	1000000
36	52	1000000
36	53	1000000
36	54	1000000
36	55	1000000
36	56	1000000
36	57	1000000
36	58	1000000
36	59	1000000
36	60	1000000
36	61	1000000
36	62	1000000
36	63	1000000
36	64	1000000
36	65	1000000
36	66	1000000
36	67	1000000
36	68	1000000
36	69	1000000
36	70	1000000
36	71	1000000
36	72	1000000
36	73	1000000
36	74	999999
36	75	1000000
36	76	999999
36	77	1000000
36	78	999997
36	79	999989
36	80	999968
36	81	999949
36	82	999924
36	83	999611
36	84	999797
36	85	999362
36	86	998815
36	87	996654
36	88	994198
36	89	993605
36	90	977594
36	91	969977
36	92	936044
36	93	915387
36	94	800536
36	95	754091
36	96	573750
36	97	450896
36	98	282341
36	99	167320
36	100	363510
37	1	1000000
37	2	1000000
37	3	1000000
37	4	1000000
37	5	1000000
37	6	1000000
37	7	1000000
37	8	1000000
37	9	1000000
37	10	1000000
37	11	1000000
37	12	1000000
37	13	1000000
37	14	1000000
37	15	1000000
37	16	1000000
37	17	1000000
37	18	1000000
37	19	1000000
37	20	1000000
37	21	1000000
37	22	1000000
37	23	1000000
37	24	1000000
37	25	1000000
37	26	1000000
37	27	1000000
37	28	1000000
37	29	1000000
37	30	1000000
37	31	1000000
37	32	1000000
37	33	1000000
37	34	1000000
37	35	1000000
37	36	1000000
37	37	1000000
37	38	1000000
37	39	1000000
37	40	1000000
37	41	1000000
37	42	1000000
37	43	1000000
37	44	1000000
37	45	1000000
37	46	1000000
37	47	1000000
37	48	1000000
37	49	1000000
37	50	1000000
37	51	1000000
37	52	1000000
37	53	1000000
37	54	1000000
37	55	1000000
37	56	1000000
37	57	1000000
37	58	1000000
37	59	1000000
37	60	1000000
37	61	1000000
37	62	1000000
37	63	1000000
37	64	1000000
37	65	1000000
37	66	1000000
37	67	1000000
37	68	1000000
37	69	1000000
37	70	1000000
37	71	1000000
37	72	1000000
37	73	1000000
37	74	1000000
37	75	1000000
37	76	999999
37	77	999998
37	78	999997
37	79	999993
37	80	999980
37	81	999964
37	82	999936
37	83	999730
37	84	999842
37	85	999552
37	86	999197
37	87	997542
37	88	995570
37	89	995094
37	90	982011
37	91	975339
37	92	945780
37	93	926593
37	94	821319
37	95	776142
37	96	600304
37	97	477108
37	98	301458
37	99	179169
37	100	373776
38	1	1000000
38	2	1000000
38	3	1000000
38	4	1000000
38	5	1000000
38	6	1000000
38	7	1000000
38	8	1000000
38	9	1000000
38	10	1000000
38	11	1000000
38	12	1000000
38	13	1000000
38	14	1000000
38	15	1000000
38	16	1000000
38	17	1000000
38	18	1000000
38	19	1000000
38	20	1000000
38	21	1000000
38	22	1000000
38	23	1000000
38	24	1000000
38	25	1000000
38	26	1000000
38	27	1000000
38	28	1000000
38	29	1000000
38	30	1000000
38	31	1000000
38	32	1000000
38	33	1000000
38	34	1000000
38	35	1000000
38	36	1000000
38	37	1000000
38	38	1000000
38	39	1000000
38	40	1000000
38	41	1000000
38	42	1000000
38	43	1000000
38	44	1000000
38	45	1000000
38	46	1000000
38	47	1000000
38	48	1000000
38	49	1000000
38	50	1000000
38	51	1000000
38	52	1000000
38	53	1000000
38	54	1000000
38	55	1000000
38	56	1000000
38	57	1000000
38	58	1000000
38	59	1000000
38	60	1000000
38	61	1000000
38	62	1000000
38	63	1000000
38	64	1000000
38	65	1000000
38	66	1000000
38	67	1000000
38	68	1000000
38	69	1000000
38	70	1000000
38	71	1000000
38	72	1000000
38	73	1000000
38	74	999999
38	75	1000000
38	76	1000000
38	77	999998
38	78	999998
38	79	999997
38	80	999975
38	81	999975
38	82	999967
38	83	999795
38	84	999906
38	85	999690
38	86	999481
38	87	998138
38	88	996680
38	89	996208
38	90	985438
38	91	979741
38	92	953781
38	93	936803
38	94	840554
38	95	797248
38	96	625102
38	97	502224
38	98	320488
38	99	192292
38	100	383697
39	1	1000000
39	2	1000000
39	3	1000000
39	4	1000000
39	5	1000000
39	6	1000000
39	7	1000000
39	8	1000000
39	9	1000000
39	10	1000000
39	11	1000000
39	12	1000000
39	13	1000000
39	14	1000000
39	15	1000000
39	16	1000000
39	17	1000000
39	18	1000000
39	19	1000000
39	20	1000000
39	21	1000000
39	22	1000000
39	23	1000000
39	24	1000000
39	25	1000000
39	26	1000000
39	27	1000000
39	28	1000000
39	29	1000000
39	30	1000000
39	31	1000000
39	32	1000000
39	33	1000000
39	34	1000000
39	35	1000000
39	36	1000000
39	37	1000000
39	38	1000000
39	39	1000000
39	40	1000000
39	41	1000000
39	42	1000000
39	43	1000000
39	44	1000000
39	45	1000000
39	46	1000000
39	47	1000000
39	48	1000000
39	49	1000000
39	50	1000000
39	51	1000000
39	52	1000000
39	53	1000000
39	54	1000000
39	55	1000000
39	56	1000000
39	57	1000000
39	58	1000000
39	59	1000000
39	60	1000000
39	61	1000000
39	62	1000000
39	63	1000000
39	64	1000000
39	65	1000000
39	66	1000000
39	67	1000000
39	68	1000000
39	69	1000000
39	70	1000000
39	71	1000000
39	72	1000000
39	73	1000000
39	74	1000000
39	75	1000000
39	76	1000000
39	77	1000000
39	78	1000000
39	79	999998
39	80	999988
39	81	999980
39	82	999983
39	83	999880
39	84	999937
39	85	999781
39	86	999604
39	87	998598
39	88	997491
39	89	997061
39	90	988246
39	91	983313
39	92	960905
39	93	945760
39	94	857887
39	95	816483
39	96	650010
39	97	525896
39	98	339857
39	99	205478
39	100	394224
40	1	1000000
40	2	1000000
40	3	1000000
40	4	1000000
40	5	1000000
40	6	1000000
40	7	1000000
40	8	1000000
40	9	1000000
40	10	1000000
40	11	1000000
40	12	1000000
40	13	1000000
40	14	1000000
40	15	1000000
40	16	1000000
40	17	1000000
40	18	1000000
40	19	1000000
40	20	1000000
40	21	1000000
40	22	1000000
40	23	1000000
40	24	1000000
40	25	1000000
40	26	1000000
40	27	1000000
40	28	1000000
40	29	1000000
40	30	1000000
40	31	1000000
40	32	1000000
40	33	1000000
40	34	1000000
40	35	1000000
40	36	1000000
40	37	1000000
40	38	1000000
40	39	1000000
40	40	1000000
40	41	1000000
40	42	1000000
40	43	1000000
40	44	1000000
40	45	1000000
40	46	1000000
40	47	1000000
40	48	1000000
40	49	1000000
40	50	1000000
40	51	1000000
40	52	1000000
40	53	1000000
40	54	1000000
40	55	1000000
40	56	1000000
40	57	1000000
40	58	1000000
40	59	1000000
40	60	1000000
40	61	1000000
40	62	1000000
40	63	1000000
40	64	1000000
40	65	1000000
40	66	1000000
40	67	1000000
40	68	1000000
40	69	1000000
40	70	1000000
40	71	1000000
40	72	1000000
40	73	1000000
40	74	1000000
40	75	1000000
40	76	1000000
40	77	1000000
40	78	1000000
40	79	999997
40	80	999996
40	81	999994
40	82	999986
40	83	999902
40	84	999957
40	85	999854
40	86	999731
40	87	998916
40	88	998182
40	89	997692
40	90	990589
40	91	986322
40	92	967095
40	93	954217
40	94	873476
40	95	834376
40	96	672926
40	97	549818
40	98	358367
40	99	218220
40	100	404245
