1	0	100000	
2	0	100000	
3	0	100000	
4	0	100000	
5	0	100000	
6	0	100000	
7	0	100000	
8	0	100000	
9	0	100000	
10	0	100000	
11	0	100000	
12	0	99788	1	212	
13	0	100000	
14	0	99545	1	455	
15	0	100000	
16	0	99315	1	685	
17	0	100000	
18	0	99010	1	973	2	17	
19	0	100000	
20	0	98927	1	1073	
21	0	99964	2	36	
22	0	98749	1	1251	
23	0	99971	1	29	
24	0	98583	1	1352	2	64	3	1	
25	0	99998	1	2	
26	0	97556	1	2438	2	6	
27	0	99516	1	401	2	83	
28	0	97674	1	2314	2	6	3	6	
29	0	99734	1	257	2	9	
30	0	98051	1	1838	2	110	4	1	
31	0	99599	1	401	
32	0	97680	1	2291	2	14	3	15	
33	0	99118	1	773	2	109	
34	0	94404	1	5546	2	50	
35	0	98774	1	1189	2	32	3	4	4	1	
36	0	93659	1	5957	2	364	3	19	4	1	
37	0	98505	1	1438	2	56	3	1	
38	0	92858	1	6964	2	168	3	10	
39	0	96794	1	2957	2	243	3	5	4	1	
40	0	94289	1	5608	2	79	3	21	4	3	
41	0	96910	1	3004	2	86	
42	0	92254	1	7280	2	450	3	15	4	1	
43	0	94643	1	5025	2	327	3	4	4	1	
44	0	91067	1	8563	2	318	3	52	
45	0	93315	1	6358	2	274	3	39	4	14	
46	0	86935	1	12552	2	492	3	21	
47	0	89082	1	10393	2	498	3	27	
48	0	84168	1	14753	2	933	3	142	4	3	5	1	
49	0	85452	1	13469	2	1024	3	48	4	7	
50	0	82984	1	16093	2	762	3	142	4	19	
51	0	17295	1	69148	2	12504	3	987	4	60	5	6	
52	0	28410	1	57373	2	12172	3	1786	4	245	5	14	
53	0	39286	1	50639	2	8682	3	1303	4	81	5	9	
54	0	44627	1	41281	2	10959	3	2661	4	439	5	29	6	3	7	1	
55	0	50091	1	35752	2	9678	3	3930	4	446	5	90	6	10	7	3	
56	0	55475	1	31440	2	10154	3	2508	4	346	5	59	6	17	7	1	
57	0	53359	1	31195	2	11506	3	3337	4	510	5	71	6	17	7	5	
58	0	60859	1	23577	2	11595	3	3114	4	715	5	116	6	20	7	3	8	1	
59	0	58185	1	26601	2	11062	3	3325	4	606	5	184	6	30	7	6	8	1	
60	0	53478	1	27167	2	13828	3	4184	4	1080	5	218	6	34	7	6	8	4	9	1	
61	0	51068	1	29053	2	14551	3	3992	4	1069	5	218	6	39	7	9	9	1	
62	0	48777	1	28825	2	16102	3	4688	4	1265	5	285	6	43	7	8	8	6	9	1	
63	0	42096	1	31063	2	17759	3	6553	4	1885	5	509	6	100	7	28	8	6	9	1	
64	0	36114	1	33056	2	19594	3	7939	4	2456	5	656	6	146	7	29	8	8	9	2	
65	0	34584	1	34058	2	19915	3	8166	4	2427	5	634	6	164	7	35	8	15	9	1	10	1	
66	0	27095	1	33254	2	22599	3	11350	4	4105	5	1175	6	327	7	63	8	22	9	5	10	5	
67	0	45546	1	27878	2	17191	3	6778	4	2005	5	472	6	98	7	24	8	8	
68	0	33310	1	32935	2	20095	3	9483	4	3124	5	801	6	186	7	47	8	13	9	6	
69	0	28625	1	32370	2	22389	3	10814	4	4241	5	1189	6	283	7	71	8	12	9	5	10	1	
70	0	24510	1	31364	2	23604	3	12540	4	5477	5	1822	6	499	7	141	8	32	9	7	10	2	11	1	12	1	
71	0	18452	1	31078	2	25876	3	14761	4	6675	5	2285	6	648	7	175	8	39	9	8	10	2	11	1	
72	0	12036	1	27797	2	27091	3	18335	4	9071	5	3878	6	1286	7	371	8	98	9	26	10	9	11	2	
73	0	12282	1	26338	2	27869	3	18600	4	9270	5	3744	6	1353	7	404	8	96	9	34	10	7	11	3	
74	0	9556	1	24572	2	27881	3	20115	4	10666	5	4723	6	1702	7	545	8	177	9	44	10	15	11	1	12	2	13	1	
75	0	6583	1	20594	2	27168	3	22496	4	13209	5	6320	6	2429	7	856	8	265	9	55	10	18	11	6	13	1	
76	0	3245	1	14071	2	24377	3	25288	4	17569	5	9329	6	3874	7	1552	8	473	9	156	10	41	11	17	12	6	13	1	14	1	
77	0	2891	1	12802	2	23353	3	24772	4	18215	5	10326	6	4773	7	1892	8	660	9	222	10	65	11	21	12	6	13	2	
78	0	1798	1	9040	2	19569	3	24155	4	20460	5	13261	6	6880	7	3013	8	1180	9	422	10	143	11	56	12	19	13	3	14	1	
79	0	1218	1	6429	2	16913	3	23376	4	21828	5	15062	6	8424	7	4042	8	1742	9	629	10	238	11	62	12	32	13	3	14	1	15	1	
80	0	2067	1	6180	2	13849	3	21084	4	21767	5	16529	6	9960	7	5082	8	2183	9	881	10	271	11	105	12	25	13	15	14	2	
81	0	2162	1	5656	2	12473	3	19606	4	21360	5	17008	6	11189	7	5852	8	2820	9	1222	10	438	11	154	12	45	13	12	14	2	15	1	
82	0	1501	1	5241	2	11207	3	18050	4	21273	5	18016	6	12101	7	6790	8	3442	9	1430	10	623	11	225	12	52	13	33	14	11	15	4	16	1	
83	0	607	1	3126	2	7880	3	15285	4	20399	5	20094	6	14902	7	9098	8	4856	9	2282	10	918	11	363	12	108	13	57	14	20	15	2	16	3	
84	0	257	1	1847	2	5713	3	11287	4	17457	5	19914	6	17768	7	12123	8	7139	9	3610	10	1733	11	742	12	258	13	97	14	35	15	13	16	6	17	1	
85	0	86	1	897	2	3763	3	8660	4	14819	5	19653	6	18996	7	14539	8	9338	9	5027	10	2435	11	1096	12	442	13	161	14	55	15	16	16	7	17	8	18	2	
86	0	141	1	782	2	3262	3	7918	4	14153	5	18925	6	18944	7	15144	8	9946	9	5644	10	2875	11	1327	12	566	13	228	14	87	15	35	16	16	17	4	18	2	19	1	
87	0	38	1	318	2	1398	3	4728	4	10212	5	16470	6	20299	7	18125	8	12898	9	7860	10	4302	11	1913	12	848	13	372	14	132	15	48	16	27	17	6	18	2	19	4	
88	0	16	1	195	2	930	3	2602	4	6617	5	11865	6	16725	7	19032	8	16744	9	11709	10	6951	11	3648	12	1720	13	733	14	339	15	100	16	43	17	15	18	8	19	7	21	1	
89	0	56	1	72	2	444	3	1871	4	4909	5	10129	6	15351	7	18581	8	17507	9	13180	10	8593	11	4998	12	2381	13	1157	14	473	15	189	16	62	17	30	18	9	19	6	20	2	
90	0	26	1	104	2	369	3	1404	4	3749	5	7675	6	12359	7	16354	8	17497	9	14991	10	10963	11	6977	12	3955	13	1982	14	932	15	405	16	172	17	52	18	22	19	9	20	1	21	2	
91	0	4	1	21	2	89	3	299	4	1338	5	4101	6	8672	7	14003	8	17740	9	17510	10	14317	11	9970	12	5997	13	3155	14	1539	15	743	16	304	17	117	18	49	19	22	20	5	21	1	22	3	23	1	
92	0	6	1	35	2	175	3	529	4	1393	5	3134	6	6434	7	10988	8	15257	9	17066	10	15693	11	12103	12	7877	13	4638	14	2487	15	1235	16	554	17	236	18	94	19	38	20	21	21	5	22	1	23	1	
93	2	15	3	64	4	271	5	1143	6	3395	7	7486	8	12578	9	16743	10	17521	11	15044	12	11017	13	6856	14	4057	15	1994	16	1043	17	447	18	199	19	75	20	36	21	13	22	1	23	2	
94	1	2	2	39	3	154	4	440	5	1217	6	2680	7	5167	8	8936	9	13324	10	15844	11	15976	12	13355	13	9799	14	6180	15	3552	16	1806	17	885	18	383	19	160	20	61	21	25	22	13	23	2	
95	3	6	4	41	5	202	6	830	7	2555	8	5829	9	10520	10	14900	11	16722	12	15870	13	12602	14	8729	15	5391	16	3024	17	1511	18	690	19	331	20	146	21	54	22	31	23	9	24	3	25	4	
96	2	26	3	89	4	216	5	516	6	1006	7	1901	8	3435	9	6313	10	10092	11	13852	12	16048	13	14978	14	12283	15	8454	16	5292	17	2809	18	1455	19	666	20	316	21	151	22	66	23	21	24	14	25	1	
97	5	16	6	79	7	454	8	1478	9	3651	10	7310	11	11309	12	14770	13	16069	14	14824	15	11755	16	8097	17	4880	18	2754	19	1355	20	697	21	316	22	109	23	48	24	15	25	5	26	6	28	1	29	1	30	1	
98	3	19	4	80	5	221	6	529	7	976	8	1552	9	2483	10	4429	11	7514	12	11235	13	14226	14	15203	15	13755	16	10929	17	7396	18	4560	19	2462	20	1313	21	629	22	273	23	140	24	42	25	21	26	7	27	4	28	2	
99	5	1	6	11	7	57	8	284	9	821	10	2262	11	4642	12	8338	13	12268	14	14627	15	15472	16	13911	17	10692	18	7328	19	4506	20	2427	21	1281	22	598	23	287	24	102	25	42	26	23	27	8	28	10	29	2	
100	1	4	2	21	3	42	4	79	5	173	6	307	7	539	8	864	9	1151	10	1702	11	2700	12	4765	13	8312	14	11633	15	14066	16	14527	17	13244	18	10140	19	6851	20	4258	21	2263	22	1266	23	600	24	292	25	112	26	51	27	18	28	9	29	6	30	5	
