1	0	1000	
2	0	1000	
3	0	1000	
4	0	1000	
5	0	1000	
6	0	1000	
7	0	1000	
8	0	1000	
9	0	1000	
10	0	1000	
11	0	1000	
12	0	998	1	2	
13	0	1000	
14	0	993	1	7	
15	0	1000	
16	0	991	1	9	
17	0	1000	
18	0	988	1	12	
19	0	1000	
20	0	994	1	6	
21	0	999	2	1	
22	0	991	1	9	
23	0	1000	
24	0	987	1	13	
25	0	1000	
26	0	975	1	25	
27	0	994	1	5	2	1	
28	0	981	1	19	
29	0	997	1	3	
30	0	971	1	24	2	5	
31	0	997	1	3	
32	0	976	1	24	
33	0	992	1	7	2	1	
34	0	939	1	61	
35	0	980	1	20	
36	0	932	1	63	2	5	
37	0	986	1	13	2	1	
38	0	927	1	71	2	2	
39	0	971	1	28	2	1	
40	0	939	1	59	2	2	
41	0	963	1	36	2	1	
42	0	917	1	78	2	5	
43	0	946	1	48	2	6	
44	0	910	1	88	2	1	3	1	
45	0	930	1	65	2	5	
46	0	865	1	131	2	4	
47	0	891	1	100	2	9	
48	0	843	1	147	2	8	3	2	
49	0	848	1	141	2	11	
50	0	825	1	166	2	9	
51	0	181	1	658	2	147	3	13	4	1	
52	0	291	1	574	2	121	3	12	4	2	
53	0	401	1	517	2	71	3	7	4	4	
54	0	418	1	432	2	122	3	23	4	4	5	1	
55	0	510	1	346	2	101	3	37	4	6	
56	0	535	1	333	2	103	3	24	4	5	
57	0	548	1	306	2	116	3	25	4	5	
58	0	614	1	253	2	100	3	26	4	7	
59	0	584	1	271	2	107	3	30	4	4	5	3	6	1	
60	0	551	1	280	2	116	3	42	4	11	
61	0	461	1	319	2	175	3	39	4	4	5	2	
62	0	486	1	302	2	148	3	44	4	17	5	3	
63	0	409	1	321	2	170	3	73	4	23	5	4	
64	0	346	1	345	2	195	3	75	4	28	5	9	6	2	
65	0	352	1	316	2	215	3	85	4	25	5	5	6	2	
66	0	256	1	318	2	244	3	124	4	43	5	10	6	4	7	1	
67	0	465	1	260	2	176	3	71	4	19	5	9	
68	0	326	1	343	2	183	3	105	4	31	5	7	6	4	7	1	
69	0	305	1	343	2	197	3	105	4	32	5	15	6	2	7	1	
70	0	240	1	325	2	240	3	109	4	54	5	23	6	7	7	1	8	1	
71	0	174	1	323	2	269	3	146	4	58	5	22	6	5	7	3	
72	0	118	1	269	2	276	3	205	4	81	5	35	6	12	7	4	
73	0	146	1	264	2	265	3	200	4	68	5	39	6	16	7	1	8	1	
74	0	101	1	234	2	301	3	191	4	97	5	46	6	22	7	6	8	2	
75	0	78	1	195	2	252	3	245	4	127	5	70	6	27	7	3	8	3	
76	0	31	1	158	2	251	3	247	4	170	5	87	6	35	7	12	8	9	
77	0	39	1	132	2	233	3	250	4	174	5	93	6	55	7	7	8	12	9	5	
78	0	18	1	94	2	189	3	247	4	191	5	143	6	66	7	36	8	9	9	3	10	2	11	1	12	1	
79	0	9	1	61	2	163	3	252	4	212	5	162	6	87	7	32	8	16	9	5	10	1	
80	0	20	1	56	2	152	3	190	4	212	5	178	6	97	7	57	8	29	9	7	10	2	
81	0	26	1	46	2	132	3	196	4	203	5	187	6	108	7	54	8	32	9	11	10	5	
82	0	11	1	51	2	119	3	182	4	224	5	164	6	111	7	76	8	40	9	16	10	2	11	4	
83	0	7	1	39	2	83	3	132	4	207	5	191	6	141	7	88	8	69	9	26	10	6	11	6	12	4	13	1	
84	0	2	1	25	2	52	3	112	4	189	5	193	6	174	7	125	8	66	9	40	10	14	11	7	12	1	
85	0	1	1	10	2	39	3	56	4	159	5	219	6	198	7	139	8	79	9	52	10	27	11	13	12	7	13	1	
86	0	2	1	5	2	29	3	80	4	123	5	197	6	207	7	137	8	109	9	56	10	29	11	19	12	3	13	3	15	1	
87	0	1	1	5	2	17	3	49	4	97	5	165	6	180	7	177	8	133	9	83	10	41	11	35	12	9	13	5	14	1	15	1	16	1	
88	1	3	2	16	3	32	4	70	5	100	6	171	7	190	8	159	9	120	10	59	11	44	12	23	13	5	14	6	15	1	17	1	
89	0	2	1	1	2	4	3	14	4	52	5	98	6	131	7	194	8	180	9	150	10	87	11	49	12	19	13	11	14	4	15	3	16	1	
90	0	1	2	4	3	13	4	29	5	76	6	145	7	177	8	152	9	137	10	115	11	61	12	43	13	22	14	16	15	3	16	5	17	1	
91	2	1	3	4	4	18	5	44	6	84	7	129	8	200	9	190	10	135	11	90	12	52	13	24	14	16	15	9	16	3	17	1	
92	1	1	3	10	4	15	5	35	6	62	7	138	8	125	9	175	10	169	11	113	12	76	13	39	14	18	15	14	16	5	17	3	18	2	
93	4	3	5	7	6	36	7	82	8	133	9	160	10	173	11	161	12	116	13	58	14	32	15	23	16	10	17	3	18	3	
94	4	3	5	12	6	21	7	53	8	106	9	147	10	158	11	158	12	126	13	85	14	58	15	38	16	15	17	12	18	5	19	1	20	2	
95	5	1	6	7	7	29	8	64	9	120	10	153	11	157	12	146	13	134	14	86	15	49	16	35	17	10	18	5	19	4	
96	2	1	3	2	4	2	5	5	6	7	7	26	8	36	9	66	10	103	11	126	12	159	13	146	14	147	15	77	16	45	17	28	18	13	19	6	20	3	21	2	
97	7	7	8	24	9	29	10	75	11	128	12	142	13	154	14	139	15	123	16	78	17	46	18	29	19	15	20	8	21	2	23	1	
98	5	3	6	3	7	13	8	24	9	33	10	44	11	71	12	110	13	131	14	150	15	130	16	122	17	74	18	43	19	26	20	13	21	5	22	2	23	1	24	2	
99	7	2	8	3	9	12	10	17	11	51	12	84	13	124	14	150	15	134	16	150	17	93	18	88	19	49	20	18	21	15	22	6	23	1	24	1	26	1	28	1	
100	3	1	4	1	5	1	6	2	7	5	8	1	9	16	10	19	11	25	12	43	13	92	14	105	15	134	16	146	17	129	18	103	19	82	20	44	21	20	22	19	23	6	24	2	25	3	26	1	
