1	0	10000	
2	0	10000	
3	0	10000	
4	0	10000	
5	0	10000	
6	0	10000	
7	0	10000	
8	0	10000	
9	0	10000	
10	0	10000	
11	0	10000	
12	0	9976	1	24	
13	0	10000	
14	0	9957	1	43	
15	0	10000	
16	0	9907	1	93	
17	0	10000	
18	0	9898	1	101	2	1	
19	0	10000	
20	0	9891	1	109	
21	0	9997	2	3	
22	0	9891	1	109	
23	0	10000	
24	0	9855	1	141	2	4	
25	0	9999	1	1	
26	0	9762	1	236	2	2	
27	0	9950	1	38	2	12	
28	0	9781	1	219	
29	0	9966	1	34	
30	0	9783	1	204	2	12	4	1	
31	0	9969	1	31	
32	0	9763	1	234	2	2	3	1	
33	0	9902	1	82	2	16	
34	0	9467	1	530	2	3	
35	0	9880	1	117	2	3	
36	0	9370	1	588	2	40	3	2	
37	0	9834	1	162	2	4	
38	0	9288	1	697	2	13	3	2	
39	0	9657	1	321	2	21	3	1	
40	0	9402	1	585	2	8	3	4	4	1	
41	0	9695	1	293	2	12	
42	0	9172	1	764	2	62	3	2	
43	0	9452	1	503	2	44	3	1	
44	0	9098	1	864	2	35	3	3	
45	0	9280	1	687	2	26	3	5	4	2	
46	0	8673	1	1269	2	57	3	1	
47	0	8925	1	1032	2	42	3	1	
48	0	8453	1	1452	2	81	3	13	4	1	
49	0	8498	1	1391	2	107	3	4	
50	0	8281	1	1628	2	78	3	13	
51	0	1741	1	6935	2	1224	3	94	4	6	
52	0	2823	1	5754	2	1197	3	201	4	23	5	2	
53	0	3884	1	5140	2	851	3	120	4	3	5	1	6	1	
54	0	4370	1	4194	2	1089	3	284	4	58	5	5	
55	0	5015	1	3569	2	973	3	386	4	46	5	10	6	1	
56	0	5597	1	3122	2	1003	3	244	4	30	5	4	
57	0	5364	1	3109	2	1137	3	321	4	57	5	10	6	2	
58	0	6075	1	2396	2	1150	3	294	4	71	5	13	6	1	
59	0	5771	1	2749	2	1065	3	334	4	63	5	15	6	3	
60	0	5340	1	2734	2	1358	3	423	4	121	5	21	6	1	7	2	
61	0	5179	1	2884	2	1402	3	396	4	115	5	16	6	8	
62	0	4898	1	2876	2	1605	3	444	4	142	5	28	6	5	7	2	
63	0	4195	1	3092	2	1806	3	649	4	199	5	46	6	10	7	2	9	1	
64	0	3629	1	3325	2	1905	3	803	4	257	5	56	6	21	7	4	
65	0	3522	1	3352	2	1956	3	828	4	241	5	78	6	18	7	4	8	1	
66	0	2723	1	3415	2	2194	3	1111	4	392	5	118	6	38	7	8	8	1	
67	0	4642	1	2687	2	1712	3	699	4	209	5	43	6	5	7	3	
68	0	3372	1	3293	2	1957	3	954	4	325	5	71	6	22	7	4	8	1	11	1	
69	0	2889	1	3241	2	2259	3	1047	4	402	5	117	6	34	7	8	8	2	9	1	
70	0	2422	1	3153	2	2345	3	1229	4	554	5	212	6	62	7	15	8	6	9	2	
71	0	1785	1	3117	2	2517	3	1532	4	702	5	254	6	64	7	21	8	5	9	2	10	1	
72	0	1169	1	2772	2	2747	3	1829	4	938	5	383	6	119	7	25	8	16	9	2	
73	0	1231	1	2618	2	2862	3	1803	4	948	5	366	6	112	7	36	8	17	9	4	10	1	11	2	
74	0	941	1	2434	2	2801	3	2078	4	1046	5	462	6	162	7	61	8	11	9	4	
75	0	651	1	2096	2	2659	3	2220	4	1351	5	678	6	227	7	89	8	18	9	7	10	1	11	1	12	1	13	1	
76	0	323	1	1460	2	2445	3	2476	4	1723	5	914	6	411	7	165	8	57	9	19	10	7	
77	0	291	1	1343	2	2332	3	2496	4	1739	5	1037	6	475	7	196	8	62	9	19	10	6	11	4	
78	0	173	1	882	2	1933	3	2467	4	2097	5	1310	6	644	7	308	8	123	9	40	10	19	11	3	14	1	
79	0	114	1	655	2	1734	3	2382	4	2165	5	1486	6	808	7	376	8	172	9	74	10	19	11	9	12	5	15	1	
80	0	226	1	586	2	1415	3	2082	4	2234	5	1659	6	978	7	483	8	208	9	83	10	27	11	11	12	6	13	1	14	1	
81	0	241	1	531	2	1276	3	2036	4	2128	5	1657	6	1094	7	597	8	252	9	127	10	31	11	21	12	3	13	3	14	3	
82	0	145	1	522	2	1144	3	1835	4	2100	5	1725	6	1222	7	680	8	354	9	152	10	86	11	23	12	10	13	1	14	1	
83	0	71	1	324	2	797	3	1449	4	2135	5	1960	6	1458	7	936	8	486	9	236	10	95	11	39	12	10	13	1	14	3	
84	0	23	1	167	2	536	3	1141	4	1752	5	2015	6	1757	7	1208	8	719	9	405	10	176	11	72	12	13	13	12	14	3	16	1	
85	0	15	1	98	2	403	3	913	4	1502	5	1923	6	1916	7	1387	8	931	9	475	10	253	11	123	12	41	13	14	14	4	15	1	16	1	
86	0	14	1	83	2	339	3	830	4	1338	5	1844	6	1869	7	1581	8	994	9	596	10	279	11	133	12	66	13	25	14	5	15	1	16	3	
87	0	10	1	32	2	125	3	460	4	1049	5	1630	6	2063	7	1876	8	1267	9	788	10	391	11	168	12	95	13	27	14	9	15	7	16	1	17	1	19	1	
88	0	3	1	22	2	86	3	259	4	637	5	1192	6	1731	7	1925	8	1624	9	1144	10	746	11	345	12	147	13	76	14	42	15	10	16	6	17	4	18	1	
89	0	6	1	8	2	37	3	150	4	479	5	1006	6	1507	7	1846	8	1760	9	1363	10	888	11	496	12	242	13	113	14	67	15	20	16	3	17	6	18	3	
90	1	7	2	33	3	143	4	342	5	806	6	1199	7	1640	8	1747	9	1572	10	1070	11	680	12	388	13	213	14	91	15	36	16	21	17	6	18	3	19	1	20	1	21	1	
91	2	8	3	31	4	141	5	410	6	876	7	1454	8	1809	9	1757	10	1395	11	910	12	596	13	312	14	163	15	72	16	40	17	18	18	5	19	2	22	1	
92	0	1	2	16	3	50	4	135	5	310	6	629	7	1123	8	1501	9	1750	10	1544	11	1172	12	831	13	479	14	245	15	125	16	47	17	25	18	12	19	4	20	1	
93	2	1	3	5	4	31	5	128	6	345	7	732	8	1276	9	1642	10	1750	11	1480	12	1086	13	702	14	422	15	222	16	100	17	46	18	16	19	13	20	2	21	1	
94	2	3	3	12	4	44	5	129	6	251	7	534	8	834	9	1284	10	1613	11	1612	12	1350	13	972	14	630	15	372	16	187	17	105	18	33	19	19	20	9	21	4	22	3	
95	4	9	5	18	6	86	7	285	8	583	9	1043	10	1480	11	1720	12	1552	13	1274	14	865	15	483	16	321	17	144	18	77	19	35	20	20	21	3	22	1	25	1	
96	2	2	3	11	4	19	5	54	6	115	7	200	8	329	9	611	10	1048	11	1364	12	1595	13	1512	14	1214	15	815	16	562	17	281	18	152	19	57	20	37	21	16	22	2	23	3	25	1	
97	5	1	6	18	7	40	8	166	9	341	10	685	11	1192	12	1441	13	1662	14	1445	15	1130	16	854	17	506	18	289	19	133	20	55	21	21	22	9	23	9	24	1	25	1	26	1	
98	3	3	4	7	5	19	6	53	7	72	8	134	9	239	10	412	11	705	12	1131	13	1500	14	1517	15	1438	16	1101	17	728	18	436	19	234	20	146	21	72	22	30	23	14	24	4	25	3	27	1	28	1	
99	7	5	8	21	9	74	10	223	11	479	12	851	13	1218	14	1460	15	1534	16	1417	17	1102	18	703	19	425	20	275	21	110	22	64	23	24	24	10	25	4	26	1	
100	1	1	2	2	3	3	4	10	5	16	6	37	7	62	8	84	9	119	10	154	11	278	12	495	13	822	14	1132	15	1379	16	1471	17	1301	18	1053	19	745	20	411	21	218	22	114	23	55	24	22	25	5	26	6	27	3	28	1	30	1	
