1	1	1000000
2	1	1000000
3	1	1000000
4	1	667220	2	332780
5	1	1000000
6	1	399556	2	400455	3	199989
7	1	1000000
8	1	571542	2	285479	4	142979
9	1	749959	3	250041
10	1	444342	2	444896	5	110762
11	1	1000000
12	1	363794	2	182468	3	182309	4	180982	6	90447
13	1	750146	2	249854
14	1	306566	2	616756	7	76678
15	1	213877	2	357338	3	285523	5	143262
16	1	266763	2	400328	3	133673	4	132875	8	66361
17	1	437987	2	374800	3	187213
18	1	235284	2	235048	3	353072	6	118078	9	58518
19	1	499862	2	221918	3	278220
20	2	631820	4	209937	5	105786	10	52457
21	1	99916	2	250156	3	400018	4	149687	7	100223
22	2	380613	3	380654	4	190777	11	47956
23	1	90818	2	318007	3	363625	4	227550
24	2	174173	3	260552	4	87266	5	260684	6	86737	8	86825	12	43763
25	2	208744	3	332971	4	250386	5	207899
26	3	479998	4	319280	5	80424	6	79973	13	40325
27	2	38617	3	230411	4	461345	5	192775	9	76852
28	3	74208	4	370989	5	296009	6	148057	7	73644	14	37093
29	1	142550	3	71578	4	393100	5	214262	6	143171	7	35339
30	2	68923	3	69138	4	137522	5	207070	6	345024	7	68814	10	68918	15	34591
31	3	133645	4	234227	5	399176	6	133170	7	99782
32	2	64222	4	257796	5	322835	6	129107	7	64371	8	129127	16	32542
33	4	31407	5	374168	6	438233	7	62491	8	31342	11	62359
34	5	121364	6	544926	7	182069	8	60632	9	60464	17	30545
35	1	58751	3	58801	4	29152	5	58839	6	234694	7	353188	8	147292	9	59283
36	5	57300	6	171948	7	342273	8	171326	9	170993	12	57522	18	28638
37	2	55674	5	111284	6	83340	7	444118	8	166508	9	111419	10	27657
38	4	54276	5	54216	6	108062	7	216109	8	324007	9	108101	10	108200	19	27029
39	3	52834	6	78888	7	290050	8	263251	9	157518	10	26117	11	79157	13	52185
40	1	25811	7	50889	8	512877	9	128315	10	153898	11	25569	12	51429	14	25532	20	25680
41	1	24777	2	24983	4	50149	5	49978	6	49511	7	25210	8	175344	9	374910	10	100033	11	125105
42	2	24355	3	24631	7	24437	8	73646	9	366161	10	267689	11	24236	12	97443	13	24604	14	24145	15	24492	21	24161
43	3	23807	4	23391	5	47734	7	94860	8	119651	9	190785	10	214326	11	190323	12	23591	13	23889	15	23780	16	23863
44	4	23107	5	23426	6	46622	8	46590	9	186315	10	442093	11	115943	12	92718	22	23186
45	5	22683	6	68402	7	68623	9	91649	10	204560	11	340105	12	90573	13	45390	14	22619	16	22622	17	22774
46	6	22339	7	22194	8	110722	9	66462	10	177922	11	244195	12	200576	13	89007	17	22138	18	22212	23	22233
47	7	108736	8	21584	9	86466	10	109177	11	196174	12	326072	13	86833	14	43241	15	21717
48	8	21077	9	21391	10	106274	11	276276	12	212876	13	127814	14	106677	15	42592	16	21347	18	21023	19	21395	24	21258
49	8	41575	9	62404	10	62468	11	145739	12	353264	13	188318	14	20953	15	83270	19	21146	20	20863
50	8	40716	10	61289	11	142986	12	163348	13	326786	14	203864	16	20357	17	20349	25	20305
51	9	39907	10	20020	11	39866	12	100014	13	340910	14	200125	15	139400	16	60092	17	19986	20	19841	21	19839
52	10	19586	11	19559	12	117590	13	157407	14	274392	15	215865	16	39289	17	58795	18	39156	21	19278	22	19494	26	19589
53	9	38577	10	38869	11	38643	12	19099	13	115843	14	364672	15	192207	16	134111	17	38618	19	19361
54	12	56379	13	112741	14	151322	15	320870	16	169924	17	75447	18	56796	22	18944	23	18749	27	18828
55	11	37014	13	92417	14	55633	15	240282	16	278739	17	185276	18	36968	19	18576	20	18423	23	18352	24	18320
56	10	36835	14	182113	15	127469	16	308538	17	126957	18	90747	19	72472	20	18351	21	18305	28	18213
57	12	35735	13	53474	14	18099	15	178509	16	178826	17	267414	18	160556	19	35947	20	35902	24	17830	25	17708
58	11	35183	12	17444	13	17693	14	35215	15	35436	16	176721	17	244570	18	227464	19	87515	20	35238	21	17422	22	17729	25	17691	26	17065	29	17614
59	12	34382	13	51820	14	34781	15	17176	16	103239	17	223775	18	189167	19	241798	20	34610	21	51919	22	17333
60	14	33871	15	50740	16	67917	17	84702	18	322120	19	101672	20	187234	21	50549	22	16806	23	33794	26	16864	27	16903	30	16828
61	13	33412	14	33444	15	33195	16	33324	17	150220	18	133374	19	316464	20	67103	21	116624	22	32955	24	16535	27	16768	28	16582
62	14	32936	16	49160	17	16296	18	130894	19	246020	20	327760	21	82654	22	49090	23	48884	31	16306
63	15	31945	17	48545	18	64700	19	129405	20	209637	21	241672	22	129008	23	48159	24	48398	25	16238	28	16219	29	16074
64	15	31798	17	15762	18	31557	19	95344	20	206153	21	222137	22	174705	23	79444	24	31960	25	47565	26	15966	29	15945	30	15708	32	15956
65	16	62339	17	15611	18	31491	19	77734	20	125041	21	202945	22	140071	23	187948	24	78473	25	31542	26	31264	27	15541
66	18	15630	20	61630	21	184304	22	307307	23	107858	24	168922	25	46644	26	30663	27	15357	28	15346	30	15531	31	15238	33	15570
67	1	29865	17	60186	18	15079	19	45620	20	76015	21	91097	22	181601	23	288430	24	90984	25	45843	26	15242	27	30163	31	14972	32	14903
68	2	30021	18	59708	19	14733	20	45001	21	89555	22	134241	23	208717	24	208966	25	74274	26	60102	27	14796	28	30072	29	14980	34	14834
69	3	29602	19	29482	20	14720	21	29274	22	131832	23	176469	24	280037	25	132337	26	44137	27	58295	28	14710	29	14754	30	14641	32	15004	33	14706
70	4	29031	19	29221	20	29126	21	28761	23	101035	24	188244	25	318851	26	145208	27	28836	28	29008	29	29031	33	14403	34	14668	35	14577
71	5	28460	20	28843	21	28650	22	42695	23	28658	24	142908	25	228841	26	271498	27	114110	28	42680	30	28401	31	14256
72	6	28076	22	28393	23	14035	24	13862	25	211386	26	197246	27	253621	28	84335	29	70552	30	14150	31	28123	32	14110	34	14187	35	13933	36	13991
73	7	28020	21	27550	22	13969	23	41768	24	13849	25	69465	26	235686	27	222481	28	194973	29	27788	30	55720	31	13876	32	13588	33	13771	35	13850	36	13646
74	8	27485	22	27175	23	13956	24	41398	25	27519	26	150882	27	260551	28	300704	29	109258	32	13696	34	13616	37	13760
75	9	26860	23	13362	24	26965	25	40827	26	13417	27	121360	28	216717	29	310552	30	108058	31	54273	32	13616	33	27078	36	13607	37	13308
76	10	26773	23	26384	24	13606	25	26542	26	53546	27	39723	28	159803	29	213688	30	213408	31	79372	32	53583	33	13281	34	26686	35	13306	37	13384	38	26915
77	11	26312	24	26284	25	13090	26	13250	27	39332	28	13173	29	275682	30	289674	31	171278	32	39696	33	52626	34	13174	35	13184	36	13245
78	12	26007	26	25974	27	26090	28	77549	29	13024	30	259476	31	273357	32	155794	33	26085	34	26060	35	26054	36	12964	37	13177	38	12816	39	25573
79	13	25569	25	25737	27	25405	28	12767	29	77502	30	76962	31	294064	32	204992	33	128343	34	38606	35	25835	36	25697	38	12841	39	12901	40	12779
80	14	25027	26	25234	28	12743	30	63477	31	75882	32	367882	33	164334	34	126322	35	38172	36	25216	37	37865	39	12634	40	12635	41	12577
81	15	24977	27	12422	28	24982	29	24934	30	12704	31	99708	32	74260	33	401232	34	125104	35	112204	36	24752	38	25081	40	25106	42	12534
82	16	24693	27	24662	28	24473	29	24568	30	24772	31	12381	32	136404	33	99107	34	357310	35	99086	36	61706	37	24596	38	12356	39	24765	41	36840	43	12281
83	17	24227	28	24318	29	24312	30	24358	31	24544	33	147231	34	146228	35	329600	36	121128	37	48567	38	24258	39	12171	40	24581	42	12164	44	12313
84	18	24249	30	24288	31	24243	32	24099	34	156872	35	132114	36	325316	37	132978	38	48087	39	24116	40	12063	41	23951	42	23828	43	11955	45	11841
85	19	24028	29	23474	31	23655	32	23739	33	23742	34	11664	35	215280	36	154355	37	261804	38	131205	39	23874	40	24020	41	11852	42	11926	43	11792	44	11759	46	11831
86	20	23406	30	23669	32	35011	33	23415	34	35196	35	23792	36	164795	37	223554	38	247106	39	94120	41	23416	42	23492	43	23527	44	12040	45	11700	47	11761
87	21	23207	31	23033	33	35007	34	11569	35	34899	36	81553	37	174219	38	209597	39	232132	40	93031	42	23188	43	23593	45	11613	46	11634	48	11725
88	22	22931	32	23196	34	11683	35	11347	36	22835	37	57501	38	195460	39	253205	40	229773	41	92052	44	45689	46	11479	47	11437	49	11412
89	23	22816	33	22840	34	34186	35	11477	36	22877	37	45343	38	45608	39	204049	40	238695	41	193146	42	67739	43	22709	45	34314	47	11337	48	11459	50	11405
90	24	22284	34	22234	35	33808	36	11205	37	22517	38	56259	39	56021	40	235256	41	180142	42	214130	43	44796	44	22402	45	11343	46	33906	48	11211	49	11264	51	11222
91	25	22307	35	21974	36	33145	37	11080	38	11148	39	55924	40	22112	41	322531	42	166462	43	210708	44	33529	45	22412	47	33295	49	11120	50	10974	52	11279
92	26	21941	36	22036	37	32733	38	22041	39	10941	40	88045	41	22091	42	329450	43	121393	44	218986	45	11188	46	33046	48	33103	50	11052	51	10975	53	10979
93	27	21661	37	22124	38	32712	39	21807	40	10879	41	87202	42	21460	43	380751	44	76129	45	227542	46	10869	47	21691	49	32664	51	10923	52	10864	54	10722
94	28	21511	38	21589	39	32252	40	21560	41	10660	42	86149	43	32329	44	397533	45	86153	46	182577	47	21565	48	21546	50	32406	52	10746	53	10698	55	10726
95	29	21321	39	21422	40	31779	41	21341	42	10478	43	85045	44	53073	45	394054	46	85034	47	180875	48	10440	49	21408	51	31963	53	10648	54	10436	56	10683
96	30	20823	40	21102	42	20988	44	84255	45	52892	46	431649	47	84386	48	188969	49	10566	50	20967	52	31841	54	10597	55	10455	57	10510
97	31	21003	41	52102	43	31535	45	83363	46	51666	47	417110	48	83182	49	166634	50	10408	51	20891	53	31088	55	10262	56	10377	58	10379
98	32	20638	42	51420	44	31299	46	82223	47	61852	48	411483	49	82614	50	165003	51	10132	52	20756	54	31161	56	10426	57	10535	59	10458
99	33	20392	43	51086	45	30518	47	81492	48	61299	49	428881	50	71482	51	163593	52	10201	53	20272	55	30540	57	10088	58	10119	60	10037
100	34	20161	44	50657	46	30285	48	80737	49	61020	50	434025	51	70582	52	161042	53	10332	54	20324	56	30329	58	10140	59	10164	61	10202
