1	1	1000000
2	1	1000000
3	1	1000000
4	1	1000000
5	1	1000000
6	1	899853	2	100147
7	1	1000000
8	1	857083	2	142917
9	1	964231	3	35769
10	1	832772	2	167228
11	1	1000000
12	1	763440	2	163373	3	54795	4	18392
13	1	984815	2	15185
14	1	794764	2	205236
15	1	900809	2	22319	3	65946	5	10926
16	1	761783	2	209840	4	28377
17	1	950109	2	41508	3	8383
18	1	662137	2	250155	3	80384	6	7324
19	1	973719	2	13091	3	13190
20	1	748141	2	199134	4	35368	5	17357
21	1	836285	2	68755	3	84353	4	5273	7	5334
22	1	628129	2	343328	3	18805	4	9738
23	1	870442	2	103734	3	17228	4	8596
24	1	520923	2	339937	3	83228	4	31939	5	8035	6	11970	8	3968
25	1	818923	2	133971	3	14446	4	11026	5	21634
26	1	470913	2	385642	3	116644	4	23437	5	3364
27	1	554124	2	323290	3	95139	4	18279	5	6102	9	3066
28	1	410554	2	422101	3	93467	4	48245	5	11300	6	5825	7	8508
29	1	671717	2	243636	3	50134	4	21329	5	7843	6	5341
30	1	411623	2	385863	3	138070	4	12579	5	27149	6	19779	7	2445	10	2492
31	1	441417	2	468968	3	59689	4	9241	5	13704	6	4662	7	2319
32	1	369611	2	436955	3	107623	4	46979	5	27899	6	4355	8	6578
33	1	322690	2	427933	3	197201	4	21997	5	12217	6	14082	7	1974	11	1906
34	1	135912	2	430229	3	337220	4	56849	5	9297	6	22961	7	5580	8	1952
35	1	415268	2	349974	3	151518	4	22856	5	30072	6	7142	7	17826	8	3600	9	1744
36	1	154877	2	303298	3	322122	4	147846	5	21693	6	25122	7	9873	8	5030	9	8435	12	1704
37	1	260813	2	376448	3	243627	4	76358	5	12616	6	9479	7	12765	8	4703	9	3191
38	1	137725	2	283566	3	294539	4	205707	5	51296	6	7431	7	6053	8	9069	9	1602	10	3012
39	1	189332	2	285104	3	291626	4	139558	5	66126	6	5685	7	8593	8	7024	9	4201	11	1391	13	1360
40	1	137431	2	257440	3	274319	4	231801	5	52789	6	13542	7	12255	8	16334	10	4089
41	1	173000	2	352411	3	258691	4	132633	5	52396	6	11598	7	1324	8	5110	9	8939	10	2608	11	1290
42	1	79261	2	211364	3	309706	4	206504	5	112439	6	36746	7	14604	8	10955	9	8633	10	6162	11	1148	12	1233	14	1245
43	1	70775	2	300563	3	278033	4	201534	5	106109	6	19858	7	4626	8	3497	9	5894	10	3426	11	4544	15	1141
44	1	27818	2	236154	3	319255	4	219196	5	118166	6	49705	7	2228	8	5566	9	6625	10	9822	11	3250	12	2215
45	1	27289	2	194570	3	408863	4	175890	5	105324	6	40314	7	22291	8	2071	9	7464	10	6413	11	6322	12	1086	13	1056	16	1047
46	1	9043	2	86740	3	303677	4	319048	5	163184	6	70050	7	15172	8	13168	9	3946	10	4940	11	4983	12	5011	17	1038
47	1	19293	2	79565	3	319628	4	326655	5	163874	6	58102	7	12495	8	977	9	2860	10	3113	11	4773	12	6746	13	1919
48	1	6436	2	53498	3	171295	4	324934	5	236790	6	134654	7	26791	8	9298	9	13047	10	5577	11	7512	12	4588	13	2761	14	1902	18	917
49	1	1792	2	61105	3	204821	4	340880	5	224164	6	101509	7	34745	8	6254	9	7086	10	858	11	4332	12	7110	13	3587	15	881	19	876
50	2	26486	3	162548	4	342549	5	245995	6	102587	7	76417	8	18029	10	8474	11	2510	12	6019	13	4200	14	4186
51	1	9978	2	1635	3	48101	4	183763	5	318832	6	237853	7	128503	8	37025	9	10746	10	4786	11	1578	12	1736	13	8894	14	2454	15	2471	16	854	20	791
52	1	7877	2	3154	3	21889	4	123622	5	271918	6	250351	7	163533	8	98752	9	21069	10	11720	11	6312	12	3878	13	4798	14	5486	15	4029	17	800	21	812
53	1	8433	2	6789	3	39059	4	180569	5	267538	6	270512	7	146867	8	42816	9	14911	10	3713	11	2345	13	3824	14	6720	15	3666	16	2238
54	1	11595	3	14518	4	83696	5	194166	6	229750	7	221688	8	168685	9	38900	10	9424	11	6514	12	4378	13	2215	14	3631	15	5060	16	3619	17	1444	22	717
55	1	11334	2	2730	3	21723	4	69426	5	193338	6	268741	7	175606	8	125267	9	76648	10	23744	11	12449	12	734	13	2154	14	2069	15	5647	16	3536	17	3447	18	685	23	722
56	1	13386	2	2813	3	8210	4	79468	5	158475	6	239964	7	219573	8	127253	9	97486	10	22358	11	5410	12	7357	13	668	14	5470	15	2783	16	5383	17	1931	18	1337	19	675
57	1	11119	2	4567	3	8286	4	38735	5	156042	6	191146	7	239626	8	172099	9	104991	10	38268	11	9942	12	4498	13	5271	15	3814	16	3795	17	3896	18	2575	19	656	24	674
58	1	18671	2	1242	3	6968	4	39290	5	112870	6	195703	7	192186	8	184576	9	125464	10	66136	11	23163	12	13258	13	4316	14	1262	15	645	16	3710	17	4337	18	4396	19	616	20	594	25	597
59	1	10359	2	8435	3	5484	4	39926	5	102959	6	182083	7	248305	8	166102	9	105973	10	74981	11	27953	12	8460	13	2453	14	1290	15	595	16	2390	17	4256	18	3174	19	4209	21	613
60	1	5222	2	12133	3	4128	4	15199	5	69503	6	135775	7	179790	8	195172	9	156282	10	106010	11	61103	12	21605	13	13453	14	7237	15	2907	16	1756	17	2313	18	5273	19	1663	20	2890	26	586
61	1	5740	2	12200	3	3969	4	4519	5	42851	6	148754	7	211075	8	210431	9	135557	10	113140	11	55722	12	23238	13	9575	14	5720	15	2834	16	570	17	2847	18	2797	19	4491	20	1752	21	1647	27	571
62	1	8665	2	11077	3	3759	4	532	5	13541	6	69349	7	184438	8	210562	9	211111	10	130787	11	88619	12	38348	13	9700	14	3812	16	1628	18	2663	19	4816	20	4454	21	1109	22	1030
63	1	1055	2	13875	3	7346	4	2669	5	1051	6	44737	7	118082	8	208330	9	224742	10	136904	11	106295	12	63745	13	36028	14	13811	15	4651	16	1031	17	1538	18	1048	19	2627	20	3629	21	3770	22	1475	23	1040	28	521
64	2	7117	3	17421	4	1560	5	512	6	20377	7	67950	8	192313	9	205389	10	179788	11	114608	12	90052	13	44557	14	23894	15	14305	16	4710	17	1546	18	514	19	1516	20	3663	21	4102	22	2079	23	1032	24	512	29	483
65	2	10593	3	9479	4	7436	5	1016	6	18119	7	82124	8	140928	9	224631	10	216936	11	107339	12	78226	13	45207	14	23648	15	11876	16	6612	17	1450	18	1062	19	1491	20	2451	21	2945	22	2436	23	2454	24	985	25	556
66	2	6732	3	10135	4	6733	5	4779	6	1447	7	15430	8	64884	9	160730	10	216115	11	215740	12	121532	13	82287	14	38497	15	21651	16	11650	17	5676	18	997	20	1466	21	3327	22	4824	23	1483	24	2406	25	499	26	490	30	490
67	1	62178	2	4624	3	10272	4	10220	5	4251	6	3662	7	31201	8	114745	9	165843	10	219399	11	167491	12	98615	13	57061	14	21962	15	9703	16	2777	17	1372	18	920	19	1435	20	914	21	1982	22	2860	23	4630	24	1013	25	439	31	431
68	1	16466	2	45962	3	10921	4	8580	5	5089	6	4585	7	7085	8	40567	9	130328	10	204162	11	235526	12	142773	13	75473	14	42890	15	3984	16	6375	17	2821	18	2300	19	936	20	1352	21	1346	22	2733	23	3115	24	2802	25	942	26	887
69	1	6982	2	23616	3	32809	4	16224	5	7101	6	2677	7	2559	8	27132	9	79875	10	145812	11	216281	12	219983	13	110030	14	56532	15	22684	16	8602	17	5146	18	429	19	1296	20	456	21	910	22	2133	23	3106	24	3975	25	2303	27	928	32	419
70	1	1696	2	13507	3	27219	4	30919	5	15433	7	1743	8	5017	9	36499	10	116551	11	193801	12	237252	13	154456	14	76334	15	55435	16	11199	17	6374	18	1786	19	1298	20	437	21	827	23	1648	24	3468	25	3757	26	2534	28	406	33	404
71	1	1652	2	1675	3	23200	4	26919	5	26206	6	7932	7	1602	8	2529	9	22353	10	77492	11	151923	12	232323	13	224565	14	99867	15	48920	16	30323	17	2958	18	2537	20	1279	21	423	22	1245	23	420	24	2952	25	3400	26	3278	27	1654	28	373
72	2	1564	3	4830	4	25513	5	25737	6	23785	7	5634	8	1587	9	2824	10	28821	11	89214	12	140005	13	223452	14	208628	15	96198	16	61752	17	31070	18	10304	19	4039	20	1173	21	800	22	405	23	421	25	4081	26	2483	27	3253	28	1192	29	825	34	410
73	1	1613	3	1585	4	15678	5	30241	6	20835	7	17473	8	2711	9	3828	10	20924	11	82830	12	137933	13	193681	14	215184	15	133986	16	53114	17	33449	18	14730	19	4283	20	1558	21	1145	22	407	23	777	24	391	25	1194	26	4343	27	2631	28	1875	29	394	30	815	35	392
74	2	1523	4	4610	5	23631	6	33437	7	14903	8	10068	9	1542	10	12518	11	45513	12	124873	13	189601	14	218495	15	167115	16	89342	17	38280	18	5423	19	4511	20	777	22	764	23	351	24	821	25	373	26	2216	27	4626	28	3907	29	780
75	3	1435	5	6684	6	34816	7	25666	8	10025	9	10773	10	6763	11	10780	12	50103	13	135483	14	201204	15	217197	16	156136	17	70378	18	36519	19	5942	20	5079	21	1131	22	746	23	393	24	763	25	705	27	1806	28	3629	29	4000	30	744	31	733	36	367
76	4	1518	5	2080	6	7520	7	38075	8	22423	9	6092	10	12789	11	14256	12	36701	13	76235	14	152502	15	196754	16	183530	17	129641	18	63846	19	27392	20	7912	21	5111	22	1481	23	1445	24	362	25	739	26	1083	27	382	28	2497	29	3309	30	2849	31	355	32	737	37	384
77	5	1387	6	7629	7	17512	8	35660	9	17475	10	3157	11	7398	12	20447	13	64151	14	121988	15	188638	16	193041	17	157226	18	91872	19	39937	20	13163	21	2795	22	2804	23	352	24	708	25	352	26	362	27	753	28	342	29	4152	30	3844	31	2142	33	713
78	6	2792	7	9343	8	24428	9	34141	10	10373	11	1682	12	13403	13	25001	14	62747	15	161745	16	184919	17	174392	18	131821	19	87969	20	41190	21	14644	22	4439	23	1042	24	989	25	385	26	715	27	677	28	1025	29	300	30	3828	31	3723	32	1648	34	328	38	311
79	7	5339	8	11416	9	25174	10	32659	11	7396	12	3679	13	22105	14	48341	15	101054	16	169659	17	176597	18	171075	19	114149	20	63492	21	20804	22	8755	23	4366	24	637	25	971	27	621	28	321	29	947	30	1362	31	4050	32	3009	33	1012	34	352	35	327	39	331
80	1	634	7	1388	8	9718	9	14515	10	22639	11	30500	12	6986	13	6756	14	28563	15	46636	16	125292	17	179670	18	178802	19	152031	20	94019	21	61291	22	17990	23	8511	24	3210	25	981	26	1266	30	622	31	975	32	4132	33	1579	34	669	35	299	36	326
81	1	608	2	667	8	3267	9	9042	10	19065	11	23015	12	24916	13	6974	14	24516	15	48511	16	86695	17	141123	18	188992	19	167997	20	118191	21	71119	22	36365	23	11141	24	2844	25	1915	26	326	27	642	28	673	29	305	30	304	31	1563	32	1280	33	5394	34	1300	35	613	36	315	40	322
82	2	630	3	610	8	1289	9	7676	10	12871	11	20412	12	22342	13	20045	14	14158	15	40131	16	68565	17	127374	18	156045	19	168049	20	136288	21	95125	22	58386	23	26140	24	8103	25	1794	26	627	27	1161	28	881	29	625	30	323	31	315	32	2184	33	1642	34	4382	35	898	36	309	37	327	41	293
83	3	641	4	586	9	1182	10	7823	11	17114	12	21106	13	22309	14	16347	15	19103	16	53090	17	88363	18	115931	19	173533	20	173329	21	126330	22	79319	23	45103	24	18210	25	5746	26	1524	27	581	28	907	29	583	30	682	31	311	33	2450	34	2443	35	3564	36	901	37	282	38	299	42	308
84	4	560	5	640	9	1202	10	2402	11	7624	12	15654	13	22952	14	22711	15	14402	16	17911	17	48566	18	99421	19	113761	20	182260	21	169203	22	115392	23	74275	24	50791	25	17989	26	7612	27	1179	28	859	29	913	30	592	31	575	32	310	34	2658	35	2077	36	3474	37	1150	38	299	39	279	43	307
85	5	588	6	525	11	4129	12	11611	13	17644	14	19697	15	23326	16	18062	17	28026	18	71961	19	108034	20	130979	21	174611	22	158795	23	106737	24	58368	25	36206	26	11270	27	6590	28	554	29	589	30	286	31	592	32	562	33	272	35	3385	36	2177	37	2310	38	1196	39	292	40	320	44	306
86	6	579	7	565	10	1996	11	532	12	5786	13	13461	14	20476	15	20552	16	23623	17	22048	18	38647	19	91535	20	130081	21	149820	22	162634	23	125751	24	84289	25	51917	26	31252	27	6912	28	3664	29	1109	30	1183	31	305	32	832	33	590	34	594	35	302	36	2456	37	3155	38	2226	39	571	41	275	45	282
87	7	576	8	537	11	795	12	1951	13	5828	14	15493	15	18117	16	21334	17	21276	18	23729	19	50573	20	94737	21	139820	22	167183	23	173872	24	111494	25	68942	26	41119	27	20175	28	6938	29	2506	30	833	31	874	33	838	34	295	35	577	36	1093	37	2742	38	2469	39	1877	40	855	42	269	46	283
88	8	570	9	530	11	1021	12	841	13	2440	14	6464	15	15373	16	16802	17	24325	18	19306	19	26498	20	49911	21	87074	22	136722	23	167256	24	171407	25	117349	26	73793	27	44121	28	18466	29	5753	30	1537	31	1082	32	1040	34	264	35	239	36	287	37	810	38	3225	39	2885	40	1509	41	835	47	265
89	9	497	10	509	13	2340	14	3444	15	10580	16	16396	17	12340	18	28683	19	21660	20	44533	21	64712	22	106253	23	148066	24	167576	25	139143	26	98229	27	61977	28	39158	29	13228	30	6200	31	1521	32	996	33	1068	34	739	35	245	36	543	37	541	38	469	39	3077	40	2843	41	1318	42	561	43	266	48	289
90	10	499	11	459	12	1057	14	2834	15	3338	16	13316	17	17491	18	12175	19	28317	20	25516	21	53550	22	76110	23	110673	24	157867	25	159939	26	121015	27	91466	28	59207	29	35817	30	11349	31	3847	32	1589	33	1040	34	1018	35	742	36	249	37	471	38	728	39	747	40	3245	41	2029	42	1553	43	256	44	231	49	260
91	11	505	12	532	15	3260	16	2941	17	13833	18	17161	19	16000	20	24278	21	21667	22	52265	23	74773	24	113954	25	169843	26	162773	27	120687	28	83861	29	62546	30	31319	31	10890	32	2939	33	1479	34	796	35	1034	36	728	37	225	38	247	39	690	40	523	41	4215	42	1742	43	1527	44	254	45	261	50	252
92	12	494	13	1525	15	507	16	4464	17	6200	18	14999	19	13761	20	20110	21	30500	22	32339	23	60328	24	88701	25	122360	26	164797	27	152057	28	108285	29	72144	30	54538	31	26152	32	9899	33	2480	34	1254	35	699	36	943	37	765	38	473	39	244	40	959	41	471	42	4404	43	1195	44	1480	46	235	51	238
93	13	461	14	450	16	460	17	3241	18	7431	19	15865	20	11839	21	19808	22	23568	23	33744	24	56448	25	101759	26	138492	27	161563	28	144900	29	105088	30	73701	31	52594	32	23984	33	8513	34	2939	35	967	36	713	37	978	38	752	39	464	40	234	41	921	42	472	43	4839	44	700	45	1647	47	249	52	216
94	14	1469	15	473	17	1392	18	4193	19	10906	20	15984	21	10963	22	24094	23	29294	24	41220	25	55708	26	104998	27	144174	28	154369	29	133815	30	98598	31	73358	32	50465	33	23996	34	5262	35	2890	36	468	37	711	38	913	39	686	40	457	41	250	42	940	43	734	44	4647	45	655	46	1476	48	206	53	236
95	15	505	16	425	18	945	19	3557	20	11475	21	15550	22	10023	23	19238	24	22211	25	46714	26	63132	27	109939	28	162076	29	156423	30	124641	31	96615	32	68679	33	46034	34	22299	35	4119	36	3218	37	456	38	679	39	886	40	670	41	420	42	226	43	942	44	1127	45	4526	46	448	47	1326	49	219	54	257
96	15	921	16	435	17	449	20	3520	21	13883	22	19282	23	12811	24	23624	25	20654	26	39214	27	55548	28	100242	29	157402	30	164900	31	125563	32	99512	33	71533	34	48809	35	23063	36	4032	37	3172	38	449	39	662	40	856	42	462	44	869	45	1079	46	4842	47	439	48	1313	50	229	55	231
97	17	416	18	420	19	845	20	862	21	1900	22	12848	23	17861	24	10022	25	20426	26	27926	27	52734	28	65752	29	107947	30	148799	31	157981	32	121505	33	93974	34	69852	35	47182	36	22271	37	3340	38	3096	39	219	40	647	41	1569	43	644	45	906	46	1150	47	4684	48	499	49	1300	51	191	56	232
98	16	866	18	840	19	849	20	841	21	2360	22	3218	23	16144	24	22519	25	13088	26	22223	27	29089	28	52718	29	68800	30	108279	31	139148	32	153445	33	119334	34	93480	35	67254	36	46481	37	21179	38	3293	39	3228	40	201	41	626	42	1427	44	616	46	880	47	1212	48	4475	49	197	50	1268	52	210	57	212
99	19	384	20	412	21	831	22	1472	23	2341	24	14733	25	19486	26	6765	27	20417	28	33130	29	53325	30	75257	31	117076	32	139768	33	153007	34	116620	35	93051	36	66639	37	46717	38	20689	39	3188	40	3131	41	187	42	595	43	1463	45	606	47	870	48	1268	49	4606	50	194	51	1347	53	216	58	209
100	17	874	19	386	20	841	21	413	22	1677	23	2213	24	4857	25	20222	26	24479	27	8131	28	19891	29	33112	30	52315	31	74483	32	115658	33	136620	34	149217	35	114695	36	91101	37	64770	38	46099	39	20430	40	2988	41	3166	42	197	43	635	44	1407	46	653	48	827	49	1179	50	4567	51	208	52	1262	54	214	59	213
