1	1	1000000
2	1	1000000
3	1	1000000
4	1	1000000
5	1	1000000
6	1	1000000
7	1	1000000
8	1	971654	2	28346
9	1	1000000
10	1	952535	2	47465
11	1	1000000
12	1	933367	2	60569	3	6064
13	1	1000000
14	1	929813	2	70187
15	1	989216	3	10784
16	1	920849	2	76951	4	2200
17	1	998210	2	1790
18	1	888377	2	96944	3	14679
19	1	1000000
20	1	912730	2	82180	4	4076	5	1014
21	1	974699	2	7940	3	17361
22	1	885915	2	114085
23	1	981844	2	18156
24	1	858593	2	116143	3	19054	4	5695	6	515
25	1	980625	2	17346	5	2029
26	1	804430	2	181095	3	14072	4	403
27	1	891849	2	84878	3	23273
28	1	793523	2	186307	3	12979	4	6825	7	366
29	1	931032	2	60385	3	8292	4	291
30	1	812972	2	153884	3	29055	4	256	5	2719	6	1114
31	1	871857	2	122175	3	5968
32	1	785518	2	189664	3	15739	4	8226	5	643	8	210
33	1	815731	2	145041	3	37418	4	1810
34	1	609425	2	331630	3	52636	4	5958	5	193	6	158
35	1	823176	2	145270	3	23611	4	3281	5	3969	7	693
36	1	604428	2	273686	3	97650	4	19766	5	2139	6	2170	9	161
37	1	747002	2	202674	3	41704	4	7311	5	690	6	619
38	1	533168	2	362719	3	77510	4	21636	5	4840	6	127
39	1	655880	2	242374	3	79905	4	15885	5	5819	6	137
40	1	568071	2	335266	3	67809	4	23741	5	4035	6	211	7	291	8	459	10	117
41	1	659983	2	267052	3	56155	4	12611	5	3709	6	490
42	1	480827	2	359672	3	120454	4	25708	5	8234	6	3629	7	1310	8	166
43	1	535721	2	342710	3	89222	4	23033	5	8126	6	1188
44	1	436811	2	390498	3	122070	4	38006	5	8596	6	3510	7	83	8	343	11	83
45	1	465016	2	393389	3	98528	4	25439	5	13691	6	2330	7	1226	8	66	9	315
46	1	292288	2	475474	3	165410	4	46517	5	13625	6	5189	7	699	8	719	9	79
47	1	347958	2	431291	3	162101	4	42262	5	12254	6	3748	7	386
48	1	254378	2	415373	3	219841	4	76043	5	22583	6	9472	7	1211	8	283	9	704	10	48	12	64
49	1	269617	2	433252	3	205560	4	62466	5	20267	6	6312	7	2035	8	260	9	231
50	1	186347	2	495691	3	195192	4	83474	5	26384	6	6662	7	5168	8	816	10	266
51	1	48525	2	241692	3	405548	4	207170	5	62604	6	23970	7	7900	8	1943	9	436	10	212
52	1	56274	2	203685	3	363691	4	218277	5	103441	6	35722	7	11459	8	6243	9	501	10	559	11	94	13	54
53	1	78183	2	270116	3	357597	4	186996	5	64701	6	29566	7	10190	8	1894	9	714	10	43
54	1	70873	2	179717	3	325806	4	217336	5	129572	6	42877	7	20031	8	10883	9	2067	10	355	11	439	12	44
55	1	82807	2	207159	3	273559	4	221559	5	118723	6	54987	7	24834	8	10829	9	3854	10	1150	11	539
56	1	86954	2	189011	3	283101	4	237580	5	109928	6	52188	7	24112	8	10002	9	5931	10	693	11	232	12	231	14	37
57	1	74815	2	170981	3	254567	4	236730	5	148246	6	59626	7	32055	8	14074	9	6398	10	1865	11	346	12	138	13	159
58	1	102131	2	140466	3	246049	4	227214	5	149206	6	71897	7	32215	8	16902	9	8542	10	3549	11	1108	12	645	13	76
59	1	78186	2	168056	3	239514	4	228594	5	140823	6	80207	7	35643	8	15203	9	8132	10	4040	11	1234	12	368
60	1	57100	2	129506	3	207184	4	218463	5	176185	6	108259	7	56768	8	23190	9	12509	10	6653	11	2600	12	846	13	662	14	57	15	18
61	1	50733	2	109289	3	212029	4	249332	5	170199	6	106872	7	51695	8	27938	9	10787	10	6787	11	2830	12	834	13	409	14	266
62	1	50922	2	71654	3	163071	4	260816	5	210436	6	120481	7	63098	8	28717	9	16129	10	8002	11	4660	12	1647	13	317	14	50
63	1	30285	2	69928	3	135854	4	218490	5	221864	6	151459	7	81414	8	44413	9	24305	10	10521	11	6245	12	3047	13	1564	14	455	15	156
64	1	20567	2	61170	3	105290	4	187735	5	233379	6	175720	7	100798	8	56470	9	28427	10	15927	11	6894	12	4240	13	1778	14	1126	15	328	16	151
65	1	21055	2	59718	3	97396	4	191120	5	239520	6	172071	7	101140	8	55888	9	29939	10	17366	11	7111	12	3946	13	2004	14	1095	15	522	16	109
66	1	14951	2	41271	3	60682	4	125664	5	214839	6	215446	7	151392	8	78584	9	42507	10	24111	11	16564	12	7017	13	3814	14	1596	15	884	16	540	17	138
67	1	108013	2	50924	3	74739	4	145570	5	215516	6	195248	7	101887	8	50894	9	25779	10	14688	11	8573	12	4505	13	2518	14	772	15	352	16	22
68	1	49738	2	84712	3	59853	4	96071	5	183753	6	238057	7	153356	8	59897	9	30928	10	19324	11	12464	12	6694	13	3232	14	1535	15	109	16	217	17	60
69	1	31773	2	67755	3	78804	4	84781	5	145488	6	210314	7	183405	8	102436	9	41615	10	20106	11	14404	12	10921	13	4789	14	2237	15	716	16	315	17	141
70	1	18440	2	54846	3	76601	4	76782	5	118765	6	188081	7	203978	8	139307	9	56960	10	23182	11	16209	12	12655	13	7680	14	3595	15	2150	16	486	17	207	18	76
71	1	10277	2	35727	3	71915	4	70895	5	107269	6	169949	7	216892	8	152618	9	82233	10	33353	11	16211	12	14632	13	11083	14	3933	15	1928	16	939	17	86	18	60
72	1	2451	2	20544	3	50337	4	75119	5	77316	6	121784	7	187446	8	198525	9	130643	10	65241	11	27330	12	13998	13	12278	14	9233	15	3947	16	2286	17	1086	18	306	19	130
73	1	6793	2	11104	3	46413	4	65533	5	85722	6	121699	7	178097	8	195433	9	142255	10	68478	11	30786	12	16947	13	11521	14	10149	15	5445	16	1907	17	1142	18	467	19	78	20	31
74	1	2301	2	9447	3	33116	4	65884	5	75153	6	113482	7	168110	8	195415	9	162206	10	87188	11	36946	12	15381	13	12106	14	11151	15	7215	16	3414	17	1256	18	104	19	125
75	1	902	2	4352	3	18650	4	50092	5	69431	6	87721	7	131267	8	180692	9	187455	10	135640	11	64377	12	25794	13	13009	14	10635	15	9558	16	6520	17	2475	18	1072	19	201	20	138	21	19
76	1	210	2	1749	3	8353	4	30920	5	58546	6	76866	7	104327	8	157163	9	186363	10	164615	11	104520	12	48657	13	18841	14	12199	15	10266	16	7767	17	5059	18	2367	19	799	20	317	21	89	22	7
77	1	389	2	1292	3	4787	4	23279	5	52060	6	68399	7	101070	8	137494	9	181447	10	169865	11	123804	12	65673	13	26500	14	12592	15	11289	16	8422	17	6841	18	3075	19	1315	20	281	21	85	22	41
78	2	939	3	2385	4	12122	5	34252	6	62455	7	74878	8	115380	9	152574	10	183092	11	150488	12	95053	13	53494	14	21698	15	12947	16	10353	17	7706	18	5462	19	2871	20	1383	21	342	22	126
79	1	220	2	209	3	1516	4	4190	5	23543	6	45549	7	75060	8	98493	9	138547	10	166706	11	169617	12	125496	13	71844	14	30772	15	14928	16	10506	17	8466	18	7210	19	4184	20	1969	21	637	22	233	23	105
80	1	2060	2	254	3	1928	4	4109	5	13521	6	34448	7	59587	8	91971	9	113787	10	148758	11	161358	12	149905	13	100561	14	58768	15	23588	16	11957	17	7585	18	6456	19	5039	20	2445	21	1380	22	337	23	167	24	31
81	1	2323	2	1937	3	855	4	3244	5	6571	6	23241	7	51198	8	82990	9	115767	10	141346	11	155881	12	145838	13	117556	14	68577	15	35570	16	15385	17	9825	18	8054	19	6282	20	4131	21	2090	22	1066	23	213	24	40	25	20
82	1	469	2	2295	3	2055	4	2072	5	6001	6	18662	7	41486	8	71115	9	102977	10	134513	11	152886	12	148944	13	120914	14	86632	15	46717	16	24166	17	12741	18	8249	19	6935	20	4815	21	2973	22	1546	23	604	24	207	25	26
83	1	52	2	744	3	2242	4	2352	5	2499	6	7738	7	24603	8	51446	9	85792	10	113297	11	143362	12	156259	13	143124	14	108915	15	71657	16	36223	17	17631	18	8875	19	8238	20	6597	21	4221	22	2338	23	1252	24	392	25	135	26	16
84	2	155	3	1103	4	2246	5	3264	6	4363	7	12864	8	30657	9	58733	10	94623	11	120321	12	145039	13	149844	14	136048	15	99217	16	62952	17	30620	18	17192	19	8170	20	8425	21	6376	22	3763	23	2108	24	1315	25	422	26	171	27	9
85	3	190	4	1480	5	2598	6	3086	7	5350	8	18040	9	42039	10	73425	11	105362	12	137010	13	151445	14	144214	15	125039	16	80972	17	48457	18	22547	19	12540	20	7176	21	6893	22	5712	23	3380	24	1590	25	1083	26	265	27	107
86	1	70	2	25	3	91	4	400	5	2060	6	4405	7	6931	8	13651	9	32517	10	57941	11	96016	12	123592	13	149192	14	147875	15	125042	16	97334	17	60764	18	33249	19	17194	20	9671	21	7092	22	5855	23	4472	24	2312	25	1236	26	768	27	190	28	55
87	2	71	3	27	5	693	6	2524	7	4127	8	5881	9	15006	10	33068	11	67167	12	106558	13	139898	14	159760	15	148751	16	119519	17	83903	18	48266	19	23922	20	12525	21	7856	22	7039	23	5951	24	3755	25	1942	26	1063	27	495	28	185	29	48
88	3	62	4	93	5	86	6	974	7	3656	8	6331	9	9003	10	20554	11	38331	12	69761	13	105853	14	134985	15	151173	16	145850	17	120999	18	83992	19	47479	20	22820	21	11113	22	7060	23	6851	24	5683	25	3685	26	1959	27	1046	28	454	29	135	30	12
89	1	62	2	16	4	69	5	16	6	226	7	1509	8	3741	9	5971	10	14171	11	29526	12	53633	13	86862	14	121768	15	147052	16	150587	17	129020	18	101660	19	65319	20	37619	21	18091	22	9095	23	7157	24	6395	25	4558	26	2961	27	1587	28	870	29	287	30	161	31	11
90	2	48	3	17	5	146	6	208	7	319	8	2831	9	6617	10	10763	11	20672	12	37846	13	64848	14	99016	15	126881	16	144134	17	142333	18	116705	19	90444	20	56188	21	33397	22	16022	23	8770	24	6890	25	5897	26	3752	27	2556	28	1528	29	786	30	246	31	133	32	7
91	3	41	4	21	6	61	7	18	8	571	9	1973	10	4234	11	8716	12	19352	13	37146	14	69212	15	105351	16	134037	17	147610	18	144504	19	115659	20	86529	21	51411	22	30264	23	13624	24	8074	25	7194	26	5697	27	3821	28	2216	29	1674	30	666	31	242	32	72	33	10
92	4	53	5	22	6	127	7	373	8	410	9	2422	10	4847	11	9200	12	16748	13	30194	14	47224	15	80566	16	110799	17	138548	18	143540	19	132478	20	100912	21	75224	22	42498	23	24734	24	12016	25	7868	26	6737	27	5018	28	3236	29	2001	30	1372	31	537	32	251	33	45
93	5	43	6	13	8	58	9	164	10	1161	11	2894	12	5256	13	14631	14	30070	15	50216	16	87337	17	119957	18	145557	19	145663	20	130882	21	98063	22	70001	23	39600	24	21661	25	10811	26	7739	27	6381	28	4731	29	3222	30	1892	31	1318	32	427	33	182	34	70
94	6	51	7	69	8	185	9	439	10	1742	11	3782	12	7499	13	10938	14	22732	15	36568	16	57602	17	87812	18	119768	19	142537	20	139980	21	121960	22	91879	23	62436	24	36278	25	20422	26	10604	27	7758	28	5917	29	4301	30	2889	31	1880	32	1346	33	458	34	120	35	48
95	7	48	8	22	10	71	11	361	12	1549	13	3872	14	8062	15	20169	16	38479	17	65390	18	98105	19	127862	20	147579	21	141771	22	117374	23	89292	24	57028	25	31941	26	18154	27	9180	28	7766	29	5946	30	3944	31	2659	32	1668	33	1190	34	362	35	107	36	49
96	8	197	9	77	10	709	11	1438	12	2994	13	4705	14	7654	15	13354	16	22355	17	38811	18	61342	19	92334	20	121115	21	139801	22	139733	23	118104	24	92397	25	59574	26	32434	27	18211	28	9139	29	7272	30	6042	31	3987	32	2664	33	1799	34	1186	35	424	36	100	37	48
97	9	32	10	15	12	188	13	489	14	2034	15	4986	16	10841	17	23535	18	43918	19	70752	20	100792	21	128122	22	140011	23	136281	24	112446	25	87603	26	56772	27	31423	28	17826	29	9333	30	7043	31	5690	32	3840	33	2557	34	1696	35	1237	36	429	37	68	38	41
98	9	175	10	99	11	890	12	1776	13	2865	14	3916	15	6520	16	11181	17	15982	18	28540	19	44969	20	70753	21	99561	22	124348	23	134831	24	131010	25	107480	26	83432	27	53907	28	30344	29	17318	30	8707	31	6464	32	5478	33	3588	34	2531	35	1702	36	1130	37	386	38	75	39	42
99	11	41	12	10	14	309	15	700	16	2617	17	6496	18	13841	19	28372	20	49323	21	75856	22	105501	23	129075	24	137661	25	130975	26	106898	27	82213	28	53178	29	29758	30	17295	31	8969	32	6307	33	5471	34	3562	35	2410	36	1595	37	1084	38	365	39	81	40	37
100	7	38	9	87	10	134	11	271	12	1006	13	2352	14	2603	15	3515	16	4766	17	7981	18	10178	19	17578	20	28803	21	48758	22	73711	23	102013	24	124879	25	132993	26	127952	27	104366	28	80062	29	51297	30	29012	31	16664	32	8667	33	6207	34	5273	35	3410	36	2343	37	1559	38	1065	39	370	40	49	41	38
