1	1	1000000
2	1	1000000
3	1	1000000
4	1	1000000
5	1	1000000
6	1	1000000
7	1	1000000
8	1	1000000
9	1	1000000
10	1	1000000
11	1	1000000
12	1	997823	2	2177
13	1	1000000
14	1	995362	2	4638
15	1	1000000
16	1	993084	2	6916
17	1	1000000
18	1	990631	2	9203	3	166
19	1	1000000
20	1	989229	2	10771
21	1	999596	3	404
22	1	987438	2	12562
23	1	999770	2	230
24	1	985289	2	14045	3	640	4	26
25	1	999987	2	13
26	1	976103	2	23850	3	47
27	1	994887	2	4238	3	875
28	1	976520	2	23373	3	33	4	74
29	1	997097	2	2837	3	66
30	1	980524	2	18373	3	1096	5	7
31	1	995912	2	4088
32	1	977037	2	22670	3	142	4	151
33	1	991241	2	7396	3	1363
34	1	944363	2	55114	3	516	4	7
35	1	987291	2	12405	3	262	4	21	5	21
36	1	935372	2	60350	3	4094	4	174	5	9	6	1
37	1	984682	2	14888	3	421	4	9
38	1	927427	2	71011	3	1503	4	54	5	5
39	1	967340	2	29924	3	2673	4	60	5	3
40	1	943482	2	55500	3	711	4	268	5	39
41	1	969369	2	29863	3	733	4	35
42	1	924031	2	71457	3	4405	4	97	5	3	6	4	7	3
43	1	946619	2	50060	3	3259	4	47	5	15
44	1	910682	2	85495	3	3248	4	572	5	2	6	1
45	1	934036	2	62923	3	2683	4	239	5	119
46	1	867393	2	126959	3	5347	4	280	5	11	6	10
47	1	891328	2	103536	3	4916	4	208	5	12
48	1	842893	2	146454	3	9352	4	1228	5	49	6	24
49	1	853904	2	135494	3	10093	4	453	5	50	7	6
50	1	829241	2	161795	3	7595	4	1204	5	160	6	2	7	3
51	1	172290	2	690498	3	126755	4	9894	5	472	6	86	7	1	8	4
52	1	285070	2	572568	3	121555	4	18187	5	2482	6	119	7	17	8	2
53	1	393663	2	506528	3	86489	4	12296	5	884	6	130	7	10
54	1	449373	2	410184	3	109302	4	26301	5	4386	6	398	7	48	8	7	9	1
55	1	502922	2	356064	3	95775	4	39591	5	4578	6	840	7	198	8	32
56	1	554955	2	314343	3	101841	4	24644	5	3474	6	597	7	129	8	14	9	3
57	1	536550	2	310603	3	113218	4	33321	5	5253	6	840	7	159	8	51	9	5
58	1	609638	2	236366	3	114011	4	31280	5	7309	6	1152	7	192	8	46	9	5	10	1
59	1	583006	2	265134	3	109159	4	34031	5	6524	6	1835	7	260	8	34	9	14	10	3
60	1	536486	2	268881	3	139713	4	41253	5	11013	6	2186	7	387	8	51	9	29	10	1
61	1	509140	2	292436	3	145068	4	39903	5	10657	6	2219	7	447	8	101	9	22	10	7
62	1	486902	2	287528	3	162084	4	46534	5	13393	6	2824	7	593	8	105	9	28	10	8	11	1
63	1	418973	2	309640	3	180241	4	65255	5	19339	6	5126	7	1096	8	259	9	48	10	18	11	5
64	1	360004	2	330893	3	197293	4	79364	5	24408	6	6181	7	1447	8	300	9	82	10	21	11	5	12	1	14	1
65	1	346532	2	338501	3	202040	4	81102	5	23610	6	6241	7	1565	8	310	9	72	10	20	11	5	12	2
66	1	268922	2	333246	3	227208	4	113952	5	39995	6	12283	7	3388	8	759	9	181	10	44	11	18	12	4
67	1	457588	2	278989	3	169397	4	68009	5	20098	6	4701	7	928	8	220	9	58	10	11	12	1
68	1	333256	2	330357	3	199532	4	95135	5	31329	6	8039	7	1805	8	395	9	110	10	30	11	9	12	3
69	1	286525	2	324122	3	221520	4	109037	5	42891	6	12046	7	2952	8	695	9	152	10	42	11	13	12	4	13	1
70	1	243462	2	314077	3	238034	4	124725	5	55282	6	17680	7	5100	8	1246	9	280	10	80	11	24	12	5	13	4	14	1
71	1	181286	2	313256	3	258619	4	149177	5	65865	6	22912	7	6491	8	1826	9	450	10	86	11	22	12	9	13	1
72	1	121118	2	276925	3	272492	4	181458	5	92549	6	38290	7	12169	8	3622	9	984	10	283	11	77	12	24	13	7	14	1	15	1
73	1	123468	2	262535	3	280032	4	185117	5	92715	6	38036	7	12890	8	3794	9	1016	10	279	11	86	12	26	13	5	14	1
74	1	96640	2	246594	3	278553	4	200084	5	107569	6	45979	7	16979	8	5365	9	1577	10	486	11	123	12	28	13	12	14	9	15	2
75	1	65065	2	205669	3	272557	4	224138	5	132555	6	63327	7	24775	8	8304	9	2598	10	687	11	238	12	58	13	21	14	7	16	1
76	1	33357	2	140495	3	245854	4	251193	5	174474	6	93090	7	39734	8	14887	9	4764	10	1473	11	475	12	150	13	38	14	10	15	4	16	1	17	1
77	1	29586	2	127076	3	235291	4	248131	5	180911	6	102488	7	47847	8	18907	9	6674	10	2088	11	718	12	205	13	55	14	13	15	8	16	1	17	1
78	1	17986	2	89756	3	195137	4	243527	5	205600	6	130557	7	67938	8	30679	9	12143	10	4442	11	1519	12	507	13	157	14	40	15	8	16	4
79	1	11874	2	64649	3	168642	4	236655	5	218190	6	151292	7	83900	8	39097	9	16610	10	5836	11	2126	12	742	13	277	14	81	15	21	16	4	17	2	18	2
80	1	21177	2	61391	3	138435	4	210989	5	218154	6	164319	7	100534	8	50796	9	21748	10	8343	11	2765	12	874	13	315	14	125	15	28	16	3	18	2	19	2
81	1	22074	2	55534	3	124456	4	195985	5	213186	6	171994	7	110512	8	59810	9	28035	10	11836	11	4394	12	1453	13	464	14	168	15	82	16	7	17	4	18	5	19	1
82	1	14465	2	51659	3	112110	4	180732	5	211210	6	179797	7	121343	8	69167	9	34514	10	15218	11	6271	12	2246	13	834	14	281	15	108	16	38	17	4	18	1	19	1	20	1
83	1	6549	2	30695	3	79517	4	150368	5	206352	6	200470	7	148148	8	91340	9	47953	10	23004	11	9555	12	3965	13	1340	14	486	15	166	16	65	17	24	18	2	19	1
84	1	2671	2	18529	3	56449	4	113341	5	174782	6	202856	7	174577	8	121073	9	70944	10	36707	11	16862	12	6930	13	2753	14	976	15	364	16	129	17	34	18	20	19	2	20	1
85	1	946	2	9301	3	36781	4	86772	5	149532	6	195113	7	191787	8	145025	9	92025	10	50115	11	24322	12	11061	13	4516	14	1675	15	658	16	246	17	83	18	20	19	20	20	2
86	1	1549	2	7969	3	31999	4	80146	5	141629	6	186692	7	190032	8	152035	9	99332	10	56628	11	28962	12	13545	13	5851	14	2335	15	787	16	306	17	122	18	60	19	15	20	6
87	1	424	2	3160	3	14382	4	46092	5	103186	6	167040	7	199734	8	183061	9	129845	10	78310	11	40638	12	19412	13	8718	14	3693	15	1432	16	503	17	237	18	76	19	46	20	7	21	4
88	1	158	2	2027	3	9000	4	27252	5	64814	6	118974	7	170573	8	190758	9	166529	10	116199	11	68517	12	35882	13	16927	14	7555	15	3078	16	1065	17	413	18	164	19	73	20	31	21	8	22	1	23	1	24	1
89	1	630	2	748	3	4278	4	18150	5	49613	6	100350	7	154169	8	183965	9	174002	10	133432	11	86089	12	49314	13	24971	14	11676	15	5191	16	2106	17	784	18	306	19	147	20	57	21	19	22	2	23	1
90	1	235	2	1012	3	3797	4	13397	5	37352	6	75780	7	124027	8	163237	9	174556	10	152771	11	110114	12	69720	13	38448	14	19616	15	9267	16	4037	17	1622	18	591	19	252	20	102	21	41	22	18	23	5	24	2	25	1
91	1	30	2	216	3	780	4	2952	5	13203	6	40514	7	87112	8	141758	9	176255	10	175744	11	143528	12	98062	13	59233	14	31843	15	15888	16	7450	17	3265	18	1313	19	521	20	213	21	76	22	31	23	11	24	2
92	1	48	2	372	3	1668	4	5497	5	13513	6	32304	7	64535	8	109887	9	152857	10	170383	11	156501	12	120497	13	79529	14	46648	15	24431	16	11841	17	5534	18	2382	19	948	20	370	21	160	22	55	23	25	24	9	25	5	26	1
93	2	6	3	120	4	620	5	2879	6	11488	7	33958	8	74513	9	125111	10	167212	11	174763	12	150874	13	110564	14	69764	15	39868	16	20533	17	9989	18	4491	19	1923	20	786	21	302	22	158	23	44	24	22	25	7	26	5
94	1	1	2	26	3	282	4	1385	5	4814	6	12606	7	27008	8	51683	9	89617	10	131904	11	159953	12	160419	13	134347	14	96146	15	61316	16	34766	17	18113	18	8641	19	4066	20	1637	21	732	22	301	23	154	24	52	25	20	26	7	27	3	28	1
95	3	1	4	49	5	366	6	2013	7	8316	8	25702	9	58860	10	104548	11	147184	12	168203	13	159497	14	126990	15	87119	16	53568	17	29642	18	15247	19	7204	20	3196	21	1373	22	553	23	214	24	97	25	40	26	14	27	3	28	1
96	2	19	3	244	4	1002	5	2374	6	5009	7	10164	8	18474	9	34544	10	62757	11	102546	12	139628	13	158859	14	151315	15	121313	16	84153	17	51817	18	28514	19	14793	20	7020	21	3139	22	1377	23	535	24	235	25	89	26	51	27	24	28	4	29	1
97	5	11	6	132	7	1003	8	4378	9	14370	10	36332	11	71699	12	114248	13	148205	14	161355	15	148881	16	117601	17	80684	18	48608	19	27015	20	13527	21	6663	22	3042	23	1331	24	555	25	221	26	75	27	38	28	23	29	2	30	1
98	4	126	5	782	6	2346	7	5396	8	9589	9	14670	10	24240	11	43690	12	75468	13	112567	14	141781	15	151302	16	138748	17	108795	18	74801	19	45787	20	25507	21	13177	22	6233	23	2877	24	1243	25	491	26	229	27	99	28	32	29	17	30	6	31	1
99	6	19	7	118	8	581	9	2529	10	8409	11	22068	12	47546	13	82711	14	121727	15	147730	16	155122	17	138611	18	107316	19	72731	20	44717	21	24589	22	12715	23	6011	24	2750	25	1182	26	493	27	188	28	88	29	35	30	12	32	2
100	2	38	3	99	4	328	5	873	6	1593	7	2866	8	5327	9	8745	10	11707	11	16616	12	27045	13	48622	14	81109	15	116193	16	140717	17	147124	18	131563	19	101726	20	69357	21	42437	22	23620	23	12019	24	5759	25	2550	26	1159	27	450	28	213	29	85	30	37	31	19	32	2	33	2
