45	1	93486	2	6214	3	260	4	31	5	9
46	1	86792	2	12617	3	565	4	25	5	1
47	1	89235	2	10260	3	483	4	22
48	1	84475	2	14432	3	962	4	121	5	9	6	1
49	1	85335	2	13631	3	987	4	42	5	4	7	1
50	1	83004	2	16130	3	731	4	119	5	15	6	1
51	1	17220	2	68999	3	12660	4	1051	5	62	6	8
52	1	28524	2	57470	3	12015	4	1756	5	223	6	10	7	2
53	1	39597	2	50326	3	8733	4	1243	5	91	6	10
54	1	44795	2	41243	3	10832	4	2633	5	443	6	46	7	7	8	1
55	1	50400	2	35404	3	9595	4	3995	5	488	6	96	7	20	8	2
56	1	55589	2	31201	3	10322	4	2464	5	349	6	65	7	9	8	1
57	1	53591	2	31164	3	11340	4	3290	5	517	6	75	7	16	8	7
58	1	61070	2	23496	3	11422	4	3138	5	733	6	113	7	22	8	4	9	2
59	1	58246	2	26551	3	10972	4	3324	5	697	6	181	7	23	8	4	9	2
60	1	53615	2	27087	3	13757	4	4203	5	1114	6	178	7	41	8	3	9	1	10	1
61	1	50829	2	29447	3	14381	4	4019	5	1037	6	226	7	46	8	14	9	1
62	1	48898	2	28507	3	16260	4	4659	5	1345	6	264	7	54	8	11	9	2
63	1	42026	2	30945	3	18027	4	6426	5	1888	6	532	7	120	8	21	9	12	10	3
64	1	36248	2	33059	3	19619	4	7858	5	2404	6	624	7	138	8	36	9	11	10	3
65	1	34622	2	33910	3	20085	4	8197	5	2343	6	625	7	165	8	42	9	5	10	3	11	2	12	1
66	