50	1	97494148	2	2489494	3	15226	4	1052	5	80
51	1	25930739	2	71997208	3	2042799	4	29060	5	166	6	28
52	1	44351560	2	53711845	3	1771415	4	162076	5	3091	6	12	7	1
53	1	58343865	2	40394490	3	1188313	4	72731	5	578	6	23
54	1	67820796	2	30059432	3	1847474	4	263293	5	8832	6	170	7	3
55	1	74432224	2	23066445	3	1967348	4	521960	5	10901	6	1034	7	85	8	3
56	1	80426797	2	17701456	3	1692875	4	172546	5	5899	6	403	7	24
57	1	81340792	2	16343214	3	2073145	4	232521	5	9756	6	519	7	40	8	13
58	1	86732256	2	10830596	3	2178332	4	240143	5	17775	6	847	7	47	8	4
59	1	86306254	2	11187089	3	2212254	4	272423	5	18941	6	2968	7	66	8	4	9	1
60	1	85054874	2	11853549	3	2805032	4	261015	5	24212	6	1233	7	78	8	7
61	1	83658398	2	13266037	3	2809588	4	236599	5	27628	6	1632	7	106	8	12
62	1	83419360	2	12811019	3	3443941	4	285109	5	38007	6	2401	7	154	8	8	9	1
63	1	78617280	2	16707104	3	4075565	4	532359	5	60383	6	6698	7	568	8	40	9	2	10	1
64	1	74654482	2	20169801	3	4439686	4	658161	5	71227	6	6045	7	553	8	39	9	3	10	3
65	1	73032838	2	21896250	3	4409994	4	591930	5	62201	6	6173	7	579	8	35
66	1	65172314	2	27077727	3	6359071	4	1217365	5	153140	6	18069	7	2121	8	176	9	13	10	2	11	2
67	1	81193537	2	15027317	3	3327049	4	407850	5	40879	6	3144	7	191	8	31	9	2
68	1	70121874	2	24046691	3	4956488	4	783786	5	81574	6	8767	7	718	8	93	9	9
69	1	66582937	2	25978880	3	6286388	4	992012	5	145618	6	12742	7	1300	8	115	9	7	10	1
70	