1	1	1000000
2	1	1000000
3	1	1000000
4	1	1000000
5	1	1000000
6	1	1000000
7	1	1000000
8	1	1000000
9	1	1000000
10	1	1000000
11	1	1000000
12	1	1000000
13	1	1000000
14	1	1000000
15	1	1000000
16	1	1000000
17	1	1000000
18	1	999957	2	43
19	1	1000000
20	1	999868	2	132
21	1	1000000
22	1	999798	2	202
23	1	1000000
24	1	999665	2	335
25	1	1000000
26	1	999398	2	602
27	1	999979	2	21
28	1	999351	2	649
29	1	999988	2	12
30	1	999306	2	693	3	1
31	1	999991	2	9
32	1	999168	2	832
33	1	999945	2	52	3	3
34	1	997649	2	2351
35	1	999820	2	180
36	1	995631	2	4356	3	13
37	1	999903	2	97
38	1	996823	2	3177
39	1	999451	2	541	3	8
40	1	997456	2	2544
41	1	999491	2	509
42	1	996681	2	3301	3	18
43	1	998397	2	1581	3	22
44	1	996362	2	3635	3	3
45	1	998229	2	1759	3	12
46	1	993177	2	6812	3	11
47	1	995144	2	4845	3	11
48	1	991456	2	8504	3	39	4	1
49	1	990688	2	9254	3	58
50	1	990651	2	9331	3	17	4	1
51	1	295529	2	696588	3	7828	4	55
52	1	500351	2	492787	3	6296	4	563	5	3
53	1	646130	2	349384	3	4295	4	191
54	1	744731	2	247201	3	7191	4	867	5	9	6	1
55	1	811015	2	178420	3	8675	4	1881	5	8	6	1
56	1	864798	2	128261	3	6486	4	447	5	8
57	1	880167	2	110939	3	8302	4	584	5	8
58	1	921173	2	69532	3	8646	4	617	5	28	6	4
59	1	923112	2	66646	3	9482	4	729	5	28	6	3
60	1	919210	2	68862	3	11299	4	594	5	35
61	1	910778	2	77437	3	11245	4	511	5	29
62	1	911793	2	72778	3	14769	4	605	5	49	6	5	7	1
63	1	879824	2	101500	3	17193	4	1383	5	97	6	3
64	1	853253	2	126521	3	18399	4	1724	5	100	6	2	7	1
65	1	840545	2	141208	3	16873	4	1298	5	73	6	3
66	1	777169	2	191943	3	27260	4	3374	5	237	6	17
67	1	899444	2	87199	3	12440	4	868	5	49
68	1	812325	2	166077	3	19634	4	1859	5	96	6	9
69	1	790723	2	180537	3	26136	4	2394	5	200	6	9	7	1
70	1	756027	2	202937	3	36462	4	4104	5	436	6	30	7	4
71	1	707822	2	244516	3	41864	4	5244	5	511	6	40	7	2	8	1
72	1	613969	2	305430	3	68069	4	10971	5	1417	6	135	7	8	8	1
73	1	645239	2	285676	3	59569	4	8416	5	966	6	129	7	5
74	1	591855	2	317485	3	76088	4	12533	5	1779	6	231	7	26	8	3
75	1	531629	2	350917	3	96491	4	18052	5	2566	6	307	7	37	8	1
76	1	397795	2	402549	3	157194	4	35825	5	5759	6	756	7	113	8	7	9	2
77	1	399845	2	393219	3	158187	4	40082	5	7381	6	1143	7	121	8	18	9	2	10	2
78	1	320713	2	392507	3	205385	4	63700	5	14472	6	2739	7	420	8	51	9	12	10	1
79	1	287217	2	390086	3	224624	4	75567	5	18316	6	3511	7	577	8	87	9	14	10	1
80	1	296951	2	352277	3	230434	4	90330	5	23838	6	5110	7	897	8	133	9	24	10	6
81	1	293468	2	340905	3	230231	4	97363	5	29311	6	7054	7	1390	8	228	9	44	10	6
82	1	255682	2	343531	3	243806	4	110326	5	35515	6	8827	7	1894	8	345	9	66	10	7	11	1
83	1	188455	2	327088	3	273406	4	141871	5	50900	6	14176	7	3299	8	641	9	137	10	25	12	2
84	1	123472	2	286243	3	292776	4	184345	5	79070	6	25582	7	6628	8	1514	9	301	10	55	11	9	12	4	13	1
85	1	89876	2	246677	3	293359	4	211171	5	105472	6	38754	7	11246	8	2713	9	583	10	121	11	23	12	3	13	1	14	1
86	1	90788	2	234714	3	291047	4	215254	5	109841	6	41824	7	12488	8	3071	9	766	10	166	11	33	12	7	13	1
87	1	52049	2	180522	3	279159	4	251167	5	147919	6	62122	7	20190	8	5381	9	1197	10	251	11	38	12	5
88	1	28381	2	118902	3	227025	4	262456	5	198269	6	105282	7	42277	8	13039	9	3395	10	790	11	143	12	39	13	2
89	1	22159	2	94218	3	204791	4	256340	5	212180	6	125541	7	56715	8	20152	9	5994	10	1468	11	343	12	78	13	20	14	1
90	1	15799	2	73591	3	165529	4	231553	5	221515	6	155307	7	83896	8	35513	9	12347	10	3683	11	961	12	240	13	56	14	8	15	2
91	1	4883	2	35062	3	111781	4	202703	5	240037	6	196875	7	119837	8	57009	9	21850	10	7114	11	2171	12	523	13	123	14	24	15	7	16	1
92	1	5477	2	31017	3	87782	4	164145	5	216544	6	207400	7	148784	8	82660	9	36842	10	13551	11	4285	12	1136	13	292	14	67	15	10	16	6	17	2
93	1	1015	2	10005	3	45656	4	116188	5	193904	6	223770	7	188735	8	120661	9	61724	10	25598	11	8998	12	2812	13	717	14	171	15	35	16	8	17	2	18	1
94	1	1116	2	9726	3	35913	4	86404	5	148568	6	195758	7	196634	8	153847	9	94701	10	47449	11	19857	12	6955	13	2244	14	620	15	159	16	40	17	6	18	3
95	1	141	2	1999	3	12191	4	45190	5	106513	6	174557	7	208432	8	188203	9	132244	10	75121	11	35122	12	13825	13	4569	14	1374	15	410	16	89	17	17	18	2	19	1
96	1	576	2	4449	3	13989	4	33595	5	70003	6	121411	7	170165	8	188670	9	165835	10	115927	11	65884	12	31394	13	12211	14	4123	15	1339	16	323	17	76	18	16	19	10	20	3	22	1
97	1	5	2	150	3	1481	4	8589	5	30606	6	75603	7	135012	8	181749	9	191178	10	161102	11	109087	12	60487	13	28210	14	11342	15	3746	16	1209	17	328	18	88	19	25	20	2	22	1
98	1	48	2	791	3	4662	4	13213	5	27394	6	50983	7	88638	8	135198	9	170638	10	174075	11	142856	12	97268	13	53884	14	25292	15	10091	16	3521	17	1054	18	296	19	73	20	20	21	3	22	2
99	2	16	3	214	4	1546	5	6678	6	20841	7	51264	8	97189	9	147091	10	178567	11	175436	12	140404	13	92332	14	51067	15	23485	16	9336	17	3225	18	945	19	266	20	68	21	25	22	3	23	2
100	1	409	2	1387	3	3368	4	7477	5	13249	6	22469	7	36116	8	59222	9	96133	10	139378	11	165113	12	160420	13	129305	14	84735	15	46888	16	21535	17	8625	18	2955	19	886	20	246	21	70	22	12	23	1	24	1
