1	1	100000
2	1	100000
3	1	100000
4	1	100000
5	1	100000
6	1	100000
7	1	100000
8	1	100000
9	1	100000
10	1	100000
11	1	100000
12	1	100000
13	1	100000
14	1	100000
15	1	100000
16	1	100000
17	1	100000
18	1	100000
19	1	100000
20	1	100000
21	1	100000
22	1	100000
23	1	100000
24	1	100000
25	1	100000
26	1	100000
27	1	100000
28	1	100000
29	1	100000
30	1	100000
31	1	100000
32	1	100000
33	1	100000
34	1	100000
35	1	100000
36	1	100000
37	1	100000
38	1	100000
39	1	100000
40	1	100000
41	1	100000
42	1	100000
43	1	100000
44	1	100000
45	1	100000
46	1	100000
47	1	100000
48	1	100000
49	1	100000
50	1	100000
51	1	100000
52	1	100000
53	1	100000
54	1	100000
55	1	100000
56	1	100000
57	1	100000
58	1	100000
59	1	100000
60	1	100000
61	1	100000
62	1	100000
63	1	100000
64	1	100000
65	1	100000
66	1	100000
67	1	100000
68	1	99999	2	1
69	1	100000
70	1	100000
71	1	100000
72	1	100000
73	1	100000
74	1	99999	2	1
75	1	100000
76	1	100000
77	1	100000
78	1	99999	2	1
79	1	100000
80	1	100000
81	1	100000
82	1	100000
83	1	100000
84	1	100000
85	1	100000
86	1	99998	2	2
87	1	100000
88	1	99999	2	1
89	1	100000
90	1	99998	2	2
91	1	100000
92	1	100000
93	1	100000
94	1	100000
95	1	100000
96	1	100000
97	1	100000
98	1	100000
99	1	100000
100	1	100000
101	1	100000
102	1	99999	2	1
103	1	100000
104	1	99999	2	1
105	1	100000
106	1	99999	2	1
107	1	100000
108	1	100000
109	1	100000
110	1	100000
111	1	100000
112	1	99999	2	1
113	1	100000
114	1	99999	2	1
115	1	100000
116	1	99999	2	1
117	1	100000
118	1	99999	2	1
119	1	100000
120	1	99999	2	1
121	1	100000
122	1	99999	2	1
123	1	100000
124	1	100000
125	1	100000
126	1	100000
127	1	100000
128	1	100000
129	1	100000
130	1	99999	2	1
131	1	100000
132	1	99999	2	1
133	1	100000
134	1	99999	2	1
135	1	100000
136	1	100000
137	1	100000
138	1	99999	2	1
139	1	100000
140	1	99998	2	2
141	1	100000
142	1	99999	2	1
143	1	100000
144	1	99997	2	3
145	1	100000
146	1	99998	2	2
147	1	100000
148	1	100000
149	1	100000
150	1	100000
151	1	100000
152	1	99998	2	2
153	1	100000
154	1	99999	2	1
155	1	100000
156	1	99998	2	2
157	1	100000
158	1	100000
159	1	100000
160	1	99999	2	1
161	1	100000
162	1	100000
163	1	100000
164	1	99998	2	2
165	1	100000
166	1	99997	2	3
167	1	100000
168	1	100000
169	1	100000
170	1	99997	2	3
171	1	100000
172	1	99998	2	2
173	1	100000
174	1	99998	2	2
175	1	100000
176	1	100000
177	1	100000
178	1	99999	2	1
179	1	100000
180	1	100000
181	1	100000
182	1	99998	2	2
183	1	100000
184	1	99998	2	2
185	1	100000
186	1	99998	2	2
187	1	100000
188	1	99998	2	2
189	1	100000
190	1	99998	2	2
191	1	100000
192	1	99998	2	2
193	1	100000
194	1	99999	2	1
195	1	100000
196	1	99998	2	2
197	1	100000
198	1	99996	2	4
199	1	100000
200	1	100000
201	1	100000
202	1	99999	2	1
203	1	100000
204	1	100000
205	1	100000
206	1	99999	2	1
207	1	100000
208	1	100000
209	1	100000
210	1	99999	2	1
211	1	100000
212	1	100000
213	1	100000
214	1	99999	2	1
215	1	100000
216	1	99999	2	1
217	1	100000
218	1	99997	2	3
219	1	100000
220	1	99999	2	1
221	1	100000
222	1	99998	2	2
223	1	100000
224	1	100000
225	1	100000
226	1	100000
227	1	100000
228	1	99999	2	1
229	1	100000
230	1	99998	2	2
231	1	100000
232	1	100000
233	1	100000
234	1	99997	2	3
235	1	100000
236	1	99998	2	2
237	1	100000
238	1	99993	2	7
239	1	100000
240	1	99999	2	1
241	1	100000
242	1	99999	2	1
243	1	100000
244	1	100000
245	1	100000
246	1	99998	2	2
247	1	100000
248	1	99999	2	1
249	1	100000
250	1	99999	2	1
251	1	99998	2	2
252	1	99997	2	3
253	1	100000
254	1	99997	2	3
255	1	99999	2	1
256	1	99998	2	2
257	1	100000
258	1	99997	2	3
259	1	100000
260	1	99996	2	4
261	1	99999	2	1
262	1	99996	2	4
263	1	100000
264	1	99999	2	1
265	1	100000
266	1	99997	2	3
267	1	99999	2	1
268	1	99996	2	4
269	1	100000
270	1	99999	2	1
271	1	100000
272	1	99999	2	1
273	1	99999	2	1
274	1	99999	2	1
275	1	100000
276	1	99998	2	2
277	1	100000
278	1	100000
279	1	100000
280	1	99997	2	3
281	1	100000
282	1	100000
283	1	100000
284	1	99998	2	2
285	1	100000
286	1	99997	2	3
287	1	100000
288	1	99998	2	2
289	1	100000
290	1	99999	2	1
291	1	100000
292	1	99995	2	5
293	1	100000
294	1	99999	2	1
295	1	100000
296	1	99998	2	2
297	1	100000
298	1	99999	2	1
299	1	100000
300	1	99996	2	4
301	1	100000
302	1	99999	2	1
303	1	100000
304	1	100000
305	1	100000
306	1	99999	2	1
307	1	100000
308	1	100000
309	1	100000
310	1	99996	2	4
311	1	100000
312	1	99999	2	1
313	1	100000
314	1	99998	2	2
315	1	100000
316	1	99998	2	2
317	1	100000
318	1	99997	2	3
319	1	100000
320	1	99996	2	4
321	1	99999	3	1
322	1	99997	2	3
323	1	100000
324	1	99999	2	1
325	1	100000
326	1	99999	2	1
327	1	100000
328	1	99996	2	4
329	1	100000
330	1	99998	2	2
331	1	99999	2	1
332	1	99997	2	3
333	1	100000
334	1	99992	2	8
335	1	99998	2	2
336	1	99995	2	5
337	1	99999	2	1
338	1	99997	2	3
339	1	99999	2	1
340	1	99996	2	4
341	1	99998	2	2
342	1	99995	2	5
343	1	100000
344	1	99996	2	4
345	1	100000
346	1	99993	2	7
347	1	100000
348	1	99993	2	7
349	1	100000
350	1	99998	2	2
351	1	99999	2	1
352	1	99987	2	13
353	1	100000
354	1	99996	2	4
355	1	99999	2	1
356	1	99995	2	5
357	1	100000
358	1	99994	2	6
359	1	99999	2	1
360	1	99986	2	14
361	1	99999	2	1
362	1	99994	2	6
363	1	99998	2	2
364	1	99994	2	6
365	1	100000
366	1	99996	2	4
367	1	99999	2	1
368	1	99999	2	1
369	1	100000
370	1	99997	2	3
371	1	100000
372	1	99994	2	6
373	1	100000
374	1	99995	2	5
375	1	100000
376	1	99996	2	4
377	1	99999	2	1
378	1	99993	2	7
379	1	99999	2	1
380	1	99994	2	6
381	1	99999	2	1
382	1	99996	2	4
383	1	100000
384	1	99995	2	5
385	1	99998	2	2
386	1	99993	2	7
387	1	99999	2	1
388	1	99994	2	6
389	1	100000
390	1	99997	2	3
391	1	99999	2	1
392	1	99991	2	9
393	1	99998	2	2
394	1	99989	2	11
395	1	99999	2	1
396	1	99993	2	7
397	1	99999	2	1
398	1	99990	2	10
399	1	99995	2	5
400	1	99993	2	7
401	1	99999	2	1
402	1	99997	2	3
403	1	99998	2	2
404	1	99996	2	4
405	1	99999	2	1
406	1	99991	2	9
407	1	99998	2	2
408	1	99998	2	2
409	1	99998	2	2
410	1	99991	2	9
411	1	99998	2	2
412	1	99991	2	9
413	1	99996	2	4
414	1	99993	2	7
415	1	99997	2	3
416	1	99994	2	6
417	1	100000
418	1	99991	2	9
419	1	99999	2	1
420	1	99987	2	13
421	1	99995	2	5
422	1	99986	2	14
423	1	99994	2	6
424	1	99987	2	13
425	1	99996	2	4
426	1	99990	2	10
427	1	99995	2	5
428	1	99992	2	8
429	1	99996	2	4
430	1	99991	2	9
431	1	99992	2	8
432	1	99990	2	10
433	1	99993	2	7
434	1	99988	2	12
435	1	99994	2	6
436	1	99986	2	14
437	1	99990	2	10
438	1	99988	2	12
439	1	99990	2	10
440	1	99986	2	14
441	1	99988	2	12
442	1	99977	2	23
443	1	99989	2	11
444	1	99979	2	21
445	1	99996	2	4
446	1	99983	2	17
447	1	99993	2	7
448	1	99978	2	22
449	1	99992	2	8
450	1	99987	2	13
451	1	99989	2	11
452	1	99988	2	12
453	1	99984	2	16
454	1	99981	2	19
455	1	99977	2	23
456	1	99971	2	29
457	1	99984	2	16
458	1	99988	2	12
459	1	99985	2	15
460	1	99969	2	31
461	1	99980	2	20
462	1	99978	2	22
463	1	99980	2	20
464	1	99970	2	30
465	1	99973	2	27
466	1	99967	2	33
467	1	99984	2	16
468	1	99974	2	26
469	1	99971	2	29
470	1	99958	2	42
471	1	99976	2	24
472	1	99959	2	41
473	1	99971	2	29
474	1	99961	2	39
475	1	99963	2	37
476	1	99963	2	37
477	1	99962	2	38
478	1	99963	2	37
479	1	99963	2	37
480	1	99941	2	59
481	1	99953	2	47
482	1	99950	2	50
483	1	99953	2	47
484	1	99940	2	60
485	1	99945	2	55
486	1	99932	2	68
487	1	99946	2	54
488	1	99934	2	66
489	1	99941	2	59
490	1	99920	2	80
491	1	99929	2	71
492	1	99923	2	76	3	1
493	1	99927	2	73
494	1	99904	2	96
495	1	99925	2	75
496	1	99901	2	99
497	1	99913	2	87
498	1	99898	2	102
499	1	99899	2	101
500	1	99921	2	79
501	1	5971	2	93907	3	121	4	1
502	1	11448	2	88450	3	95	4	7
503	1	16673	2	83251	3	75	4	1
504	1	21633	2	78294	3	71	4	2
505	1	26247	2	73633	3	78	4	42
506	1	30644	2	69280	3	68	4	8
507	1	35077	2	64865	3	52	4	6
508	1	38631	2	61307	3	58	4	4
509	1	42042	2	57889	3	50	4	19
510	1	45782	2	54135	3	51	4	32
511	1	48946	2	51000	3	46	4	8
512	1	51754	2	48190	3	46	4	10
513	1	54527	2	45429	3	32	4	12
514	1	57336	2	42608	3	46	4	10
515	1	59846	2	40075	3	60	4	19
516	1	62276	2	37659	3	56	4	9
517	1	64238	2	35705	3	47	4	10
518	1	66458	2	33484	3	49	4	9
519	1	68546	2	31391	3	50	4	13
520	1	70415	2	29503	3	62	4	20
521	1	72257	2	27697	3	39	4	7
522	1	73913	2	26037	3	37	4	13
523	1	75366	2	24573	3	52	4	9
524	1	76625	2	23313	3	50	4	12
525	1	77975	2	21933	3	77	4	15
526	1	79759	2	20173	3	61	4	7
527	1	80681	2	19263	3	48	4	8
528	1	81750	2	18182	3	51	4	17
529	1	82756	2	17179	3	61	4	4
530	1	83686	2	16244	3	56	4	14
531	1	85011	2	14922	3	63	4	4
532	1	85712	2	14224	3	57	4	7
533	1	86512	2	13423	3	60	4	5
534	1	87355	2	12586	3	57	4	2
535	1	88122	2	11804	3	64	4	10
536	1	88768	2	11151	3	73	4	8
537	1	89413	2	10517	3	63	4	7
538	1	90032	2	9907	3	53	4	8
539	1	90490	2	9446	3	58	4	6
540	1	91036	2	8883	3	77	4	4
541	1	91716	2	8215	3	67	4	2
542	1	92012	2	7910	3	75	4	3
543	1	92529	2	7406	3	60	4	5
544	1	92930	2	7004	3	62	4	4
545	1	93269	2	6640	3	86	4	5
546	1	93848	2	6099	3	50	4	3
547	1	94230	2	5710	3	58	4	2
548	1	94319	2	5612	3	69
549	1	94782	2	5160	3	57	4	1
550	1	94924	2	4989	3	86	4	1
551	1	95230	2	4705	3	64	4	1
552	1	95587	2	4349	3	63	4	1
553	1	95694	2	4234	3	71	4	1
554	1	95941	2	3974	3	79	4	5	5	1
555	1	96226	2	3691	3	79	4	4
556	1	96378	2	3530	3	92
557	1	96564	2	3357	3	78	4	1
558	1	96672	2	3251	3	74	4	3
559	1	96919	2	3009	3	71	4	1
560	1	97005	2	2918	3	72	4	5
561	1	97169	2	2755	3	72	4	4
562	1	97217	2	2696	3	86	4	1
563	1	97416	2	2472	3	109	4	3
564	1	97466	2	2445	3	88	4	1
565	1	97617	2	2284	3	98	4	1
566	1	97805	2	2113	3	81	4	1
567	1	97882	2	2029	3	87	4	2
568	1	97914	2	2007	3	78	5	1
569	1	97954	2	1977	3	69
570	1	97901	2	2018	3	81
571	1	98043	2	1878	3	79
572	1	98272	2	1648	3	78	4	2
573	1	98284	2	1625	3	90	4	1
574	1	98329	2	1598	3	70	4	2	6	1
575	1	98310	2	1603	3	85	4	2
576	1	98296	2	1613	3	90	4	1
577	1	98447	2	1489	3	63	4	1
578	1	98449	2	1481	3	70
579	1	98438	2	1480	3	82
580	1	98458	2	1454	3	87	4	1
581	1	98515	2	1416	3	68	4	1
582	1	98562	2	1351	3	86	4	1
583	1	98577	2	1336	3	85	4	2
584	1	98436	2	1484	3	78	4	2
585	1	98528	2	1401	3	70	4	1
586	1	98481	2	1419	3	100
587	1	98473	2	1453	3	73	4	1
588	1	98491	2	1436	3	73
589	1	98560	2	1372	3	67	4	1
590	1	98581	2	1335	3	84
591	1	98581	2	1352	3	66	4	1
592	1	98481	2	1443	3	74	4	2
593	1	98571	2	1341	3	87	4	1
594	1	98541	2	1372	3	87
595	1	98490	2	1417	3	93
596	1	98445	2	1476	3	79
597	1	98476	2	1451	3	72	4	1
598	1	98438	2	1480	3	82
599	1	98381	2	1525	3	92	4	2
600	1	98315	2	1606	3	77	4	2
601	1	98229	2	1702	3	69
602	1	98133	2	1755	3	108	4	4
603	1	98096	2	1808	3	93	4	3
604	1	97884	2	2012	3	102	4	2
605	1	98106	2	1802	3	91	4	1
606	1	98025	2	1881	3	94
607	1	98141	2	1753	3	105	4	1
608	1	97827	2	2059	3	112	4	2
609	1	98033	2	1873	3	93	4	1
610	1	97868	2	2023	3	106	4	3
611	1	97696	2	2185	3	117	4	2
612	1	97706	2	2194	3	96	4	4
613	1	97722	2	2180	3	96	4	2
614	1	97717	2	2178	3	101	4	4
615	1	97552	2	2332	3	114	4	2
616	1	97607	2	2302	3	87	4	4
617	1	97647	2	2240	3	110	4	3
618	1	97642	2	2244	3	111	4	3
619	1	97512	2	2344	3	140	4	3	5	1
620	1	97283	2	2574	3	143
621	1	97397	2	2474	3	126	4	3
622	1	97268	2	2597	3	132	4	3
623	1	97322	2	2541	3	136	4	1
624	1	96986	2	2868	3	142	4	4
625	1	96991	2	2868	3	137	4	4
626	1	96782	2	3056	3	160	4	2
627	1	96917	2	2944	3	137	4	2
628	1	96513	2	3331	3	156
629	1	96734	2	3121	3	144	4	1
630	1	96481	2	3345	3	171	4	3
631	1	96400	2	3430	3	165	4	5
632	1	96306	2	3522	3	169	4	3
633	1	96357	2	3507	3	132	4	4
634	1	96257	2	3606	3	135	4	2
635	1	96097	2	3742	3	159	4	2
636	1	95981	2	3856	3	157	4	6
637	1	95845	2	4000	3	152	4	3
638	1	95740	2	4100	3	157	4	3
639	1	95650	2	4184	3	165	4	1
640	1	95390	2	4427	3	177	4	6
641	1	95541	2	4274	3	181	4	4
642	1	95376	2	4450	3	171	4	3
643	1	95191	2	4629	3	174	4	6
644	1	94872	2	4917	3	208	4	3
645	1	95034	2	4768	3	188	4	9	6	1
646	1	94795	2	5013	3	187	4	4	5	1
647	1	94700	2	5057	3	236	4	7
648	1	94093	2	5666	3	234	4	6	5	1
649	1	94465	2	5278	3	250	4	7
650	1	94220	2	5546	3	220	4	13	5	1
651	1	94079	2	5676	3	232	4	12	5	1
652	1	93740	2	5985	3	265	4	9	5	1
653	1	93876	2	5852	3	260	4	11	5	1
654	1	93393	2	6288	3	312	4	7
655	1	93169	2	6543	3	275	4	13
656	1	92960	2	6707	3	320	4	12	5	1
657	1	92898	2	6779	3	316	4	7
658	1	92642	2	7001	3	343	4	14
659	1	92449	2	7198	3	343	4	10
660	1	91603	2	7983	3	397	4	17
661	1	92047	2	7550	3	389	4	13	5	1
662	1	91255	2	8307	3	422	4	14	5	2
663	1	91452	2	8078	3	452	4	18
664	1	90271	2	9173	3	533	4	22	5	1
665	1	90585	2	8908	3	485	4	21	5	1
666	1	89414	2	9905	3	644	4	37
667	1	93297	2	6397	3	293	4	13
668	1	92358	2	7285	3	343	4	14
669	1	91945	2	7650	3	389	4	16
670	1	92047	2	7522	3	414	4	17
671	1	91527	2	8027	3	424	4	21	5	1
672	1	90726	2	8772	3	475	4	27
673	1	90917	2	8571	3	489	4	20	5	3
674	1	90810	2	8637	3	530	4	22	5	1
675	1	90354	2	9075	3	539	4	30	5	2
676	1	89326	2	9971	3	670	4	33
677	1	89900	2	9506	3	566	4	26	5	2
678	1	90133	2	9294	3	545	4	25	5	3
679	1	89248	2	10061	3	663	4	27	5	1
680	1	87999	2	11156	3	807	4	37	6	1
681	1	88941	2	10332	3	685	4	37	5	4	6	1
682	1	88697	2	10503	3	755	4	41	5	4
683	1	88227	2	10981	3	753	4	38	5	1
684	1	87530	2	11565	3	853	4	52
685	1	87723	2	11471	3	767	4	37	5	2
686	1	87959	2	11180	3	816	4	44	5	1
687	1	87357	2	11700	3	885	4	55	5	3
688	1	85911	2	12958	3	1066	4	62	5	3
689	1	86523	2	12458	3	948	4	71
690	1	85989	2	12868	3	1072	4	67	5	4
691	1	85922	2	12928	3	1084	4	62	5	4
692	1	85155	2	13637	3	1137	4	68	5	3
693	1	85411	2	13437	3	1078	4	69	5	5
694	1	85239	2	13451	3	1213	4	89	5	8
695	1	84383	2	14258	3	1271	4	84	5	4
696	1	83732	2	14795	3	1378	4	87	5	8
697	1	83735	2	14755	3	1414	4	93	5	3
698	1	84033	2	14491	3	1364	4	109	5	2	6	1
699	1	83303	2	15119	3	1484	4	90	5	4
700	1	81746	2	16415	3	1716	4	119	5	4
701	1	82193	2	16098	3	1580	4	120	5	9
702	1	81967	2	16280	3	1637	4	107	5	8	6	1
703	1	81556	2	16608	3	1710	4	117	5	9
704	1	79757	2	17937	3	2119	4	180	5	7
705	1	80336	2	17531	3	1963	4	158	5	10	6	2
706	1	81261	2	16759	3	1834	4	136	5	9	6	1
707	1	80132	2	17705	3	1978	4	178	5	7
708	1	79217	2	18387	3	2206	4	165	5	24	6	1
709	1	79060	2	18598	3	2149	4	181	5	12
710	1	78842	2	18764	3	2189	4	190	5	15
711	1	77997	2	19350	3	2459	4	185	5	9
712	1	77222	2	20028	3	2513	4	222	5	15
713	1	77559	2	19744	3	2464	4	214	5	19
714	1	77081	2	20071	3	2602	4	229	5	17
715	1	76017	2	20888	3	2849	4	237	5	9
716	1	74430	2	22010	3	3230	4	302	5	27	6	1
717	1	75560	2	21197	3	2936	4	283	5	22	6	2
718	1	74855	2	21639	3	3157	4	316	5	30	6	3
719	1	74534	2	21898	3	3230	4	312	5	26
720	1	71762	2	23931	3	3847	4	420	5	37	6	3
721	1	73616	2	22525	3	3457	4	369	5	29	6	4
722	1	72992	2	23078	3	3565	4	331	5	31	6	2	7	1
723	1	72284	2	23565	3	3722	4	393	5	34	6	2
724	1	71204	2	24196	3	4098	4	467	5	33	6	2
725	1	70324	2	24935	3	4221	4	475	5	40	6	5
726	1	69912	2	25030	3	4445	4	557	5	55	6	1
727	1	69137	2	25533	3	4689	4	561	5	73	6	7
728	1	69978	2	24981	3	4489	4	504	5	42	6	6
729	1	69957	2	24860	3	4567	4	563	5	51	6	2
730	1	69413	2	25333	3	4569	4	619	5	62	6	4
731	1	68458	2	26089	3	4803	4	585	5	62	6	3
732	1	66826	2	26836	3	5513	4	735	5	76	6	11	7	3
733	1	67716	2	26371	3	5180	4	665	5	64	6	3	7	1
734	1	66407	2	27141	3	5582	4	782	5	79	6	8	7	1
735	1	65424	2	27790	3	5914	4	789	5	80	6	2	7	1
736	1	63660	2	28874	3	6428	4	916	5	112	6	9	7	1
737	1	65000	2	28195	3	5855	4	846	5	94	6	10
738	1	63963	2	28802	3	6164	4	973	5	93	6	5
739	1	63457	2	29049	3	6441	4	937	5	107	6	7	7	2
740	1	61436	2	30028	3	7218	4	1166	5	139	6	12	7	1
741	1	62099	2	29737	3	6893	4	1129	5	126	6	14	7	2
742	1	61302	2	30184	3	7207	4	1156	5	130	6	19	7	2
743	1	60880	2	30302	3	7451	4	1189	5	163	6	15
744	1	59587	2	31075	3	7915	4	1269	5	133	6	20	7	1
745	1	58862	2	31385	3	8127	4	1417	5	191	6	15	7	3
746	1	58387	2	31755	3	8261	4	1392	5	178	6	22	7	5
747	1	58263	2	31738	3	8273	4	1518	5	180	6	28
748	1	56563	2	32461	3	9047	4	1668	5	234	6	24	7	3
749	1	56458	2	32457	3	9183	4	1640	5	234	6	26	7	2
750	1	55779	2	32787	3	9358	4	1804	5	247	6	21	7	4
751	1	51719	2	34536	3	11055	4	2314	5	328	6	42	7	6
752	1	50426	2	34973	3	11592	4	2537	5	414	6	55	7	3
753	1	50362	2	35034	3	11643	4	2535	5	366	6	50	7	8	8	2
754	1	49752	2	35013	3	12019	4	2694	5	454	6	61	7	6	8	1
755	1	49281	2	34967	3	12331	4	2839	5	500	6	76	7	6
756	1	48009	2	35576	3	12815	4	2959	5	548	6	88	7	5
757	1	49554	2	35059	3	12100	4	2744	5	464	6	68	7	8	8	2	10	1
758	1	47554	2	35513	3	13019	4	3233	5	579	6	84	7	15	8	2	9	1
759	1	46638	2	35818	3	13509	4	3342	5	592	6	89	7	11	8	1
760	1	46200	2	35709	3	13761	4	3522	5	684	6	109	7	12	8	3
761	1	45325	2	36223	3	14126	4	3523	5	676	6	105	7	21	8	1
762	1	45353	2	35978	3	14219	4	3633	5	673	6	129	7	12	8	3
763	1	44205	2	36513	3	14348	4	3913	5	854	6	139	7	21	8	5	9	2
764	1	43674	2	36447	3	14892	4	4016	5	790	6	151	7	25	8	5
765	1	43420	2	36379	3	15055	4	4106	5	878	6	136	7	23	8	3
766	1	42272	2	36497	3	15697	4	4394	5	957	6	159	7	20	8	4
767	1	41191	2	36811	3	16094	4	4662	5	1005	6	192	7	37	8	7	9	1
768	1	39540	2	36929	3	16994	4	5077	5	1180	6	241	7	35	8	3	9	1
769	1	39047	2	37028	3	17145	4	5317	5	1198	6	224	7	36	8	4	9	1
770	1	40352	2	36757	3	16568	4	4981	5	1095	6	210	7	32	8	4	9	1
771	1	39281	2	36813	3	17098	4	5276	5	1246	6	238	7	43	8	4	9	1
772	1	38714	2	36748	3	17526	4	5379	5	1326	6	258	7	37	8	10	9	2
773	1	37339	2	36563	3	18387	4	5873	5	1455	6	317	7	59	8	6	9	1
774	1	36152	2	37095	3	18386	4	6361	5	1606	6	337	7	57	8	5	9	1
775	1	35506	2	36959	3	19008	4	6432	5	1660	6	355	7	68	8	9	9	3
776	1	35081	2	37283	3	19062	4	6380	5	1742	6	382	7	57	8	12	9	1
777	1	34428	2	36683	3	19741	4	6850	5	1796	6	411	7	74	8	14	9	3
778	1	34027	2	36657	3	19992	4	6997	5	1850	6	395	7	69	8	11	9	2
779	1	33319	2	36614	3	20148	4	7431	5	1928	6	457	7	81	8	18	9	3	11	1
780	1	31791	2	36598	3	20763	4	7937	5	2247	6	523	7	112	8	23	9	6
781	1	31425	2	36708	3	20979	4	7936	5	2331	6	493	7	104	8	19	9	4	10	1
782	1	29787	2	36125	3	21849	4	8804	5	2650	6	630	7	122	8	25	9	7	10	1
783	1	30013	2	36488	3	21637	4	8573	5	2547	6	597	7	115	8	27	9	2	11	1
784	1	28340	2	35673	3	22778	4	9332	5	2953	6	730	7	156	8	31	9	6	10	1
785	1	28275	2	36202	3	22353	4	9333	5	2931	6	709	7	161	8	28	9	8
786	1	26697	2	35375	3	23391	4	10222	5	3228	6	856	7	189	8	35	9	5	10	2
787	1	27032	2	35816	3	23165	4	9763	5	3229	6	803	7	159	8	28	9	5
788	1	25561	2	35274	3	23803	4	10624	5	3526	6	930	7	210	8	60	9	10	10	2
789	1	25803	2	35196	3	23825	4	10470	5	3515	6	922	7	211	8	52	9	6
790	1	24584	2	34505	3	24474	4	11225	5	3815	6	1046	7	280	8	56	9	13	10	2
791	1	23791	2	34520	3	24432	4	11738	5	4055	6	1134	7	271	8	48	9	11
792	1	22804	2	33733	3	25080	4	12233	5	4429	6	1329	7	312	8	62	9	16	10	1	12	1
793	1	22408	2	33811	3	25174	4	12302	5	4520	6	1397	7	304	8	72	9	11	10	1
794	1	20691	2	33078	3	25709	4	13403	5	5078	6	1514	7	414	8	88	9	22	10	3
795	1	20884	2	32714	3	25995	4	13176	5	5080	6	1638	7	411	8	84	9	15	10	3
796	1	19926	2	32554	3	26009	4	13700	5	5445	6	1800	7	456	8	93	9	9	10	8
797	1	18999	2	32069	3	26337	4	14231	5	5767	6	1916	7	506	8	129	9	38	10	7	11	1
798	1	18148	2	31281	3	26583	4	15030	5	6168	6	2015	7	586	8	145	9	34	10	8	11	1	13	1
799	1	17879	2	31109	3	26675	4	15167	5	6318	6	2105	7	568	8	145	9	26	10	7	11	1
800	1	18784	2	30695	3	26282	4	15001	5	6436	6	2057	7	565	8	135	9	29	10	15	12	1
801	1	20953	2	30302	3	25406	4	14401	5	6205	6	2000	7	580	8	127	9	20	10	4	11	1	12	1
802	1	20301	2	30444	3	25911	4	14512	5	5950	6	2077	7	628	8	133	9	33	10	8	11	2	12	1
803	1	19653	2	30142	3	25930	4	14848	5	6494	6	2122	7	620	8	153	9	24	10	10	11	3	12	1
804	1	18763	2	29611	3	26218	4	15331	5	6844	6	2396	7	654	8	141	9	34	10	6	11	2
805	1	17122	2	28642	3	26534	4	16364	5	7525	6	2699	7	821	8	217	9	53	10	18	11	5
806	1	17008	2	28721	3	26733	4	16309	5	7424	6	2690	7	848	8	197	9	59	10	5	11	5	12	1
807	1	15840	2	27913	3	26762	4	17017	5	8048	6	3145	7	969	8	233	9	64	10	9
808	1	15294	2	27606	3	26607	4	17399	5	8425	6	3272	7	1013	8	284	9	73	10	24	11	2	12	1
809	1	14848	2	27461	3	26852	4	17625	5	8450	6	3362	7	1006	8	300	9	73	10	16	11	5	12	2
810	1	13972	2	26561	3	26725	4	18249	5	9100	6	3728	7	1167	8	385	9	91	10	18	11	4
811	1	13173	2	25816	3	26941	4	18737	5	9575	6	3920	7	1330	8	380	9	99	10	20	11	7	12	1	13	1
812	1	12771	2	25909	3	27171	4	18633	5	9604	6	3946	7	1447	8	387	9	95	10	25	11	8	12	4
813	1	11867	2	24686	3	26522	4	19389	5	10658	6	4595	7	1598	8	509	9	137	10	31	11	7	12	1
814	1	11555	2	24430	3	26846	4	19327	5	10705	6	4773	7	1682	8	510	9	123	10	39	11	10
815	1	10996	2	23756	3	26755	4	19861	5	11068	6	4921	7	1847	8	570	9	157	10	52	11	15	12	1	14	1
816	1	10154	2	23038	3	26394	4	20428	5	11732	6	5364	7	1976	8	691	9	158	10	47	11	16	12	1	13	1
817	1	9765	2	22539	3	26253	4	20959	5	12163	6	5464	7	1977	8	616	9	202	10	50	11	9	12	3
818	1	9514	2	22342	3	26545	4	20540	5	12079	6	5686	7	2220	8	779	9	221	10	49	11	20	12	4	13	1
819	1	8688	2	20862	3	25831	4	21118	5	13333	6	6315	7	2635	8	900	9	221	10	76	11	14	12	6	13	1
820	1	8616	2	20893	3	25636	4	21386	5	13075	6	6541	7	2546	8	904	9	295	10	85	11	17	12	5	13	1
821	1	7870	2	20363	3	25761	4	21643	5	13577	6	6631	7	2786	8	958	9	314	10	74	11	18	12	4	13	1
822	1	7548	2	19603	3	25099	4	21934	5	14001	6	7194	7	3047	8	1102	9	333	10	101	11	28	12	8	13	2
823	1	6750	2	18257	3	24894	4	22357	5	14843	6	7770	7	3334	8	1254	9	392	10	105	11	32	12	10	13	1	15	1
824	1	7027	2	18381	3	24918	4	22235	5	14689	6	7721	7	3251	8	1235	9	372	10	129	11	29	12	9	13	3	14	1
825	1	6413	2	17495	3	24320	4	22456	5	15329	6	8219	7	3677	8	1437	9	482	10	130	11	31	12	8	13	3
826	1	6184	2	17350	3	24067	4	22298	5	15669	6	8404	7	3856	8	1468	9	527	10	124	11	39	12	12	13	1	14	1
827	1	5601	2	16417	3	24024	4	22733	5	16036	6	8771	7	4007	8	1625	9	559	10	175	11	35	12	10	13	5	14	2
828	1	5315	2	15650	3	23486	4	22766	5	16444	6	9340	7	4381	8	1771	9	598	10	188	11	46	12	12	13	1	14	1	15	1
829	1	4920	2	15172	3	22958	4	22913	5	16801	6	9729	7	4673	8	1892	9	656	10	198	11	71	12	12	13	4	14	1
830	1	4688	2	14523	3	22340	4	22669	5	17242	6	10201	7	5071	8	2107	9	791	10	249	11	89	12	24	13	4	14	1	15	1
831	1	4323	2	13838	3	22146	4	22969	5	17504	6	10626	7	5214	8	2179	9	816	10	279	11	77	12	24	13	4	14	1
832	1	4117	2	13354	3	21501	4	22708	5	17984	6	10952	7	5590	8	2453	9	892	10	328	11	92	12	19	13	8	14	2
833	1	3784	2	12820	3	21092	4	22662	5	18181	6	11363	7	5952	8	2589	9	1018	10	362	11	134	12	28	13	10	14	1	15	4
834	1	3511	2	11760	3	20035	4	22766	5	18710	6	12121	7	6438	8	2925	9	1155	10	391	11	132	12	41	13	9	14	4	15	1	16	1
835	1	3077	2	11100	3	19703	4	22652	5	19021	6	12706	7	6819	8	3114	9	1172	10	451	11	134	12	39	13	7	14	3	15	1	16	1
836	1	2968	2	10500	3	19042	4	22112	5	19229	6	13100	7	7392	8	3457	9	1420	10	541	11	158	12	56	13	18	14	7
837	1	2727	2	9983	3	18488	4	22312	5	19477	6	13435	7	7554	8	3684	9	1511	10	571	11	180	12	55	13	17	14	3	15	2	16	1
838	1	2617	2	9760	3	17795	4	21880	5	19729	6	13641	7	8035	8	4008	9	1631	10	587	11	215	12	75	13	20	14	6	15	1
839	1	2426	2	9209	3	17703	4	21878	5	19679	6	14144	7	8266	8	3973	9	1757	10	630	11	240	12	64	13	19	14	7	15	4	16	1
840	1	2167	2	8636	3	16912	4	21217	5	19934	6	14611	7	8819	8	4533	9	1979	10	792	11	270	12	92	13	30	14	7	15	1
841	1	2070	2	8548	3	16489	4	21145	5	20089	6	14786	7	8935	8	4638	9	2052	10	821	11	289	12	97	13	24	14	10	15	6	16	1
842	1	1768	2	7324	3	14974	4	20321	5	20491	6	15715	7	9946	8	5331	9	2548	10	1005	11	397	12	120	13	37	14	14	15	7	16	1	18	1
843	1	1714	2	7463	3	15230	4	20731	5	20226	6	15628	7	9782	8	5343	9	2421	10	953	11	319	12	125	13	48	14	12	15	3	16	2
844	1	1725	2	7223	3	14956	4	20026	5	20146	6	15851	7	10285	8	5516	9	2580	10	1058	11	424	12	158	13	36	14	10	15	3	16	3
845	1	1449	2	6512	3	14037	4	19872	5	20244	6	16274	7	10758	8	5961	9	2904	10	1263	11	466	12	186	13	53	14	18	15	2	16	1
846	1	1422	2	5968	3	13311	4	19245	5	20069	6	16789	7	11271	8	6504	9	3234	10	1363	11	510	12	206	13	77	14	16	15	10	16	2	17	3
847	1	1165	2	5513	3	12861	4	18717	5	20306	6	17051	7	11714	8	6772	9	3453	10	1543	11	573	12	209	13	80	14	32	15	10	18	1
848	1	1125	2	5023	3	11961	4	18073	5	19926	6	17490	7	12141	8	7549	9	3794	10	1772	11	721	12	274	13	105	14	39	15	6	16	1
849	1	994	2	4857	3	11392	4	17512	5	19915	6	17642	7	12785	8	7716	9	4081	10	1900	11	754	12	276	13	117	14	38	15	15	16	6
850	1	1001	2	4718	3	10797	4	17141	5	19714	6	17875	7	12946	8	8049	9	4301	10	2074	11	895	12	322	13	117	14	37	15	9	16	3	18	1
851	1	824	2	4091	3	10087	4	16590	5	19479	6	18018	7	13742	8	8488	9	4806	10	2257	11	1015	12	399	13	145	14	43	15	9	16	3	17	2	18	1	19	1
852	1	691	2	3742	3	9550	4	15707	5	19149	6	18221	7	14222	8	9137	9	5174	10	2562	11	1095	12	466	13	188	14	72	15	17	16	3	17	4
853	1	732	2	3551	3	9354	4	15599	5	19098	6	18259	7	14142	8	9270	9	5400	10	2614	11	1197	12	510	13	194	14	55	15	17	16	3	17	4	18	1
854	1	572	2	3279	3	8596	4	14785	5	18630	6	18412	7	14801	8	9887	9	5654	10	3020	11	1429	12	602	13	220	14	80	15	19	16	11	17	3
855	1	481	2	2811	3	7886	4	13852	5	17965	6	18623	7	15115	8	10758	9	6432	10	3364	11	1595	12	643	13	299	14	124	15	33	16	13	17	4	18	2
856	1	474	2	2671	3	7388	4	13041	5	17532	6	18363	7	15577	8	11202	9	6821	10	3796	11	1828	12	768	13	344	14	122	15	47	16	17	17	3	18	4	19	1	20	1
857	1	448	2	2358	3	6760	4	12503	5	17182	6	18340	7	15951	8	11588	9	7434	10	3991	11	1965	12	881	13	392	14	133	15	55	16	8	17	7	18	2	19	2
858	1	899	2	3553	3	8517	4	13926	5	17791	6	17879	7	14765	8	10409	9	6240	10	3301	11	1594	12	702	13	297	14	87	15	24	16	11	17	4	22	1
859	1	740	2	2902	3	7041	4	12817	5	17015	6	17789	7	15625	8	11394	9	7179	10	3944	11	2061	12	907	13	373	14	135	15	54	16	20	17	3	20	1
860	1	724	2	2710	3	6862	4	12224	5	16498	6	17633	7	15984	8	11662	9	7610	10	4297	11	2182	12	980	13	406	14	148	15	51	16	13	17	15	18	1
861	1	548	2	2452	3	6249	4	11435	5	16099	6	17861	7	16343	8	12128	9	8077	10	4693	11	2344	12	1073	13	427	14	168	15	74	16	16	17	7	18	4	19	2
862	1	550	2	2325	3	5881	4	10977	5	15305	6	17466	7	16331	8	12878	9	8585	10	4970	11	2686	12	1160	13	550	14	196	15	87	16	29	17	18	18	5	19	1
863	1	433	2	1881	3	5112	4	9890	5	14544	6	17395	7	16681	8	13316	9	9454	10	5478	11	3158	12	1590	13	657	14	245	15	101	16	44	17	13	18	3	19	4	20	1
864	1	377	2	1914	3	5000	4	9919	5	14543	6	17206	7	16434	8	13632	9	9326	10	5791	11	3098	12	1621	13	693	14	261	15	99	16	53	17	22	18	11
865	1	338	2	1641	3	4503	4	9242	5	13969	6	16813	7	16728	8	13983	9	9946	10	6264	11	3511	12	1754	13	783	14	339	15	122	16	36	17	20	18	5	19	2	20	1
866	1	309	2	1564	3	4204	4	8405	5	12974	6	16219	7	16790	8	14371	9	10738	10	6802	11	3915	12	2108	13	932	14	416	15	143	16	77	17	21	18	8	19	2	20	1	21	1
867	1	256	2	1291	3	3861	4	8070	5	12872	6	16071	7	16916	8	14458	9	11038	10	7131	11	4083	12	2213	13	997	14	464	15	171	16	71	17	21	18	10	19	4	20	1	21	1
868	1	224	2	1240	3	3619	4	7661	5	12120	6	15581	7	16295	8	14900	9	11482	10	7661	11	4630	12	2449	13	1202	14	534	15	246	16	98	17	42	18	10	19	4	20	1	21	1
869	1	197	2	1013	3	3178	4	6895	5	11607	6	15083	7	16468	8	15321	9	11941	10	8250	11	4874	12	2762	13	1353	14	627	15	260	16	102	17	45	18	13	19	6	20	4	23	1
870	1	202	2	1045	3	3092	4	6913	5	11378	6	14992	7	16248	8	15214	9	12116	10	8233	11	5108	12	2924	13	1353	14	697	15	300	16	110	17	48	18	15	19	8	20	1	21	2	23	1
871	1	147	2	857	3	2698	4	6090	5	10631	6	14588	7	16421	8	15351	9	12660	10	8923	11	5627	12	3123	13	1581	14	774	15	320	16	123	17	57	18	16	19	9	20	4
872	1	154	2	819	3	2472	4	5691	5	9897	6	13970	7	15965	8	15516	9	12900	10	9429	11	5954	12	3652	13	1892	14	944	15	435	16	190	17	82	18	26	19	7	20	3	21	2
873	1	106	2	671	3	2281	4	5274	5	9589	6	13652	7	15973	8	15617	9	13275	10	9792	11	6373	12	3739	13	1989	14	920	15	430	16	191	17	86	18	21	19	16	20	4	21	1
874	1	117	2	605	3	2151	4	4852	5	8855	6	12922	7	15372	8	15549	9	13629	10	10379	11	6863	12	4287	13	2314	14	1126	15	587	16	221	17	104	18	49	19	10	20	4	21	2	22	2
875	1	85	2	461	3	1777	4	4381	5	8355	6	12482	7	15523	8	15756	9	13975	10	10730	11	7351	12	4428	13	2441	14	1233	15	584	16	252	17	110	18	51	19	14	20	8	21	2	22	1
876	1	64	2	483	3	1599	4	4140	5	7806	6	11846	7	14779	8	15552	9	14134	10	11255	11	7820	12	4932	13	2843	14	1494	15	712	16	312	17	128	18	65	19	23	20	8	21	5
877	1	42	2	352	3	1296	4	3369	5	6916	6	10877	7	14380	8	15382	9	14565	10	12053	11	8573	12	5688	13	3293	14	1673	15	845	16	411	17	164	18	80	19	23	20	12	21	4	22	1	23	1
878	1	40	2	323	3	1214	4	3141	5	6337	6	10295	7	13467	8	15108	9	14635	10	12492	11	8990	12	6158	13	3812	14	2104	15	1037	16	477	17	211	18	97	19	41	20	8	21	9	22	3	23	1
879	1	33	2	261	3	1099	4	2921	5	6067	6	9976	7	13496	8	15284	9	14750	10	12547	11	9372	12	6240	13	3809	14	2133	15	1064	16	521	17	238	18	109	19	43	20	23	21	6	22	4	23	2	25	1	26	1
880	1	46	2	289	3	981	4	2743	5	5589	6	9270	7	12760	8	14573	9	14681	10	12981	11	10013	12	6916	13	4385	14	2393	15	1239	16	621	17	305	18	132	19	52	20	20	21	8	22	3
881	1	27	2	214	3	820	4	2406	5	4926	6	8849	7	12277	8	14837	9	14822	10	13315	11	10262	12	7326	13	4584	14	2652	15	1395	16	683	17	349	18	154	19	54	20	26	21	13	22	7	23	1	24	1
882	1	35	2	205	3	878	4	2315	5	4861	6	8613	7	12035	8	14219	9	14848	10	13391	11	10401	12	7569	13	4739	14	2920	15	1570	16	760	17	371	18	161	19	73	20	19	21	6	22	6	23	3	24	1	26	1
883	1	18	2	145	3	700	4	1976	5	4486	6	7759	7	11395	8	13954	9	14690	10	13679	11	11246	12	8060	13	5171	14	3241	15	1762	16	897	17	486	18	191	19	92	20	35	21	9	22	3	23	2	24	3
884	1	22	2	157	3	660	4	1885	5	3977	6	7333	7	10560	8	13489	9	14535	10	13659	11	11650	12	8660	13	5784	14	3633	15	2002	16	993	17	575	18	256	19	94	20	47	21	21	22	7	25	1
885	1	9	2	100	3	490	4	1517	5	3654	6	6852	7	10221	8	13297	9	14488	10	13947	11	11735	12	9084	13	6158	14	3869	15	2291	16	1187	17	589	18	290	19	121	20	57	21	27	22	11	23	4	24	1	25	1
886	1	21	2	118	3	541	4	1542	5	3450	6	6350	7	9557	8	12509	9	14349	10	13846	11	12181	12	9422	13	6621	14	4229	15	2514	16	1394	17	743	18	324	19	170	20	72	21	25	22	13	23	5	24	1	25	2	26	1
887	1	9	2	68	3	358	4	1210	5	2857	6	5767	7	9062	8	12366	9	14154	10	14192	11	12554	12	9900	13	7216	14	4528	15	2696	16	1556	17	805	18	380	19	179	20	90	21	23	22	17	23	8	24	2	25	2	28	1
888	1	6	2	76	3	391	4	1103	5	2628	6	5154	7	8398	8	11343	9	13648	10	14166	11	12732	12	10452	13	7820	14	5169	15	3196	16	1796	17	990	18	494	19	229	20	115	21	54	22	23	23	7	24	4	25	4	26	2
889	1	21	2	97	3	393	4	1202	5	2798	6	5437	7	8498	8	11611	9	13678	10	13950	11	12592	12	10378	13	7609	14	5162	15	3074	16	1754	17	933	18	459	19	210	20	80	21	44	22	13	23	5	24	1	25	1
890	1	21	2	100	3	366	4	1125	5	2664	6	4889	7	7944	8	10938	9	13082	10	13749	11	13027	12	10955	13	7894	14	5500	15	3549	16	2045	17	1130	18	525	19	288	20	120	21	60	22	16	23	6	24	5	27	2
891	1	8	2	48	3	271	4	849	5	2024	6	4277	7	7229	8	10210	9	12700	10	13540	11	13205	12	11451	13	8788	14	6211	15	4114	16	2446	17	1310	18	696	19	340	20	154	21	76	22	31	23	14	24	4	25	3	28	1
892	1	10	2	86	3	309	4	917	5	2233	6	4231	7	7069	8	10024	9	12430	10	13755	11	12941	12	11334	13	8985	14	6223	15	4135	16	2499	17	1405	18	730	19	370	20	177	21	79	22	41	23	10	24	6	26	1
893	1	8	2	37	3	184	4	563	5	1555	6	3303	7	5891	8	9004	9	11709	10	13274	11	13527	12	12174	13	9978	14	7253	15	4803	16	3208	17	1731	18	934	19	454	20	237	21	97	22	34	23	26	24	10	25	3	26	1	27	2
894	1	8	2	64	3	247	4	681	5	1675	6	3444	7	5923	8	8710	9	11281	10	12942	11	13270	12	12048	13	10054	14	7443	15	5102	16	3187	17	1887	18	979	19	562	20	288	21	118	22	51	23	21	24	8	25	4	26	1	27	1	28	1
895	1	6	2	31	3	127	4	482	5	1270	6	2885	7	5312	8	8259	9	11062	10	13053	11	13330	12	12409	13	10529	14	7947	15	5471	16	3454	17	2075	18	1156	19	599	20	289	21	137	22	56	23	34	24	16	25	9	26	2
896	1	7	2	29	3	166	4	495	5	1199	6	2495	7	4618	8	7358	9	10211	10	12215	11	13277	12	12608	13	10831	14	8536	15	6148	16	4148	17	2540	18	1483	19	828	20	428	21	194	22	97	23	49	24	19	25	14	26	1	27	2	28	2	30	1	31	1
897	1	2	2	20	3	88	4	356	5	1006	6	2229	7	4293	8	7005	9	9801	10	12139	11	13343	12	12761	13	11250	14	9026	15	6491	16	4251	17	2688	18	1588	19	859	20	414	21	208	22	98	23	43	24	19	25	12	26	6	27	4
898	1	3	2	27	3	130	4	414	5	1018	6	2282	7	4079	8	6562	9	9458	10	11565	11	12770	12	12665	13	11283	14	9256	15	6884	16	4733	17	3001	18	1762	19	1054	20	562	21	289	22	104	23	53	24	31	25	9	26	2	27	2	29	2
899	1	2	2	7	3	61	4	228	5	713	6	1756	7	3412	8	5811	9	8506	10	11222	11	12758	12	13069	13	11953	14	9974	15	7431	16	5146	17	3484	18	2065	19	1119	20	657	21	312	22	168	23	76	24	39	25	15	26	9	27	3	28	4
900	2	18	3	92	4	272	5	821	6	1727	7	3459	8	5678	9	8226	10	10573	11	12255	12	12763	13	11896	14	10060	15	7887	16	5495	17	3656	18	2221	19	1392	20	762	21	368	22	198	23	99	24	52	25	16	26	10	27	4
901	1	1	2	2	3	36	4	161	5	502	6	1311	7	2745	8	4888	9	7362	10	9960	11	11964	12	12871	13	12198	14	10712	15	8478	16	6295	17	4247	18	2674	19	1656	20	933	21	512	22	269	23	120	24	51	25	29	26	12	27	7	28	2	29	1	31	1
902	2	23	3	55	4	212	5	511	6	1248	7	2397	8	4363	9	6765	10	9179	11	11549	12	12523	13	12324	14	11078	15	9080	16	6909	17	4756	18	3054	19	1818	20	1056	21	553	22	274	23	148	24	63	25	35	26	13	27	5	28	6	29	2	31	1
903	2	1	3	30	4	137	5	372	6	966	7	2081	8	4092	9	6489	10	8996	11	11318	12	12594	13	12424	14	11145	15	9539	16	7070	17	5000	18	3242	19	2055	20	1147	21	635	22	338	23	173	24	75	25	40	26	25	27	9	28	5	30	2
904	1	1	2	14	3	56	4	176	5	454	6	1048	7	2176	8	3701	9	6158	10	8469	11	10645	12	11972	13	12152	14	11437	15	9732	16	7469	17	5423	18	3624	19	2348	20	1366	21	781	22	396	23	197	24	107	25	53	26	27	27	8	28	4	29	2	30	3	32	1
905	1	2	2	1	3	16	4	77	5	213	6	687	7	1555	8	3059	9	5282	10	7718	11	10206	12	12030	13	12436	14	11914	15	10243	16	8140	17	5929	18	4103	19	2797	20	1639	21	937	22	510	23	264	24	119	25	60	26	34	27	21	28	3	29	2	30	2	31	1
906	2	10	3	34	4	122	5	312	6	746	7	1532	8	2970	9	4853	10	7112	11	9524	12	11406	13	12157	14	11908	15	10580	16	8408	17	6428	18	4716	19	3030	20	1857	21	1085	22	603	23	308	24	144	25	84	26	40	27	18	28	10	29	1	32	1	33	1
907	1	1	2	1	3	10	4	65	5	202	6	552	7	1205	8	2490	9	4303	10	6698	11	9055	12	10854	13	12261	14	12026	15	11030	16	8999	17	6982	18	4984	19	3423	20	2107	21	1260	22	699	23	407	24	190	25	113	26	43	27	15	28	11	29	9	30	2	31	2	34	1
908	1	2	2	8	3	24	4	89	5	189	6	520	7	1099	8	2085	9	3715	10	5944	11	8078	12	10089	13	11551	14	12001	15	11255	16	9787	17	7759	18	5770	19	3981	20	2490	21	1539	22	919	23	544	24	277	25	143	26	72	27	39	28	15	29	6	30	8	31	1	32	1
909	2	1	3	8	4	32	5	117	6	321	7	782	8	1791	9	3356	10	5459	11	7692	12	9879	13	11393	14	11948	15	11462	16	10178	17	8119	18	6128	19	4423	20	2751	21	1805	22	1083	23	568	24	329	25	190	26	94	27	45	28	25	29	8	30	8	31	2	32	1	33	1	38	1
910	2	4	3	22	4	88	5	252	6	512	7	1109	8	2054	9	3521	10	5517	11	7599	12	9848	13	11270	14	11673	15	11064	16	10003	17	8131	18	6100	19	4262	20	2884	21	1774	22	1082	23	582	24	345	25	154	26	67	27	47	28	21	29	10	30	3	31	1	32	1
911	1	1	2	1	3	8	4	39	5	106	6	326	7	758	8	1729	9	3123	10	5095	11	7432	12	9713	13	11188	14	11866	15	11463	16	10287	17	8315	18	6392	19	4601	20	3037	21	1896	22	1188	23	684	24	353	25	203	26	95	27	55	28	29	29	10	30	2	31	2	32	2	35	1
912	2	6	3	21	4	70	5	167	6	403	7	799	8	1474	9	2726	10	4444	11	6333	12	8672	13	10361	14	11315	15	11500	16	10457	17	9205	18	7288	19	5256	20	3653	21	2442	22	1452	23	879	24	500	25	275	26	151	27	67	28	39	29	29	30	10	31	4	32	2
913	2	1	3	6	4	18	5	85	6	181	7	517	8	1191	9	2277	10	3928	11	5858	12	7927	13	10007	14	11189	15	11593	16	11064	17	9592	18	7827	19	5777	20	4059	21	2803	22	1733	23	1066	24	631	25	324	26	180	27	85	28	48	29	18	30	9	31	2	32	1	33	2	35	1
914	2	4	3	9	4	41	5	105	6	303	7	594	8	1196	9	2217	10	3737	11	5576	12	7745	13	9671	14	11006	15	11453	16	10947	17	9742	18	7988	19	6077	20	4292	21	2886	22	1840	23	1180	24	658	25	355	26	160	27	118	28	45	29	36	30	11	31	6	32	1	35	1
915	2	1	3	3	4	12	5	36	6	148	7	390	8	874	9	1713	10	3240	11	5078	12	7232	13	8944	14	10832	15	11275	16	11266	17	9984	18	8616	19	6829	20	4945	21	3338	22	2133	23	1341	24	826	25	455	26	251	27	121	28	62	29	33	30	10	31	5	32	2	33	4	34	1
916	1	1	2	1	3	14	4	37	5	99	6	244	7	467	8	920	9	1783	10	3012	11	4484	12	6500	13	8544	14	10141	15	11016	16	11214	17	10235	18	8791	19	7186	20	5359	21	3778	22	2511	23	1538	24	946	25	531	26	299	27	176	28	90	29	43	30	19	31	15	32	1	33	2	34	2	37	1
917	3	1	4	8	5	25	6	78	7	215	8	616	9	1324	10	2507	11	3986	12	5980	13	8076	14	9662	15	11018	16	11330	17	10688	18	9333	19	7685	20	5861	21	4276	22	2919	23	1815	24	1147	25	657	26	360	27	195	28	113	29	60	30	35	31	17	32	6	33	5	37	1	38	1
918	3	11	4	19	5	64	6	161	7	321	8	639	9	1166	10	2072	11	3486	12	5319	13	7174	14	9205	15	10409	16	11084	17	10891	18	9630	19	8247	20	6507	21	4856	22	3349	23	2140	24	1376	25	798	26	512	27	258	28	150	29	81	30	37	31	15	32	10	33	9	34	3	36	1
919	3	1	4	2	5	18	6	48	7	177	8	444	9	939	10	1837	11	3150	12	4860	13	7004	14	8808	15	10247	16	11110	17	11099	18	10105	19	8511	20	6873	21	5026	22	3600	23	2435	24	1530	25	958	26	555	27	319	28	173	29	69	30	42	31	29	32	15	33	8	34	3	35	3	36	1	38	1
920	2	3	3	6	4	20	5	56	6	129	7	259	8	498	9	999	10	1691	11	2783	12	4479	13	6375	14	8103	15	9663	16	10732	17	10914	18	10269	19	8786	20	7390	21	5596	22	4164	23	2649	24	1763	25	1131	26	712	27	375	28	222	29	123	30	52	31	25	32	17	33	6	34	6	35	2	36	1	37	1
921	4	3	5	8	6	29	7	103	8	257	9	562	10	1207	11	2151	12	3835	13	5463	14	7529	15	9476	16	10713	17	10964	18	10464	19	9580	20	8175	21	6389	22	4593	23	3117	24	2193	25	1340	26	797	27	480	28	256	29	162	30	67	31	39	32	20	33	15	34	3	35	6	36	2	37	1	41	1
922	2	1	3	2	4	9	5	23	6	88	7	174	8	352	9	627	10	1195	11	2001	12	3320	13	4974	14	6716	15	8523	16	9868	17	10888	18	10521	19	9748	20	8522	21	6861	22	5236	23	3677	24	2552	25	1697	26	1084	27	582	28	364	29	183	30	91	31	55	32	37	33	18	34	6	36	2	37	1	38	2
923	5	6	6	19	7	68	8	175	9	406	10	886	11	1698	12	2976	13	4509	14	6309	15	8093	16	10002	17	10729	18	10830	19	10243	20	8820	21	7174	22	5546	23	4028	24	2877	25	1829	26	1197	27	692	28	374	29	258	30	118	31	63	32	35	33	21	34	12	35	4	36	1	37	1	38	1
924	1	1	2	2	3	6	4	13	5	35	6	73	7	159	8	328	9	600	10	1081	11	1850	12	2978	13	4489	14	6509	15	8051	16	9605	17	10437	18	10608	19	9974	20	8857	21	7230	22	5615	23	4076	24	2784	25	1848	26	1194	27	704	28	398	29	233	30	137	31	48	32	41	33	16	34	10	35	6	38	3	39	1
925	4	1	5	2	6	11	7	41	8	143	9	329	10	733	11	1376	12	2451	13	3957	14	5509	15	7398	16	9045	17	10238	18	10713	19	10382	20	9212	21	7866	22	6524	23	4751	24	3448	25	2251	26	1469	27	943	28	524	29	339	30	152	31	81	32	59	33	28	34	14	35	5	36	1	37	1	39	2	44	1
926	2	2	3	2	4	3	5	23	6	45	7	105	8	226	9	426	10	692	11	1209	12	2013	13	3180	14	4698	15	6269	16	8456	17	9737	18	10353	19	10574	20	9804	21	8354	22	7006	23	5482	24	3938	25	2761	26	1821	27	1142	28	747	29	428	30	239	31	109	32	69	33	43	34	27	35	12	36	1	37	3	38	1
927	5	2	6	6	7	22	8	78	9	203	10	491	11	1005	12	1800	13	2843	14	4579	15	6360	16	8086	17	9547	18	10373	19	10527	20	9945	21	8883	22	7310	23	5759	24	4186	25	2876	26	2033	27	1264	28	790	29	486	30	253	31	142	32	81	33	33	34	15	35	15	36	3	37	2	40	2
928	2	1	3	2	4	6	5	21	6	51	7	72	8	155	9	307	10	558	11	937	12	1544	13	2530	14	3873	15	5432	16	7237	17	8661	18	9832	19	10326	20	10250	21	9224	22	7931	23	6262	24	4750	25	3540	26	2492	27	1638	28	1006	29	576	30	320	31	220	32	107	33	67	34	32	35	21	36	11	37	3	38	5
929	5	1	6	5	7	10	8	45	9	126	10	274	11	643	12	1205	13	2133	14	3543	15	5099	16	6861	17	8485	18	9875	19	10384	20	10209	21	9626	22	8320	23	6794	24	5187	25	3802	26	2670	27	1857	28	1140	29	704	30	468	31	249	32	128	33	79	34	46	35	20	36	9	37	1	38	2
930	3	2	4	4	5	13	6	40	7	56	8	110	9	230	10	394	11	628	12	1194	13	1979	14	2990	15	4449	16	6181	17	7748	18	9059	19	9991	20	10142	21	9854	22	8569	23	7407	24	5813	25	4362	26	3190	27	2128	28	1394	29	858	30	527	31	301	32	172	33	92	34	58	35	28	36	17	37	11	38	6	39	3
931	6	2	7	6	8	31	9	66	10	149	11	370	12	789	13	1459	14	2532	15	3902	16	5513	17	7221	18	8911	19	9930	20	10245	21	9986	22	9220	23	7848	24	6501	25	4981	26	3552	27	2489	28	1662	29	1055	30	625	31	396	32	256	33	127	34	83	35	39	36	29	37	14	38	8	39	1	40	1	41	1
932	3	1	4	7	5	16	6	26	7	52	8	109	9	161	10	271	11	484	12	836	13	1444	14	2218	15	3342	16	4923	17	6501	18	7976	19	9155	20	9812	21	9979	22	9582	23	8345	24	7090	25	5515	26	4069	27	2916	28	2008	29	1266	30	761	31	511	32	281	33	163	34	88	35	49	36	22	37	9	38	6	39	2	40	2	42	1	44	1
933	6	1	7	7	8	14	9	41	10	113	11	247	12	546	13	987	14	1783	15	2895	16	4393	17	6095	18	7758	19	9156	20	9931	21	10097	22	9709	23	8866	24	7469	25	5904	26	4574	27	3262	28	2276	29	1512	30	919	31	618	32	373	33	210	34	125	35	56	36	35	37	15	38	6	39	5	40	1	41	1
934	4	2	5	3	6	19	7	43	8	90	9	172	10	253	11	430	12	689	13	1112	14	1835	15	2869	16	4172	17	5679	18	7357	19	8645	20	9565	21	9966	22	9696	23	8851	24	7617	25	6049	26	4694	27	3537	28	2398	29	1634	30	1062	31	661	32	393	33	205	34	131	35	80	36	43	37	23	38	8	39	8	40	2	41	4	43	1	44	1	45	1
935	7	2	8	9	9	34	10	54	11	198	12	341	13	740	14	1387	15	2294	16	3491	17	5078	18	6668	19	8120	20	9469	21	9915	22	9991	23	9212	24	8172	25	6882	26	5427	27	4105	28	2919	29	2056	30	1376	31	801	32	555	33	310	34	178	35	99	36	63	37	27	38	9	39	11	40	5	42	1	44	1
936	4	3	5	9	6	27	7	40	8	74	9	118	10	212	11	352	12	561	13	867	14	1402	15	2195	16	3251	17	4816	18	6245	19	7809	20	8894	21	9583	22	9724	23	9357	24	8504	25	7019	26	5461	27	4297	28	3232	29	2146	30	1442	31	927	32	585	33	374	34	220	35	128	36	48	37	36	38	21	39	13	40	4	41	2	42	1	43	1
937	6	1	8	4	9	11	10	37	11	111	12	249	13	474	14	954	15	1740	16	2728	17	4049	18	5557	19	7087	20	8690	21	9622	22	10057	23	9729	24	8818	25	7751	26	6172	27	5044	28	3723	29	2599	30	1788	31	1209	32	731	33	425	34	294	35	140	36	100	37	46	38	31	39	18	40	4	41	4	45	3
938	5	1	6	6	7	22	8	56	9	93	10	147	11	223	12	374	13	486	14	835	15	1356	16	2157	17	3297	18	4818	19	6345	20	7714	21	8995	22	9606	23	9676	24	9377	25	8352	26	6891	27	5580	28	4303	29	3184	30	2251	31	1506	32	929	33	599	34	339	35	195	36	140	37	62	38	32	39	31	40	8	41	5	42	4	43	1	44	4
939	8	6	9	7	10	18	11	59	12	155	13	293	14	660	15	1150	16	1941	17	2952	18	4423	19	5972	20	7675	21	8790	22	9574	23	9719	24	9396	25	8548	26	7475	27	5994	28	4634	29	3599	30	2500	31	1651	32	1074	33	715	34	416	35	267	36	137	37	92	38	48	39	30	40	10	41	10	42	5	43	2	44	1	45	1	46	1
940	3	1	4	1	6	10	7	18	8	46	9	60	10	119	11	169	12	266	13	447	14	643	15	1015	16	1620	17	2538	18	3799	19	5054	20	6508	21	7879	22	9056	23	9418	24	9423	25	9093	26	7871	27	6784	28	5433	29	4053	30	2985	31	2052	32	1361	33	922	34	589	35	314	36	203	37	109	38	63	39	38	40	20	41	9	42	6	43	2	44	3
941	8	1	9	2	10	8	11	30	12	59	13	179	14	316	15	679	16	1248	17	2062	18	3090	19	4537	20	6008	21	7576	22	8844	23	9497	24	9665	25	9219	26	8454	27	7271	28	5966	29	4726	30	3506	31	2475	32	1688	33	1115	34	727	35	455	36	239	37	168	38	96	39	49	40	21	41	11	42	4	43	3	44	2	45	2	47	2
942	5	1	6	6	7	12	8	32	9	60	10	99	11	161	12	185	13	330	14	469	15	717	16	1214	17	1870	18	2874	19	4109	20	5517	21	7140	22	8351	23	9212	24	9623	25	9315	26	8570	27	7524	28	6335	29	4939	30	3631	31	2681	32	1816	33	1195	34	803	35	483	36	308	37	172	38	108	39	64	40	31	41	21	42	10	43	7	44	2	45	2	46	1
943	10	4	11	18	12	37	13	112	14	235	15	444	16	934	17	1478	18	2304	19	3499	20	4883	21	6384	22	7735	23	8786	24	9490	25	9585	26	8995	27	8224	28	6973	29	5680	30	4323	31	3216	32	2342	33	1639	34	1032	35	647	36	390	37	260	38	137	39	99	40	64	41	21	42	16	43	8	44	6
944	3	1	5	11	6	7	7	9	8	24	9	41	10	86	11	113	12	163	13	232	14	371	15	555	16	845	17	1296	18	2037	19	2949	20	4193	21	5697	22	7265	23	8346	24	9156	25	9297	26	9063	27	8388	28	7344	29	6081	30	4856	31	3684	32	2698	33	1934	34	1241	35	771	36	511	37	311	38	181	39	110	40	55	41	33	42	23	43	8	44	9	45	2	46	1	47	2
945	8	1	9	1	10	4	11	9	12	22	13	70	14	137	15	283	16	581	17	1022	18	1687	19	2625	20	3775	21	5287	22	6542	23	7953	24	8852	25	9493	26	9320	27	8908	28	7739	29	6707	30	5372	31	4202	32	2950	33	2298	34	1542	35	979	36	624	37	421	38	253	39	137	40	88	41	57	42	35	43	6	44	9	45	4	46	1	47	3	48	1
946	6	1	7	6	8	16	9	25	10	54	11	88	12	146	13	194	14	256	15	406	16	579	17	845	18	1413	19	2045	20	3223	21	4452	22	5793	23	7348	24	8308	25	8966	26	9218	27	9047	28	8263	29	7234	30	6068	31	4696	32	3518	33	2472	34	1864	35	1299	36	831	37	510	38	353	39	192	40	128	41	61	42	36	43	20	44	14	45	7	46	1	47	1	48	1	49	1	52	1
947	7	1	9	2	11	5	12	14	13	38	14	77	15	170	16	372	17	665	18	1131	19	1947	20	2983	21	4118	22	5537	23	6803	24	8172	25	8820	26	9353	27	9171	28	8631	29	7643	30	6481	31	5026	32	4048	33	2872	34	2083	35	1384	36	983	37	593	38	347	39	237	40	125	41	63	42	43	43	26	44	16	45	13	46	3	47	2	48	1	50	1
948	3	1	4	1	6	3	7	12	8	12	9	16	10	54	11	69	12	138	13	186	14	211	15	331	16	485	17	728	18	1104	19	1732	20	2578	21	3705	22	4973	23	6397	24	7692	25	8524	26	8952	27	9078	28	8758	29	7907	30	6652	31	5446	32	4202	33	3211	34	2325	35	1633	36	1048	37	702	38	439	39	283	40	182	41	100	42	57	43	34	44	18	45	13	46	3	47	2	48	1	49	2
949	10	1	12	3	13	14	14	30	15	85	16	200	17	378	18	711	19	1180	20	1878	21	2907	22	4150	23	5529	24	6898	25	8157	26	9020	27	9100	28	9191	29	8549	30	7446	31	6276	32	5157	33	4116	34	2872	35	2080	36	1447	37	996	38	619	39	393	40	234	41	155	42	102	43	63	44	30	45	13	46	10	47	4	48	4	50	1	51	1
950	6	1	7	3	8	7	9	20	10	33	11	71	12	111	13	144	14	191	15	257	16	284	17	434	18	641	19	1036	20	1606	21	2480	22	3636	23	4849	24	6137	25	7564	26	8445	27	8841	28	9182	29	8765	30	8053	31	6761	32	5707	33	4319	34	3315	35	2378	36	1672	37	1112	38	720	39	507	40	286	41	171	42	106	43	75	44	35	45	21	46	15	47	3	48	2	49	2	50	2
951	11	2	12	4	13	8	14	16	15	55	16	126	17	199	18	479	19	789	20	1362	21	2085	22	3131	23	4369	24	5814	25	6949	26	8119	27	8885	28	9293	29	8894	30	8230	31	7266	32	6140	33	4932	34	3871	35	2929	36	2053	37	1380	38	1002	39	640	40	394	41	239	42	145	43	76	44	53	45	40	46	18	47	6	48	4	49	2	52	1
952	6	3	7	9	8	15	9	16	10	27	11	49	12	73	13	100	14	162	15	214	16	271	17	339	18	505	19	754	20	1188	21	1818	22	2731	23	3821	24	5125	25	6452	26	7340	27	8394	28	8799	29	8941	30	8479	31	7713	32	6465	33	5495	34	4312	35	3271	36	2392	37	1616	38	1183	39	674	40	483	41	313	42	199	43	109	44	68	45	45	46	21	47	8	48	2	49	4	50	2
953	12	1	13	4	14	6	15	27	16	63	17	143	18	261	19	463	20	865	21	1403	22	2175	23	3221	24	4505	25	5653	26	6999	27	8145	28	8845	29	8889	30	8986	31	8187	32	7144	33	6046	34	5035	35	3967	36	2818	37	2016	38	1469	39	1003	40	664	41	387	42	249	43	145	44	100	45	52	46	39	47	12	48	6	49	4	50	1	51	1	52	1
954	7	1	8	6	9	11	10	13	11	35	12	61	13	95	14	140	15	152	16	217	17	275	18	328	19	439	20	697	21	1090	22	1740	23	2605	24	3651	25	5115	26	6313	27	7536	28	8376	29	8908	30	8856	31	8464	32	7659	33	6619	34	5607	35	4323	36	3268	37	2401	38	1729	39	1212	40	761	41	522	42	293	43	176	44	137	45	70	46	43	47	19	48	15	49	11	50	3	51	2	52	4	53	1	54	1
955	13	2	14	2	15	7	16	23	17	66	18	134	19	282	20	485	21	880	22	1450	23	2205	24	3132	25	4451	26	5621	27	7002	28	8116	29	8594	30	8999	31	8642	32	8343	33	7174	34	6142	35	5028	36	3855	37	2980	38	2157	39	1476	40	1018	41	656	42	421	43	252	44	165	45	107	46	59	47	33	48	17	49	12	50	6	51	3	52	3
956	6	2	7	5	8	6	9	8	10	14	11	25	12	54	13	63	14	103	15	158	16	193	17	203	18	233	19	351	20	558	21	791	22	1199	23	1855	24	2691	25	3704	26	4905	27	6144	28	7212	29	8103	30	8630	31	8736	32	8439	33	7517	34	6769	35	5506	36	4386	37	3401	38	2496	39	1787	40	1312	41	919	42	592	43	345	44	238	45	146	46	89	47	51	48	29	49	19	50	6	51	3	52	2	53	1	54	1
957	13	3	14	3	15	11	16	19	17	40	18	91	19	157	20	354	21	588	22	1037	23	1689	24	2350	25	3362	26	4637	27	5751	28	7086	29	8098	30	8586	31	8729	32	8610	33	7815	34	7095	35	6069	36	4757	37	3847	38	2894	39	2045	40	1514	41	980	42	680	43	438	44	280	45	156	46	124	47	43	48	29	49	16	50	6	51	8	53	2	54	1
958	9	8	10	9	11	14	12	32	13	59	14	82	15	115	16	164	17	162	18	212	19	252	20	327	21	478	22	705	23	1197	24	1663	25	2654	26	3605	27	4873	28	6124	29	7067	30	8152	31	8562	32	8686	33	8328	34	7701	35	6861	36	5688	37	4570	38	3461	39	2589	40	1884	41	1289	42	891	43	544	44	364	45	254	46	131	47	96	48	57	49	48	50	17	51	10	52	8	53	5	55	1	59	1
959	11	1	13	1	14	2	15	3	16	10	17	16	18	40	19	87	20	174	21	345	22	602	23	998	24	1575	25	2306	26	3268	27	4486	28	5752	29	6788	30	7687	31	8539	32	8551	33	8617	34	8020	35	7159	36	6241	37	4986	38	3923	39	3012	40	2200	41	1501	42	1122	43	763	44	441	45	315	46	183	47	120	48	76	49	46	50	22	51	9	52	6	53	4	54	1	55	2
960	5	1	7	2	8	5	9	8	10	11	11	11	12	40	13	51	14	71	15	86	16	140	17	146	18	211	19	241	20	277	21	358	22	507	23	802	24	1238	25	1736	26	2609	27	3611	28	4846	29	6030	30	6953	31	7791	32	8358	33	8553	34	8182	35	7592	36	6485	37	5800	38	4667	39	3622	40	2704	41	2016	42	1432	43	1019	44	637	45	409	46	272	47	190	48	111	49	58	50	43	51	28	52	13	53	13	54	5	55	4	56	2	58	1	60	1	62	1
961	16	2	17	9	18	17	19	41	20	103	21	171	22	333	23	591	24	978	25	1481	26	2182	27	3145	28	4110	29	5482	30	6635	31	7635	32	8183	33	8620	34	8401	35	8071	36	7197	37	6244	38	5257	39	4183	40	3179	41	2465	42	1716	43	1288	44	823	45	554	46	341	47	214	48	141	49	89	50	39	51	38	52	17	53	13	54	6	55	2	56	2	57	1	59	1
962	7	1	9	2	10	3	11	6	12	19	13	31	14	73	15	93	16	147	17	150	18	181	19	203	20	209	21	243	22	296	23	441	24	726	25	1192	26	1752	27	2590	28	3637	29	4857	30	6054	31	6891	32	7873	33	8512	34	8635	35	8096	36	7588	37	6604	38	5635	39	4754	40	3624	41	2677	42	2005	43	1392	44	1003	45	660	46	420	47	295	48	177	49	95	50	58	51	39	52	24	53	15	54	12	55	3	56	3	57	3	58	1
963	14	1	15	1	16	2	17	8	18	19	19	23	20	42	21	110	22	201	23	374	24	639	25	1030	26	1594	27	2293	28	3198	29	4262	30	5513	31	6622	32	7490	33	8150	34	8548	35	8422	36	7836	37	7028	38	6288	39	5248	40	4075	41	3189	42	2485	43	1722	44	1207	45	879	46	567	47	369	48	218	49	130	50	95	51	48	52	37	53	18	54	8	55	2	56	4	57	5
964	7	3	8	4	9	5	10	8	11	9	12	11	13	24	14	36	15	74	16	103	17	107	18	172	19	180	20	198	21	227	22	273	23	363	24	540	25	761	26	1175	27	1850	28	2540	29	3569	30	4499	31	5626	32	6882	33	7512	34	7980	35	8320	36	8166	37	7651	38	6832	39	5798	40	4752	41	3804	42	2952	43	2194	44	1573	45	1065	46	754	47	504	48	366	49	220	50	131	51	75	52	47	53	29	54	11	55	9	56	7	57	6	58	2	62	1
965	14	1	16	2	17	4	18	9	19	17	20	24	21	54	22	120	23	186	24	343	25	601	26	951	27	1469	28	2148	29	2966	30	4149	31	5243	32	6367	33	7373	34	8019	35	8342	36	8351	37	7983	38	7253	39	6252	40	5394	41	4359	42	3450	43	2584	44	1909	45	1342	46	929	47	623	48	449	49	291	50	177	51	111	52	69	53	33	54	25	55	14	56	9	57	3	58	1	61	1
966	9	2	10	5	11	7	12	9	13	19	14	46	15	61	16	90	17	126	18	144	19	187	20	173	21	174	22	193	23	235	24	284	25	425	26	654	27	1086	28	1660	29	2478	30	3342	31	4494	32	5477	33	6602	34	7707	35	8115	36	8161	37	8342	38	7726	39	6927	40	5868	41	4957	42	3937	43	3000	44	2174	45	1670	46	1172	47	797	48	533	49	367	50	227	51	121	52	83	53	57	54	41	55	17	56	11	57	9	58	5	59	1	60	1	62	1
967	16	1	17	1	18	2	19	7	20	15	21	26	22	51	23	102	24	191	25	316	26	547	27	893	28	1362	29	2116	30	2711	31	3793	32	4804	33	6074	34	7023	35	7696	36	8118	37	8340	38	7929	39	7579	40	6595	41	5587	42	4663	43	3759	44	2877	45	2116	46	1619	47	1027	48	721	49	482	50	333	51	206	52	136	53	82	54	50	55	25	56	9	57	4	58	7	59	1	60	1	61	1	62	1	63	1
968	2	1	8	1	9	6	10	9	11	12	12	7	13	13	14	26	15	40	16	72	17	107	18	145	19	142	20	178	21	189	22	207	23	209	24	263	25	337	26	493	27	740	28	1252	29	1716	30	2330	31	3288	32	4324	33	5366	34	6459	35	7332	36	7740	37	8060	38	8045	39	7721	40	6797	41	6026	42	4988	43	4051	44	3202	45	2428	46	1818	47	1290	48	883	49	600	50	425	51	245	52	157	53	97	54	73	55	30	56	23	57	19	58	3	59	7	60	4	61	2	63	1	64	1
969	18	3	19	1	20	7	21	21	22	30	23	56	24	105	25	178	26	361	27	532	28	906	29	1408	30	2039	31	2772	32	3848	33	4799	34	5905	35	6821	36	7535	37	8093	38	8197	39	8013	40	7336	41	6714	42	5678	43	4736	44	3770	45	3038	46	2178	47	1564	48	1164	49	769	50	524	51	349	52	201	53	125	54	86	55	59	56	43	57	16	58	8	59	3	60	4	61	2	62	3
970	12	4	13	7	14	14	15	34	16	35	17	74	18	108	19	148	20	165	21	145	22	161	23	188	24	183	25	143	26	260	27	324	28	534	29	832	30	1303	31	2030	32	2895	33	4017	34	4950	35	6099	36	7044	37	7879	38	8257	39	8146	40	7845	41	7236	42	6395	43	5419	44	4392	45	3629	46	2774	47	2044	48	1366	49	985	50	697	51	423	52	299	53	199	54	119	55	82	56	48	57	35	58	18	59	5	60	7	61	2	62	1	63	1
971	18	1	19	2	20	6	21	9	22	15	23	37	24	58	25	98	26	198	27	295	28	502	29	813	30	1205	31	1826	32	2505	33	3476	34	4402	35	5508	36	6504	37	7259	38	7922	39	8071	40	7911	41	7693	42	6839	43	6039	44	5007	45	4132	46	3290	47	2548	48	1826	49	1305	50	866	51	665	52	439	53	270	54	171	55	127	56	71	57	30	58	25	59	17	60	6	61	1	62	3	63	5	64	1	66	1
972	5	1	6	1	8	2	9	3	10	5	11	9	12	7	13	6	14	16	15	22	16	31	17	48	18	70	19	97	20	122	21	144	22	180	23	184	24	173	25	192	26	223	27	273	28	376	29	617	30	904	31	1408	32	1890	33	2887	34	3701	35	4700	36	5758	37	6629	38	7374	39	7983	40	7969	41	7797	42	7260	43	6562	44	5633	45	4660	46	3773	47	2963	48	2178	49	1644	50	1208	51	807	52	556	53	358	54	210	55	143	56	90	57	55	58	43	59	20	60	14	61	4	62	11	64	2	65	1	66	2	70	1
973	18	1	20	2	21	1	22	9	23	4	24	26	25	55	26	82	27	164	28	261	29	426	30	674	31	1072	32	1513	33	2268	34	3086	35	3995	36	5003	37	6109	38	7136	39	7729	40	8030	41	8189	42	7728	43	7307	44	6222	45	5461	46	4508	47	3530	48	2698	49	1957	50	1506	51	1111	52	743	53	480	54	340	55	234	56	132	57	84	58	54	59	32	60	20	61	8	62	5	63	1	64	1	65	2	66	1
974	13	2	14	5	15	17	16	15	17	48	18	61	19	89	20	127	21	155	22	167	23	152	24	164	25	162	26	129	27	140	28	170	29	271	30	415	31	661	32	1100	33	1634	34	2362	35	3228	36	4221	37	5356	38	6525	39	7097	40	7816	41	8084	42	7944	43	7507	44	6954	45	6004	46	5153	47	4197	48	3349	49	2582	50	1853	51	1345	52	940	53	638	54	430	55	259	56	185	57	120	58	72	59	42	60	16	61	16	62	10	63	1	64	3	65	3	66	3	68	1
975	18	1	21	2	22	9	23	9	24	19	25	36	26	69	27	91	28	198	29	259	30	467	31	659	32	1057	33	1515	34	2198	35	2944	36	3735	37	4756	38	5862	39	6578	40	7561	41	7818	42	8062	43	7679	44	7092	45	6570	46	5719	47	4744	48	3772	49	2957	50	2276	51	1645	52	1178	53	833	54	580	55	378	56	261	57	163	58	97	59	65	60	31	61	29	62	12	63	3	64	9	65	1	66	1
976	9	2	11	2	12	6	13	2	14	8	15	9	16	20	17	23	18	54	19	62	20	85	21	137	22	160	23	169	24	175	25	151	26	176	27	201	28	196	29	267	30	318	31	489	32	758	33	1130	34	1567	35	2244	36	3002	37	3902	38	4980	39	5889	40	6595	41	7282	42	7889	43	7784	44	7740	45	6951	46	6208	47	5235	48	4529	49	3646	50	2890	51	2124	52	1538	53	1129	54	793	55	518	56	347	57	238	58	160	59	89	60	56	61	25	62	18	63	10	64	7	65	6	66	5	67	1	68	1	69	1	71	1
977	18	1	21	1	22	3	23	7	24	5	25	22	26	25	27	64	28	87	29	165	30	241	31	374	32	598	33	910	34	1288	35	1878	36	2680	37	3547	38	4430	39	5473	40	6340	41	7276	42	7562	43	7910	44	7906	45	7347	46	6733	47	6079	48	4899	49	4050	50	3314	51	2528	52	1881	53	1387	54	1007	55	684	56	468	57	318	58	182	59	127	60	68	61	49	62	35	63	24	64	10	65	6	66	7	67	2	69	1	70	1
978	12	2	13	3	14	7	15	7	16	13	17	19	18	40	19	51	20	85	21	104	22	122	23	141	24	162	25	147	26	156	27	140	28	129	29	115	30	122	31	202	32	344	33	535	34	826	35	1254	36	1955	37	2552	38	3557	39	4563	40	5564	41	6432	42	7224	43	7739	44	8003	45	7787	46	7280	47	6526	48	5632	49	5026	50	3961	51	3183	52	2404	53	1797	54	1338	55	872	56	634	57	424	58	293	59	214	60	128	61	60	62	47	63	34	64	20	65	9	66	7	67	5	68	3	69	1
979	22	1	23	2	24	1	25	9	26	27	27	28	28	51	29	78	30	118	31	184	32	295	33	470	34	726	35	1038	36	1537	37	2231	38	2938	39	3860	40	4773	41	5733	42	6586	43	7335	44	7711	45	7901	46	7782	47	7177	48	6478	49	5629	50	4718	51	3832	52	3022	53	2211	54	1730	55	1218	56	827	57	641	58	397	59	277	60	155	61	98	62	67	63	42	64	22	65	16	66	10	67	7	68	3	69	6	71	1	76	1
980	9	2	11	4	12	5	13	13	14	5	15	9	16	8	17	19	18	22	19	35	20	57	21	76	22	84	23	124	24	136	25	174	26	168	27	163	28	158	29	179	30	145	31	241	32	275	33	376	34	549	35	824	36	1167	37	1739	38	2403	39	3197	40	4163	41	5034	42	5839	43	6765	44	7329	45	7594	46	7602	47	7304	48	6780	49	6072	50	5200	51	4521	52	3479	53	2802	54	2217	55	1567	56	1104	57	758	58	517	59	349	60	220	61	159	62	87	63	74	64	40	65	20	66	16	67	16	68	8	69	2	70	3	71	1	72	1
981	18	1	21	1	22	2	23	1	24	6	25	9	26	7	27	7	28	36	29	64	30	78	31	133	32	209	33	308	34	498	35	717	36	1025	37	1436	38	2098	39	2824	40	3526	41	4565	42	5449	43	6176	44	6904	45	7405	46	7709	47	7564	48	7236	49	6585	50	5872	51	5099	52	4102	53	3300	54	2604	55	1893	56	1489	57	1027	58	666	59	488	60	328	61	217	62	116	63	89	64	43	65	49	66	17	67	13	68	4	69	2	71	2	72	1
982	11	1	12	1	14	2	16	4	17	10	18	16	19	31	20	39	21	60	22	93	23	102	24	148	25	143	26	164	27	144	28	136	29	135	30	101	31	106	32	110	33	117	34	203	35	343	36	549	37	798	38	1272	39	1855	40	2768	41	3555	42	4484	43	5396	44	6331	45	7006	46	7608	47	7895	48	7606	49	7366	50	6542	51	5900	52	4870	53	3977	54	3137	55	2654	56	1833	57	1395	58	1014	59	681	60	463	61	297	62	194	63	121	64	91	65	58	66	27	67	19	68	10	69	7	70	5	71	3	72	3	73	1
983	20	1	22	1	23	1	24	3	26	6	27	12	28	10	29	33	30	44	31	86	32	135	33	189	34	258	35	399	36	604	37	889	38	1192	39	1753	40	2376	41	3188	42	4017	43	5091	44	5797	45	6562	46	7023	47	7537	48	7598	49	7337	50	6899	51	6163	52	5498	53	4620	54	3733	55	2981	56	2346	57	1701	58	1210	59	926	60	601	61	431	62	278	63	190	64	117	65	65	66	31	67	32	68	12	69	14	70	3	71	5	73	1	75	1
984	6	1	9	1	10	2	11	4	12	2	13	8	14	7	15	6	16	7	17	13	18	18	19	22	20	43	21	60	22	85	23	94	24	107	25	126	26	166	27	166	28	184	29	133	30	133	31	164	32	146	33	169	34	236	35	286	36	462	37	635	38	949	39	1330	40	1900	41	2517	42	3309	43	4060	44	5089	45	5837	46	6729	47	7250	48	7414	49	7525	50	7054	51	6665	52	6009	53	5101	54	4313	55	3529	56	2696	57	2176	58	1574	59	1163	60	797	61	506	62	358	63	239	64	180	65	98	66	48	67	36	68	23	69	23	70	6	71	7	72	4
985	27	2	28	3	29	11	30	24	31	40	32	50	33	67	34	117	35	184	36	291	37	365	38	630	39	895	40	1195	41	1774	42	2378	43	3186	44	4162	45	5191	46	6076	47	6706	48	7384	49	7518	50	7653	51	7376	52	6893	53	6206	54	5323	55	4401	56	3660	57	2764	58	2136	59	1676	60	1126	61	833	62	595	63	393	64	263	65	170	66	103	67	66	68	48	69	21	70	23	71	6	72	8	73	4	74	2	75	1	76	1
986	15	1	16	3	17	1	18	7	19	16	20	22	21	26	22	46	23	74	24	99	25	111	26	130	27	163	28	178	29	133	30	135	31	95	32	89	33	66	34	83	35	103	36	161	37	215	38	351	39	611	40	931	41	1335	42	1799	43	2616	44	3468	45	4324	46	5315	47	6115	48	6770	49	7432	50	7520	51	7618	52	7159	53	6690	54	5984	55	5026	56	4090	57	3383	58	2683	59	2046	60	1431	61	1061	62	741	63	525	64	362	65	241	66	159	67	106	68	61	69	41	70	19	71	14	72	8	73	5	74	1	75	1	76	1
987	25	1	26	1	27	3	28	8	29	10	30	19	31	25	32	29	33	57	34	102	35	146	36	211	37	293	38	396	39	600	40	872	41	1230	42	1638	43	2228	44	2913	45	3719	46	4621	47	5470	48	6243	49	6956	50	7179	51	7498	52	7349	53	6816	54	6578	55	5668	56	4895	57	3906	58	3314	59	2557	60	1875	61	1422	62	1017	63	705	64	497	65	343	66	219	67	141	68	87	69	66	70	29	71	17	72	13	73	10	74	4	75	1	76	2	78	1
988	10	1	12	3	13	3	14	6	15	7	16	6	17	8	18	6	19	6	20	10	21	23	22	28	23	52	24	60	25	87	26	119	27	132	28	151	29	172	30	160	31	148	32	131	33	118	34	116	35	128	36	134	37	234	38	294	39	411	40	580	41	822	42	1207	43	1648	44	2162	45	2803	46	3653	47	4500	48	5339	49	6223	50	6809	51	7273	52	7513	53	7234	54	6914	55	6261	56	5609	57	4876	58	3932	59	3094	60	2427	61	1968	62	1328	63	987	64	692	65	505	66	353	67	217	68	136	69	57	70	43	71	33	72	15	73	15	74	6	75	4	76	5	77	2	83	1
989	22	1	28	3	29	7	30	8	31	15	32	17	33	31	34	53	35	75	36	128	37	167	38	221	39	350	40	477	41	694	42	968	43	1347	44	1858	45	2505	46	3134	47	3978	48	4883	49	5674	50	6492	51	6957	52	7310	53	7388	54	7222	55	6847	56	6011	57	5467	58	4497	59	3807	60	2976	61	2396	62	1826	63	1272	64	952	65	657	66	479	67	323	68	193	69	140	70	76	71	54	72	22	73	21	74	8	75	3	76	6	77	1	78	1	79	1	80	1
990	17	3	18	1	19	8	20	10	21	27	22	37	23	49	24	72	25	95	26	97	27	122	28	150	29	131	30	145	31	138	32	124	33	107	34	89	35	62	36	54	37	60	38	71	39	128	40	207	41	351	42	573	43	807	44	1220	45	1752	46	2405	47	3235	48	4128	49	4947	50	5825	51	6625	52	7007	53	7415	54	7319	55	7100	56	6626	57	6084	58	5297	59	4597	60	3703	61	2947	62	2241	63	1720	64	1327	65	859	66	654	67	420	68	322	69	181	70	104	71	85	72	41	73	35	74	25	75	18	76	8	77	3	78	1	79	2	80	2	81	1	82	1
991	27	2	31	4	32	9	33	13	34	26	35	36	36	56	37	92	38	120	39	188	40	259	41	351	42	468	43	647	44	967	45	1369	46	1814	47	2544	48	3247	49	4086	50	4995	51	5830	52	6625	53	7138	54	7381	55	7497	56	7120	57	6535	58	6050	59	5349	60	4520	61	3675	62	2956	63	2211	64	1768	65	1316	66	877	67	609	68	463	69	264	70	200	71	115	72	65	73	57	74	30	75	22	76	14	77	11	78	5	79	2	80	1	81	1
992	8	1	13	2	14	2	15	8	16	2	17	12	18	4	19	5	20	11	21	11	22	19	23	26	24	45	25	61	26	71	27	104	28	121	29	125	30	161	31	138	32	145	33	150	34	124	35	116	36	103	37	107	38	146	39	177	40	201	41	299	42	404	43	547	44	794	45	1100	46	1339	47	1913	48	2595	49	3303	50	4123	51	4943	52	5680	53	6415	54	6765	55	7197	56	7073	57	7094	58	6501	59	5894	60	5185	61	4350	62	3616	63	2814	64	2179	65	1724	66	1189	67	887	68	649	69	419	70	286	71	176	72	116	73	95	74	53	75	35	76	26	77	10	78	6	79	2	80	4	82	1	86	1
993	28	1	29	1	31	4	32	9	33	10	34	21	35	21	36	45	37	51	38	77	39	118	40	179	41	217	42	341	43	464	44	640	45	839	46	1213	47	1578	48	2173	49	2727	50	3561	51	4317	52	5082	53	5931	54	6487	55	7028	56	7212	57	7193	58	7146	59	6488	60	5826	61	5170	62	4241	63	3419	64	2740	65	2073	66	1582	67	1125	68	837	69	591	70	452	71	258	72	190	73	137	74	57	75	52	76	35	77	18	78	11	79	4	80	3	81	4	83	1
994	17	1	18	2	19	1	20	3	21	10	22	14	23	22	24	36	25	42	26	63	27	87	28	94	29	118	30	137	31	157	32	157	33	120	34	110	35	102	36	97	37	64	38	49	39	44	40	51	41	61	42	92	43	181	44	291	45	437	46	716	47	918	48	1485	49	2041	50	2686	51	3374	52	4243	53	5168	54	6011	55	6573	56	7078	57	7164	58	7372	59	6914	60	6576	61	5772	62	5102	63	4262	64	3540	65	2799	66	2140	67	1624	68	1165	69	821	70	619	71	414	72	273	73	176	74	131	75	74	76	54	77	29	78	18	79	6	80	9	81	6	82	4
995	24	1	30	3	31	2	32	2	33	9	34	8	35	17	36	27	37	44	38	61	39	74	40	121	41	163	42	205	43	297	44	404	45	540	46	677	47	969	48	1249	49	1719	50	2274	51	2780	52	3562	53	4453	54	5181	55	5959	56	6563	57	6933	58	7091	59	7071	60	6808	61	6315	62	5668	63	4941	64	4140	65	3511	66	2727	67	2087	68	1632	69	1161	70	827	71	574	72	434	73	285	74	138	75	106	76	79	77	34	78	38	79	13	80	7	81	5	82	4	83	2	84	1	85	2	86	2
996	12	2	13	2	14	2	15	3	16	7	17	6	18	8	19	3	20	5	21	3	22	8	23	12	24	12	25	27	26	49	27	75	28	85	29	121	30	119	31	134	32	155	33	151	34	150	35	122	36	96	37	84	38	100	39	96	40	89	41	133	42	171	43	187	44	270	45	393	46	492	47	698	48	918	49	1282	50	1646	51	2283	52	2910	53	3466	54	4347	55	5150	56	5779	57	6348	58	6961	59	7072	60	6904	61	6727	62	6295	63	5569	64	4838	65	4141	66	3450	67	2616	68	1980	69	1508	70	1224	71	829	72	573	73	386	74	280	75	146	76	118	77	76	78	37	79	25	80	16	81	10	82	8	83	4	84	4	85	1	86	2	87	1
997	31	1	32	1	33	2	34	6	35	4	36	6	37	15	38	17	39	34	40	51	41	84	42	120	43	155	44	219	45	277	46	391	47	529	48	702	49	942	50	1276	51	1696	52	2267	53	2885	54	3721	55	4361	56	5250	57	5899	58	6587	59	6828	60	7154	61	7160	62	6986	63	6400	64	5746	65	4870	66	4090	67	3402	68	2563	69	2008	70	1571	71	1157	72	835	73	593	74	381	75	262	76	179	77	107	78	85	79	48	80	31	81	13	82	13	83	13	84	3	85	2	86	2
998	16	1	17	1	19	1	20	5	21	1	22	2	23	9	24	14	25	21	26	32	27	34	28	64	29	113	30	105	31	136	32	145	33	118	34	142	35	97	36	118	37	88	38	69	39	56	40	56	41	32	42	45	43	48	44	75	45	102	46	131	47	250	48	376	49	570	50	826	51	1211	52	1677	53	2197	54	2924	55	3681	56	4519	57	5273	58	5915	59	6660	60	6993	61	7208	62	7032	63	6824	64	6255	65	5545	66	4860	67	4065	68	3279	69	2705	70	2084	71	1564	72	1149	73	767	74	585	75	406	76	269	77	188	78	109	79	77	80	28	81	26	82	17	83	9	84	6	85	4	86	1	87	1	88	3	92	1
999	32	1	33	3	34	2	35	9	36	14	37	15	38	24	39	35	40	53	41	74	42	93	43	119	44	154	45	224	46	280	47	350	48	497	49	587	50	784	51	1026	52	1445	53	1818	54	2400	55	2975	56	3750	57	4417	58	5327	59	5921	60	6479	61	6887	62	6982	63	6971	64	6707	65	6206	66	5534	67	4797	68	4033	69	3239	70	2681	71	2037	72	1574	73	1130	74	777	75	519	76	370	77	233	78	177	79	107	80	60	81	36	82	24	83	19	84	10	85	4	86	6	87	2	88	2
1000	7	2	11	1	14	1	15	5	16	2	17	7	18	3	19	5	20	1	21	4	22	9	23	8	24	11	25	8	26	23	27	46	28	55	29	67	30	73	31	93	32	130	33	124	34	153	35	144	36	128	37	117	38	121	39	97	40	89	41	83	42	100	43	99	44	111	45	180	46	213	47	291	48	328	49	531	50	623	51	781	52	1052	53	1400	54	1806	55	2395	56	2946	57	3568	58	4349	59	5170	60	5832	61	6582	62	6809	63	6832	64	6858	65	6623	66	6054	67	5334	68	4694	69	3965	70	3344	71	2579	72	1987	73	1500	74	1084	75	773	76	546	77	356	78	271	79	161	80	88	81	81	82	35	83	16	84	19	85	10	86	6	87	3	88	1	89	4
