1	1	100000
2	1	100000
3	1	100000
4	1	100000
5	1	100000
6	1	100000
7	1	100000
8	1	100000
9	1	100000
10	1	100000
11	1	100000
12	1	100000
13	1	100000
14	1	100000
15	1	100000
16	1	100000
17	1	100000
18	1	100000
19	1	100000
20	1	100000
21	1	100000
22	1	100000
23	1	100000
24	1	100000
25	1	100000
26	1	100000
27	1	100000
28	1	100000
29	1	100000
30	1	100000
31	1	100000
32	1	100000
33	1	100000
34	1	100000
35	1	100000
36	1	100000
37	1	100000
38	1	100000
39	1	100000
40	1	100000
41	1	100000
42	1	99999	2	1
43	1	100000
44	1	99996	2	4
45	1	100000
46	1	100000
47	1	100000
48	1	100000
49	1	100000
50	1	99999	2	1
51	1	100000
52	1	99998	2	2
53	1	100000
54	1	99999	2	1
55	1	100000
56	1	100000
57	1	100000
58	1	99997	2	3
59	1	100000
60	1	99998	2	2
61	1	100000
62	1	99999	2	1
63	1	100000
64	1	100000
65	1	100000
66	1	99998	2	2
67	1	100000
68	1	99998	2	2
69	1	100000
70	1	99999	2	1
71	1	100000
72	1	99997	2	3
73	1	100000
74	1	99998	2	2
75	1	100000
76	1	99996	2	4
77	1	100000
78	1	100000
79	1	100000
80	1	99997	2	3
81	1	100000
82	1	99993	2	7
83	1	100000
84	1	99998	2	2
85	1	100000
86	1	99994	2	6
87	1	100000
88	1	99996	2	4
89	1	100000
90	1	99999	2	1
91	1	100000
92	1	99999	2	1
93	1	100000
94	1	99997	2	3
95	1	100000
96	1	99994	2	6
97	1	100000
98	1	99997	2	3
99	1	100000
100	1	99996	2	4
101	1	100000
102	1	99993	2	7
103	1	100000
104	1	99996	2	4
105	1	100000
106	1	99998	2	2
107	1	100000
108	1	99992	2	8
109	1	100000
110	1	99995	2	5
111	1	100000
112	1	99998	2	2
113	1	100000
114	1	99993	2	7
115	1	100000
116	1	99995	2	5
117	1	100000
118	1	99994	2	6
119	1	100000
120	1	99994	2	6
121	1	100000
122	1	100000
123	1	100000
124	1	99995	2	5
125	1	100000
126	1	99997	2	3
127	1	100000
128	1	99994	2	6
129	1	100000
130	1	99996	2	4
131	1	100000
132	1	99993	2	7
133	1	100000
134	1	99994	2	6
135	1	100000
136	1	99995	2	5
137	1	100000
138	1	99992	2	8
139	1	100000
140	1	99988	2	12
141	1	100000
142	1	99998	2	2
143	1	100000
144	1	99989	2	11
145	1	100000
146	1	99991	2	9
147	1	100000
148	1	99996	2	4
149	1	100000
150	1	99992	2	8
151	1	100000
152	1	99996	2	4
153	1	100000
154	1	99995	2	5
155	1	100000
156	1	99994	2	6
157	1	100000
158	1	99994	2	6
159	1	100000
160	1	99993	2	7
161	1	100000
162	1	99992	2	8
163	1	100000
164	1	99996	2	4
165	1	100000
166	1	99993	2	7
167	1	100000
168	1	99994	2	6
169	1	100000
170	1	99991	2	9
171	1	100000
172	1	99998	2	2
173	1	100000
174	1	99996	2	4
175	1	100000
176	1	99991	2	9
177	1	100000
178	1	99993	2	7
179	1	100000
180	1	99992	2	8
181	1	100000
182	1	99995	2	5
183	1	100000
184	1	99993	2	7
185	1	100000
186	1	99989	2	11
187	1	100000
188	1	99991	2	9
189	1	100000
190	1	99995	2	5
191	1	100000
192	1	99993	2	7
193	1	100000
194	1	99990	2	10
195	1	100000
196	1	99997	2	3
197	1	100000
198	1	99997	2	3
199	1	100000
200	1	99990	2	10
201	1	100000
202	1	99994	2	6
203	1	100000
204	1	99989	2	11
205	1	100000
206	1	99996	2	4
207	1	100000
208	1	99995	2	5
209	1	100000
210	1	99989	2	11
211	1	100000
212	1	99991	2	9
213	1	100000
214	1	99989	2	11
215	1	100000
216	1	99992	2	8
217	1	100000
218	1	99993	2	7
219	1	100000
220	1	99992	2	8
221	1	100000
222	1	99988	2	12
223	1	100000
224	1	99988	2	12
225	1	100000
226	1	99990	2	10
227	1	100000
228	1	99995	2	5
229	1	100000
230	1	99996	2	4
231	1	100000
232	1	99988	2	12
233	1	100000
234	1	99991	2	9
235	1	100000
236	1	99998	2	2
237	1	100000
238	1	99998	2	2
239	1	100000
240	1	99996	2	4
241	1	100000
242	1	99989	2	11
243	1	100000
244	1	99989	2	11
245	1	100000
246	1	99990	2	10
247	1	100000
248	1	99995	2	5
249	1	100000
250	1	99992	2	8
251	1	99993	2	7
252	1	99984	2	16
253	1	99991	2	9
254	1	99988	2	12
255	1	99991	2	9
256	1	99985	2	15
257	1	100000
258	1	99992	2	8
259	1	99996	2	4
260	1	99988	2	12
261	1	99999	2	1
262	1	99989	2	11
263	1	99999	2	1
264	1	99989	2	11
265	1	99998	2	2
266	1	99989	2	11
267	1	99997	2	3
268	1	99988	2	12
269	1	99998	2	2
270	1	99992	2	8
271	1	100000
272	1	99992	2	8
273	1	99999	2	1
274	1	99993	2	7
275	1	99998	2	2
276	1	99995	2	5
277	1	99998	2	2
278	1	99986	2	14
279	1	99999	2	1
280	1	99986	2	14
281	1	100000
282	1	99996	2	4
283	1	99999	2	1
284	1	99995	2	5
285	1	100000
286	1	99996	2	4
287	1	100000
288	1	99994	2	6
289	1	100000
290	1	99978	2	22
291	1	100000
292	1	99989	2	11
293	1	100000
294	1	99990	2	10
295	1	100000
296	1	99990	2	10
297	1	100000
298	1	99991	2	9
299	1	100000
300	1	99990	2	10
301	1	100000
302	1	99987	2	13
303	1	100000
304	1	99987	2	13
305	1	99998	2	2
306	1	99994	2	6
307	1	100000
308	1	99994	2	6
309	1	99999	2	1
310	1	99991	2	9
311	1	100000
312	1	99995	2	5
313	1	99999	2	1
314	1	99989	2	11
315	1	99999	2	1
316	1	99986	2	14
317	1	99999	2	1
318	1	99988	2	12
319	1	99999	2	1
320	1	99986	2	14
321	1	99999	2	1
322	1	99987	2	13
323	1	100000
324	1	99996	2	4
325	1	99999	2	1
326	1	99991	2	9
327	1	99998	2	2
328	1	99988	2	12
329	1	99999	2	1
330	1	99987	2	13
331	1	99999	2	1
332	1	99990	2	10
333	1	99995	2	5
334	1	99981	2	19
335	1	99993	2	7
336	1	99966	2	34
337	1	99995	2	5
338	1	99964	2	36
339	1	99988	2	12
340	1	99973	2	27
341	1	99996	2	4
342	1	99983	2	17
343	1	99997	2	3
344	1	99976	2	24
345	1	99997	2	3
346	1	99978	2	22
347	1	100000
348	1	99981	2	19
349	1	99999	2	1
350	1	99979	2	21
351	1	99999	2	1
352	1	99974	2	26
353	1	99997	2	3
354	1	99975	2	25
355	1	99993	2	7
356	1	99976	2	24
357	1	99999	2	1
358	1	99973	2	27
359	1	99998	2	2
360	1	99944	2	56
361	1	99999	2	1
362	1	99976	2	24
363	1	99996	2	4
364	1	99984	2	16
365	1	99997	2	3
366	1	99976	2	24
367	1	99992	2	8
368	1	99978	2	22
369	1	99995	2	5
370	1	99984	2	16
371	1	99998	2	2
372	1	99975	2	25
373	1	99996	2	4
374	1	99976	2	24
375	1	99997	2	3
376	1	99976	2	24
377	1	99994	2	6
378	1	99973	2	27
379	1	99986	2	14
380	1	99973	2	27
381	1	99996	2	4
382	1	99965	2	35
383	1	99996	2	4
384	1	99976	2	24
385	1	99987	2	13
386	1	99969	2	31
387	1	99991	2	9
388	1	99973	2	27
389	1	99988	2	12
390	1	99968	2	32
391	1	99988	2	12
392	1	99961	2	39
393	1	99988	2	12
394	1	99963	2	37
395	1	99982	2	18
396	1	99953	2	47
397	1	99978	2	22
398	1	99962	2	38
399	1	99980	2	20
400	1	99970	2	30
401	1	99990	2	10
402	1	99962	2	38
403	1	99982	2	18
404	1	99973	2	27
405	1	99983	2	17
406	1	99960	2	40
407	1	99974	2	26
408	1	99964	2	36
409	1	99987	2	13
410	1	99957	2	43
411	1	99978	2	22
412	1	99948	2	52
413	1	99982	2	18
414	1	99951	2	49
415	1	99976	2	24
416	1	99959	2	41
417	1	99970	2	30
418	1	99952	2	48
419	1	99974	2	26
420	1	99946	2	54
421	1	99968	2	31	3	1
422	1	99952	2	48
423	1	99972	2	28
424	1	99935	2	65
425	1	99969	2	31
426	1	99943	2	57
427	1	99965	2	35
428	1	99924	2	76
429	1	99950	2	50
430	1	99932	2	68
431	1	99953	2	47
432	1	99914	2	86
433	1	99956	2	44
434	1	99921	2	78	3	1
435	1	99955	2	45
436	1	99918	2	82
437	1	99965	2	35
438	1	99916	2	84
439	1	99955	2	45
440	1	99933	2	67
441	1	99935	2	65
442	1	99899	2	101
443	1	99920	2	80
444	1	99888	2	112
445	1	99948	2	52
446	1	99922	2	78
447	1	99948	2	52
448	1	99906	2	94
449	1	99923	2	77
450	1	99882	2	118
451	1	99923	2	77
452	1	99910	2	90
453	1	99921	2	79
454	1	99895	2	105
455	1	99898	2	102
456	1	99870	2	130
457	1	99879	2	121
458	1	99877	2	123
459	1	99916	2	84
460	1	99866	2	134
461	1	99882	2	118
462	1	99868	2	131	3	1
463	1	99892	2	108
464	1	99847	2	153
465	1	99895	2	105
466	1	99832	2	168
467	1	99862	2	138
468	1	99805	2	195
469	1	99874	2	126
470	1	99811	2	189
471	1	99843	2	157
472	1	99833	2	167
473	1	99850	2	150
474	1	99787	2	213
475	1	99831	2	168	3	1
476	1	99795	2	205
477	1	99810	2	190
478	1	99789	2	211
479	1	99807	2	192	3	1
480	1	99743	2	257
481	1	99793	2	207
482	1	99777	2	223
483	1	99794	2	206
484	1	99750	2	249	3	1
485	1	99738	2	261	3	1
486	1	99737	2	263
487	1	99740	2	260
488	1	99650	2	348	3	2
489	1	99741	2	259
490	1	99638	2	362
491	1	99717	2	283
492	1	99667	2	333
493	1	99648	2	351	3	1
494	1	99601	2	399
495	1	99643	2	356	3	1
496	1	99545	2	454	3	1
497	1	99616	2	382	3	2
498	1	99539	2	459	3	2
499	1	99542	2	457	3	1
500	1	99638	2	360	3	2
501	1	5105	2	94432	3	462	4	1
502	1	9861	2	89713	3	412	4	14
503	1	14656	2	84930	3	399	4	15
504	1	19186	2	80442	3	344	4	28
505	1	23382	2	76190	3	322	4	106
506	1	27178	2	72500	3	300	4	22
507	1	30885	2	68826	3	253	4	36
508	1	34194	2	65501	3	260	4	45
509	1	37672	2	62025	3	252	4	51
510	1	40971	2	58585	3	305	4	138	6	1
511	1	43734	2	55991	3	230	4	45
512	1	46494	2	53219	3	244	4	43
513	1	49378	2	50361	3	208	4	53
514	1	51733	2	48001	3	221	4	45
515	1	54505	2	45167	3	227	4	101
516	1	57084	2	42591	3	260	4	64	5	1
517	1	58911	2	40833	3	184	4	72
518	1	60986	2	38717	3	230	4	67
519	1	62928	2	36816	3	198	4	58
520	1	65080	2	34559	3	278	4	81	5	2
521	1	66554	2	33213	3	182	4	50	5	1
522	1	68224	2	31493	3	222	4	60	6	1
523	1	69935	2	29799	3	218	4	48
524	1	71557	2	28161	3	244	4	38
525	1	72991	2	26655	3	266	4	88
526	1	74041	2	25658	3	244	4	56	6	1
527	1	75414	2	24273	3	249	4	64
528	1	76623	2	23081	3	244	4	52
529	1	78028	2	21724	3	218	4	30
530	1	78688	2	20971	3	293	4	48
531	1	80200	2	19489	3	267	4	44
532	1	81091	2	18595	3	284	4	30
533	1	82020	2	17687	3	269	4	24
534	1	82830	2	16875	3	251	4	44
535	1	83570	2	16096	3	286	4	47	6	1
536	1	84354	2	15337	3	268	4	39	5	2
537	1	85276	2	14410	3	273	4	40	5	1
538	1	85847	2	13854	3	258	4	40	5	1
539	1	86630	2	13075	3	272	4	23
540	1	87106	2	12501	3	349	4	44
541	1	87807	2	11853	3	315	4	25
542	1	88528	2	11137	3	311	4	24
543	1	88880	2	10784	3	312	4	24
544	1	89303	2	10373	3	299	4	25
545	1	89614	2	9951	3	393	4	42
546	1	90295	2	9380	3	302	4	23
547	1	90776	2	8868	3	330	4	25	5	1
548	1	91221	2	8426	3	317	4	35	5	1
549	1	91599	2	8085	3	292	4	23	5	1
550	1	91810	2	7779	3	381	4	30
551	1	92213	2	7425	3	344	4	18
552	1	92429	2	7261	3	288	4	22
553	1	92772	2	6871	3	338	4	19
554	1	93190	2	6465	3	326	4	18	6	1
555	1	93358	2	6271	3	344	4	26	5	1
556	1	93433	2	6194	3	360	4	13
557	1	93743	2	5920	3	323	4	14
558	1	94054	2	5535	3	395	4	16
559	1	94215	2	5429	3	343	4	13
560	1	94174	2	5411	3	395	4	20
561	1	94721	2	4899	3	371	4	9
562	1	94641	2	4972	3	376	4	10	5	1
563	1	94721	2	4877	3	390	4	12
564	1	94946	2	4680	3	362	4	11	5	1
565	1	94974	2	4603	3	408	4	14	5	1
566	1	95180	2	4459	3	346	4	14	5	1
567	1	95250	2	4370	3	364	4	15	6	1
568	1	95230	2	4337	3	419	4	14
569	1	95437	2	4198	3	353	4	11	5	1
570	1	95143	2	4389	3	450	4	18
571	1	95376	2	4221	3	382	4	19	5	2
572	1	96126	2	3512	3	345	4	16	6	1
573	1	96081	2	3579	3	331	4	9
574	1	96041	2	3572	3	376	4	9	5	2
575	1	95862	2	3751	3	364	4	22	5	1
576	1	95706	2	3869	3	416	4	9
577	1	96017	2	3619	3	352	4	12
578	1	96023	2	3629	3	337	4	11
579	1	96025	2	3601	3	364	4	10
580	1	95918	2	3650	3	413	4	17	5	2
581	1	95961	2	3674	3	355	4	9	5	1
582	1	96117	2	3473	3	393	4	16	5	1
583	1	95942	2	3672	3	367	4	19
584	1	95642	2	3914	3	429	4	14	5	1
585	1	95786	2	3758	3	441	4	15
586	1	95818	2	3758	3	412	4	10	5	2
587	1	95706	2	3875	3	403	4	16
588	1	95558	2	3994	3	431	4	16	5	1
589	1	95916	2	3691	3	384	4	9
590	1	95647	2	3890	3	447	4	14	5	2
591	1	95591	2	3948	3	449	4	11	5	1
592	1	95372	2	4149	3	460	4	19
593	1	95814	2	3821	3	353	4	11	5	1
594	1	95398	2	4169	3	416	4	17
595	1	95314	2	4284	3	387	4	15
596	1	95404	2	4161	3	419	4	14	5	2
597	1	95401	2	4207	3	377	4	15
598	1	95284	2	4241	3	456	4	18	5	1
599	1	95148	2	4399	3	438	4	15
600	1	95009	2	4581	3	395	4	15
601	1	94673	2	4833	3	474	4	20
602	1	94564	2	4970	3	436	4	25	5	4	7	1
603	1	94597	2	4949	3	433	4	20	5	1
604	1	93962	2	5460	3	543	4	32	5	3
605	1	94404	2	5102	3	469	4	25
606	1	94123	2	5387	3	467	4	22	5	1
607	1	94081	2	5374	3	522	4	22	5	1
608	1	93613	2	5834	3	518	4	29	5	6
609	1	94087	2	5399	3	490	4	22	5	2
610	1	93765	2	5677	3	529	4	24	5	5
611	1	93636	2	5822	3	509	4	31	5	2
612	1	93139	2	6315	3	516	4	28	5	2
613	1	93337	2	6087	3	548	4	27	5	1
614	1	93061	2	6339	3	565	4	33	5	2
615	1	92810	2	6540	3	613	4	34	5	3
616	1	92740	2	6598	3	623	4	36	5	3
617	1	92941	2	6425	3	602	4	27	5	4	6	1
618	1	93056	2	6280	3	632	4	31	5	1
619	1	92693	2	6664	3	616	4	27
620	1	92252	2	7069	3	633	4	44	5	2
621	1	92481	2	6849	3	638	4	29	5	3
622	1	92154	2	7097	3	707	4	38	5	3	6	1
623	1	92207	2	7140	3	616	4	36	5	1
624	1	91434	2	7810	3	710	4	43	5	3
625	1	91501	2	7807	3	652	4	39	5	1
626	1	91141	2	8070	3	739	4	48	5	2
627	1	91215	2	8025	3	711	4	46	5	3
628	1	90475	2	8688	3	792	4	42	5	2	6	1
629	1	90717	2	8494	3	749	4	40
630	1	90310	2	8779	3	857	4	52	5	1	6	1
631	1	90054	2	9068	3	820	4	53	5	5
632	1	89779	2	9321	3	834	4	60	5	5	6	1
633	1	89978	2	9135	3	833	4	52	5	2
634	1	89530	2	9552	3	851	4	64	5	3
635	1	89533	2	9563	3	843	4	57	5	3	6	1
636	1	89198	2	9840	3	903	4	55	5	4
637	1	88685	2	10323	3	932	4	56	5	4
638	1	88383	2	10646	3	894	4	73	5	4
639	1	88242	2	10758	3	936	4	59	5	5
640	1	87565	2	11306	3	1044	4	80	5	5
641	1	87892	2	11104	3	940	4	62	5	2
642	1	87623	2	11299	3	997	4	76	5	5
643	1	87478	2	11423	3	1027	4	71	5	1
644	1	86436	2	12271	3	1207	4	80	5	5	6	1
645	1	86633	2	12121	3	1158	4	76	5	12
646	1	86181	2	12495	3	1227	4	88	5	7	6	1	7	1
647	1	86097	2	12540	3	1274	4	85	5	4
648	1	84828	2	13632	3	1439	4	93	5	8
649	1	85810	2	12873	3	1202	4	106	5	9
650	1	84950	2	13602	3	1370	4	72	5	6
651	1	84662	2	13814	3	1396	4	117	5	10	6	1
652	1	84190	2	14184	3	1495	4	122	5	8	6	1
653	1	84299	2	14139	3	1431	4	118	5	13
654	1	83465	2	14835	3	1571	4	120	5	8	6	1
655	1	82910	2	15304	3	1619	4	160	5	5	6	2
656	1	82255	2	15827	3	1745	4	159	5	13	6	1
657	1	82366	2	15743	3	1724	4	159	5	7	6	1
658	1	81809	2	16207	3	1819	4	155	5	10
659	1	81416	2	16453	3	1933	4	187	5	10	6	1
660	1	80008	2	17633	3	2118	4	224	5	14	6	3
661	1	80957	2	16807	3	2030	4	191	5	15
662	1	79332	2	18047	3	2399	4	210	5	11	6	1
663	1	79596	2	17865	3	2305	4	214	5	19	6	1
664	1	77623	2	19360	3	2697	4	292	5	24	6	3	7	1
665	1	77785	2	19380	3	2545	4	269	5	19	6	2
666	1	75857	2	20710	3	3042	4	358	5	30	6	3
667	1	82735	2	15304	3	1795	4	159	5	6	6	1
668	1	81401	2	16427	3	2002	4	151	5	16	6	3
669	1	80453	2	17153	3	2195	4	191	5	8
670	1	80305	2	17218	3	2233	4	221	5	19	6	4
671	1	79647	2	17701	3	2396	4	239	5	15	6	2
672	1	78049	2	18945	3	2702	4	286	5	18
673	1	78291	2	18936	3	2508	4	250	5	13	6	2
674	1	78462	2	18599	3	2648	4	262	5	28	6	1
675	1	77505	2	19257	3	2914	4	303	5	20	6	1
676	1	75809	2	20659	3	3163	4	343	5	23	6	3
677	1	76555	2	20160	3	2961	4	294	5	28	6	2
678	1	76645	2	19990	3	3016	4	320	5	28	6	1
679	1	75755	2	20671	3	3199	4	348	5	23	6	4
680	1	73524	2	22415	3	3577	4	436	5	45	6	3
681	1	74392	2	21664	3	3514	4	385	5	44	6	1
682	1	74362	2	21609	3	3550	4	440	5	34	6	5
683	1	73138	2	22598	3	3739	4	476	5	47	6	2
684	1	71999	2	23332	3	4112	4	516	5	40	6	1
685	1	72245	2	23183	3	4016	4	502	5	50	6	4
686	1	72694	2	22815	3	3943	4	505	5	39	6	4
687	1	71384	2	23851	3	4181	4	532	5	46	6	5	7	1
688	1	69570	2	24779	3	4945	4	631	5	68	6	7
689	1	70408	2	24454	3	4467	4	595	5	71	6	5
690	1	69577	2	24992	3	4733	4	625	5	69	6	3	7	1
691	1	68999	2	25426	3	4821	4	659	5	87	6	8
692	1	68010	2	25911	3	5189	4	819	5	66	6	3	7	1	8	1
693	1	68029	2	25858	3	5254	4	758	5	93	6	6	7	2
694	1	67598	2	26125	3	5420	4	765	5	83	6	7	7	2
695	1	65930	2	27378	3	5741	4	836	5	105	6	8	7	1	8	1
696	1	65935	2	27122	3	5917	4	902	5	116	6	5	7	3
697	1	65222	2	27736	3	6045	4	884	5	98	6	13	7	2
698	1	65955	2	27349	3	5689	4	897	5	94	6	16
699	1	64661	2	28020	3	6239	4	934	5	132	6	12	7	2
700	1	62935	2	28888	3	6915	4	1116	5	134	6	9	7	3
701	1	63074	2	28865	3	6771	4	1138	5	146	6	6
702	1	62847	2	28984	3	6875	4	1117	5	155	6	22
703	1	62102	2	29375	3	7150	4	1219	5	135	6	16	7	2	8	1
704	1	59162	2	31030	3	8059	4	1511	5	212	6	21	7	3	8	2
705	1	60238	2	30387	3	7782	4	1385	5	183	6	21	7	2	8	1	9	1
706	1	61479	2	29583	3	7494	4	1251	5	170	6	18	7	5
707	1	59833	2	30622	3	7966	4	1375	5	172	6	29	7	3
708	1	58355	2	31476	3	8338	4	1566	5	228	6	32	7	4	8	1
709	1	58233	2	31310	3	8586	4	1598	5	244	6	25	7	4
710	1	57955	2	31305	3	8746	4	1728	5	221	6	42	7	3
711	1	56446	2	32281	3	9145	4	1823	5	278	6	24	7	3
712	1	55519	2	32671	3	9556	4	1928	5	285	6	37	7	3	8	1
713	1	55797	2	32336	3	9650	4	1883	5	280	6	49	7	5
714	1	55431	2	32787	3	9491	4	1943	5	298	6	41	7	9
715	1	54015	2	33309	3	10153	4	2154	5	310	6	50	7	6	8	2	9	1
716	1	51828	2	34180	3	11110	4	2387	5	420	6	70	7	5
717	1	53281	2	33577	3	10471	4	2259	5	354	6	53	7	5
718	1	52269	2	33873	3	11082	4	2308	5	410	6	50	7	5	8	3
719	1	51555	2	34184	3	11270	4	2480	5	447	6	57	7	7
720	1	48390	2	35215	3	12616	4	3134	5	543	6	88	7	12	8	1	9	1
721	1	50351	2	34479	3	11966	4	2644	5	488	6	63	7	7	8	1	9	1
722	1	49596	2	34979	3	12088	4	2743	5	493	6	88	7	10	8	3
723	1	48397	2	35327	3	12661	4	2997	5	520	6	86	7	10	8	1	10	1
724	1	47331	2	35615	3	13065	4	3230	5	647	6	94	7	17	8	1
725	1	46014	2	35934	3	13828	4	3438	5	664	6	104	7	17	9	1
726	1	45657	2	36127	3	13863	4	3492	5	733	6	113	7	10	8	4	9	1
727	1	44913	2	36116	3	14340	4	3788	5	729	6	88	7	18	8	8
728	1	45818	2	35683	3	14054	4	3581	5	724	6	116	7	20	8	2	9	1	10	1
729	1	45570	2	35951	3	14064	4	3534	5	745	6	115	7	19	8	2
730	1	44690	2	36151	3	14510	4	3733	5	783	6	116	7	15	8	2
731	1	43982	2	36291	3	14782	4	4005	5	786	6	130	7	19	8	5
732	1	41973	2	36669	3	15773	4	4444	5	929	6	182	7	24	8	5	9	1
733	1	42773	2	36515	3	15314	4	4268	5	936	6	163	7	25	8	6
734	1	41230	2	36905	3	15973	4	4663	5	1000	6	195	7	29	8	2	9	3
735	1	40264	2	37076	3	16463	4	4853	5	1119	6	188	7	32	8	5
736	1	38611	2	37030	3	17387	4	5478	5	1228	6	226	7	37	8	1	9	2
737	1	39676	2	36882	3	17021	4	5005	5	1181	6	197	7	34	8	4
738	1	38693	2	36914	3	17362	4	5502	5	1243	6	231	7	52	8	2	9	1
739	1	37748	2	37235	3	17750	4	5616	5	1330	6	266	7	50	8	3	9	2
740	1	35624	2	37372	3	18890	4	6093	5	1594	6	333	7	79	8	13	9	2
741	1	36370	2	37119	3	18550	4	6114	5	1480	6	302	7	58	8	6	9	1
742	1	35635	2	37210	3	18769	4	6406	5	1578	6	331	7	59	8	11	9	1
743	1	34852	2	37105	3	19272	4	6621	5	1722	6	337	7	74	8	11	9	5	10	1
744	1	33995	2	37142	3	19608	4	6950	5	1807	6	418	7	63	8	13	9	4
745	1	32551	2	37045	3	20375	4	7503	5	2009	6	432	7	69	8	15	9	1
746	1	32616	2	36773	3	20464	4	7567	5	2054	6	434	7	77	8	11	9	3	10	1
747	1	32240	2	36904	3	20721	4	7523	5	2050	6	454	7	92	8	15	10	1
748	1	30416	2	37114	3	21256	4	8223	5	2299	6	546	7	115	8	25	9	5	11	1
749	1	30508	2	36574	3	21642	4	8352	5	2300	6	508	7	98	8	15	9	2	10	1
750	1	29724	2	36690	3	21786	4	8578	5	2483	6	612	7	107	8	18	9	1	10	1
751	1	26607	2	35762	3	23453	4	10047	5	3140	6	810	7	147	8	28	9	6
752	1	25462	2	35546	3	24056	4	10417	5	3392	6	879	7	204	8	40	9	4
753	1	25360	2	35670	3	23952	4	10523	5	3371	6	903	7	182	8	32	9	4	11	2	13	1
754	1	24962	2	35142	3	24105	4	10929	5	3609	6	989	7	207	8	49	9	7	10	1
755	1	24225	2	35021	3	24409	4	11129	5	3857	6	1067	7	225	8	50	9	12	10	5
756	1	23351	2	34657	3	24966	4	11517	5	3984	6	1185	7	276	8	52	9	10	10	1	11	1
757	1	24275	2	34851	3	24596	4	11267	5	3672	6	1040	7	244	8	50	9	4	11	1
758	1	22338	2	34267	3	25242	4	12037	5	4475	6	1255	7	300	8	69	9	11	10	5	11	1
759	1	21738	2	34129	3	25524	4	12384	5	4568	6	1273	7	291	8	70	9	18	10	4	11	1
760	1	21316	2	33377	3	25867	4	12724	5	4802	6	1426	7	385	8	85	9	15	10	3
761	1	21191	2	33318	3	25826	4	12954	5	4818	6	1414	7	375	8	82	9	17	10	5
762	1	20983	2	33189	3	25666	4	13095	5	5066	6	1502	7	389	8	90	9	17	10	2	11	1
763	1	19811	2	32695	3	25947	4	13691	5	5555	6	1700	7	465	8	94	9	31	10	7	11	3	12	1
764	1	19653	2	32352	3	26166	4	13952	5	5519	6	1701	7	508	8	119	9	25	10	4	11	1
765	1	19280	2	32129	3	26444	4	13987	5	5677	6	1893	7	448	8	119	9	21	10	2
766	1	18454	2	31503	3	26567	4	14727	5	6129	6	1937	7	526	8	125	9	23	10	7	11	1	14	1
767	1	17642	2	31060	3	26632	4	15217	5	6430	6	2197	7	627	8	153	9	30	10	11	11	1
768	1	16283	2	30262	3	27093	4	15837	5	7092	6	2432	7	737	8	202	9	51	10	6	11	3	12	1	14	1
769	1	16339	2	29913	3	27036	4	16063	5	7110	6	2541	7	724	8	202	9	55	10	16	11	1
770	1	17003	2	30365	3	26596	4	15869	5	6822	6	2304	7	776	8	195	9	52	10	17	12	1
771	1	16195	2	29782	3	27145	4	16053	5	7230	6	2532	7	788	8	211	9	52	10	8	11	4
772	1	15495	2	29441	3	27069	4	16567	5	7583	6	2750	7	822	8	200	9	54	10	17	11	2
773	1	14839	2	28733	3	27203	4	16985	5	7888	6	3023	7	963	8	284	9	62	10	18	11	1	13	1
774	1	13932	2	27727	3	27606	4	17599	5	8365	6	3266	7	1093	8	300	9	89	10	15	11	6	12	1	13	1
775	1	13679	2	27766	3	27466	4	17753	5	8427	6	3401	7	1074	8	326	9	86	10	17	11	4	12	1
776	1	13607	2	27307	3	27325	4	18028	5	8669	6	3493	7	1150	8	331	9	70	10	16	11	2	14	1	15	1
777	1	12873	2	26455	3	27336	4	18607	5	9216	6	3781	7	1232	8	377	9	94	10	22	11	7
778	1	12894	2	26297	3	27438	4	18599	5	9316	6	3641	7	1268	8	397	9	114	10	29	11	6	12	1
779	1	12200	2	25803	3	27211	4	19054	5	9778	6	3991	7	1384	8	429	9	112	10	30	11	4	12	2	13	2
780	1	11281	2	24893	3	27100	4	19514	5	10467	6	4466	7	1612	8	490	9	139	10	29	11	7	12	1	13	1
781	1	11079	2	24824	3	27142	4	19590	5	10373	6	4632	7	1653	8	503	9	145	10	48	11	10	13	1
782	1	10089	2	23281	3	27043	4	20270	5	11423	6	5104	7	1889	8	665	9	177	10	46	11	8	12	4	13	1
783	1	10339	2	23756	3	27209	4	19989	5	11125	6	4964	7	1810	8	595	9	159	10	37	11	12	12	4	13	1
784	1	9451	2	22234	3	26444	4	20808	5	12192	6	5611	7	2151	8	788	9	221	10	75	11	19	12	6
785	1	9615	2	22604	3	26462	4	20903	5	11784	6	5624	7	2046	8	670	9	208	10	65	11	13	12	4	13	2
786	1	8534	2	21285	3	26188	4	21207	5	12926	6	6246	7	2402	8	842	9	271	10	70	11	21	12	3	13	5
787	1	8563	2	21655	3	26337	4	21294	5	12694	6	5909	7	2362	8	840	9	246	10	78	11	19	12	2	13	1
788	1	7822	2	20341	3	25992	4	21678	5	13439	6	6627	7	2638	8	1021	9	308	10	93	11	30	12	7	13	4
789	1	8012	2	20376	3	26105	4	21677	5	13258	6	6545	7	2626	8	1025	9	275	10	75	11	20	12	4	13	2
790	1	7427	2	19609	3	25274	4	22008	5	14086	6	6991	7	2997	8	1090	9	365	10	116	11	27	12	9	13	1
791	1	6874	2	18921	3	25144	4	22192	5	14514	6	7404	7	3151	8	1272	9	372	10	116	11	28	12	9	14	3
792	1	6424	2	18213	3	24948	4	22341	5	14937	6	7739	7	3359	8	1354	9	494	10	134	11	39	12	16	13	2
793	1	6154	2	17768	3	24820	4	22284	5	15148	6	8122	7	3691	8	1315	9	467	10	174	11	32	12	16	13	6	14	3
794	1	5567	2	16680	3	23914	4	22739	5	15832	6	8840	7	4003	8	1612	9	550	10	177	11	62	12	16	13	6	15	2
795	1	5782	2	16567	3	23679	4	22611	5	15930	6	8999	7	3898	8	1621	9	631	10	187	11	65	12	21	13	4	14	4	15	1
796	1	5239	2	15795	3	23497	4	22526	5	16517	6	9283	7	4394	8	1784	9	635	10	231	11	68	12	19	13	8	14	2	15	2
797	1	4971	2	15168	3	22700	4	22694	5	16859	6	9903	7	4712	8	1872	9	778	10	245	11	78	12	16	13	3	14	1
798	1	4508	2	14109	3	22185	4	22808	5	17279	6	10566	7	5168	8	2088	9	855	10	301	11	91	12	26	13	14	14	2
799	1	4423	2	14209	3	22376	4	22669	5	17296	6	10300	7	5199	8	2246	9	849	10	302	11	85	12	31	13	9	14	3	15	3
800	1	5529	2	13965	3	21886	4	22293	5	17212	6	10471	7	5187	8	2178	9	868	10	282	11	87	12	29	13	13
801	1	6504	2	14654	3	21426	4	21938	5	16862	6	10138	7	5119	8	2139	9	819	10	295	11	67	12	28	13	6	14	4	19	1
802	1	6450	2	14522	3	21312	4	21866	5	16966	6	10177	7	5247	8	2212	9	851	10	277	11	83	12	28	13	7	14	2
803	1	5939	2	14046	3	21001	4	22125	5	17180	6	10631	7	5387	8	2316	9	931	10	296	11	104	12	32	13	8	14	3	17	1
804	1	5611	2	13160	3	20652	4	22065	5	17479	6	11122	7	5790	8	2608	9	1030	10	327	11	106	12	36	13	12	14	2
805	1	4893	2	12403	3	19601	4	22157	5	17943	6	11714	7	6455	8	2982	9	1181	10	437	11	161	12	53	13	13	14	5	15	2
806	1	4831	2	12616	3	19704	4	22001	5	18095	6	11790	7	6256	8	2906	9	1183	10	390	11	152	12	57	13	11	14	5	15	2	16	1
807	1	4300	2	11499	3	18812	4	21571	5	18681	6	12455	7	7160	8	3282	9	1438	10	518	11	202	12	57	13	16	14	7	15	1	22	1
808	1	4082	2	11161	3	18531	4	21761	5	18662	6	12906	7	7026	8	3591	9	1452	10	541	11	194	12	74	13	15	14	4
809	1	3757	2	10914	3	18388	4	21423	5	19057	6	13012	7	7566	8	3554	9	1511	10	552	11	186	12	54	13	18	14	7	16	1
810	1	3432	2	10367	3	17618	4	20961	5	19125	6	13530	7	8099	8	4091	9	1739	10	666	11	260	12	70	13	23	14	15	15	3	17	1
811	1	3151	2	9706	3	16741	4	20894	5	19425	6	14047	7	8697	8	4283	9	1899	10	748	11	267	12	98	13	34	14	9	16	1
812	1	3153	2	9592	3	17110	4	20878	5	19443	6	13964	7	8411	8	4320	9	1898	10	798	11	285	12	117	13	18	14	8	15	5
813	1	2724	2	8578	3	15781	4	20485	5	19752	6	14969	7	9254	8	4885	9	2215	10	860	11	335	12	110	13	34	14	12	15	4	16	2
814	1	2650	2	8425	3	15823	4	20498	5	19631	6	14946	7	9196	8	4898	9	2418	10	953	11	387	12	119	13	35	14	13	15	6	17	1	18	1
815	1	2351	2	8007	3	15312	4	20042	5	19628	6	15422	7	9790	8	5260	9	2550	10	1019	11	419	12	127	13	49	14	19	15	3	16	2
816	1	2209	2	7469	3	14375	4	19531	5	19652	6	15746	7	10425	8	5905	9	2734	10	1210	11	514	12	153	13	56	14	19	15	2
817	1	1899	2	7047	3	14095	4	19444	5	19729	6	16042	7	10583	8	6061	9	2982	10	1313	11	541	12	178	13	58	14	16	15	7	16	4	17	1
818	1	1897	2	6935	3	13923	4	18942	5	19642	6	16274	7	10886	8	6163	9	3068	10	1407	11	550	12	196	13	82	14	19	15	10	16	4	17	2
819	1	1640	2	6057	3	12799	4	18519	5	19727	6	16669	7	11594	8	6814	9	3633	10	1580	11	617	12	232	13	87	14	20	15	9	16	2	17	1
820	1	1593	2	6129	3	12830	4	18061	5	19419	6	16858	7	11627	8	6987	9	3671	10	1670	11	722	12	278	13	107	14	30	15	12	16	3	17	3
821	1	1386	2	5707	3	12243	4	17848	5	19767	6	16921	7	12144	8	7298	9	3832	10	1736	11	676	12	283	13	97	14	35	15	18	16	5	17	3	21	1
822	1	1360	2	5217	3	11524	4	17400	5	19506	6	17176	7	12637	8	7818	9	4064	10	1961	11	844	12	300	13	126	14	43	15	19	16	4	17	1
823	1	1074	2	4748	3	10890	4	16560	5	19247	6	17396	7	13233	8	8394	9	4612	10	2249	11	957	12	412	13	145	14	56	15	12	16	12	18	2	19	1
824	1	1295	2	4803	3	10951	4	16570	5	19044	6	17431	7	13269	8	8137	9	4596	10	2247	11	1013	12	418	13	154	14	39	15	23	16	5	17	3	19	1	20	1
825	1	1013	2	4287	3	10061	4	16021	5	18924	6	17896	7	13698	8	8848	9	4937	10	2476	11	1105	12	462	13	168	14	71	15	19	16	10	17	2	18	2
826	1	885	2	4299	3	9992	4	15965	5	18686	6	17530	7	13789	8	9107	9	5210	10	2565	11	1188	12	510	13	176	14	69	15	16	16	7	17	5	18	1
827	1	823	2	3807	3	9127	4	15138	5	18941	6	18030	7	14224	8	9317	9	5576	10	2899	11	1280	12	509	13	202	14	78	15	33	16	10	17	4	18	2
828	1	807	2	3603	3	8832	4	14611	5	18315	6	17944	7	14605	8	9944	9	5777	10	3056	11	1457	12	627	13	272	14	95	15	37	16	10	17	4	18	2	19	1	20	1
829	1	678	2	3289	3	8298	4	14345	5	18225	6	17952	7	14849	8	10323	9	6156	10	3265	11	1563	12	653	13	268	14	87	15	30	16	12	17	6	18	1
830	1	603	2	3114	3	7953	4	13604	5	17593	6	17839	7	15001	8	10870	9	6671	10	3622	11	1844	12	759	13	318	14	127	15	48	16	25	17	5	18	4
831	1	554	2	2805	3	7290	4	13207	5	17227	6	18130	7	15443	8	11165	9	6909	10	3912	11	1925	12	849	13	372	14	132	15	54	16	19	17	6	18	1
832	1	510	2	2620	3	6959	4	12590	5	16884	6	17948	7	15703	8	11620	9	7387	10	4069	11	2088	12	963	13	394	14	160	15	70	16	28	17	5	18	2
833	1	442	2	2413	3	6437	4	12094	5	16719	6	17958	7	16000	8	11977	9	7582	10	4358	11	2254	12	1034	13	425	14	176	15	78	16	28	17	15	18	6	19	2	20	1	21	1
834	1	405	2	2208	3	6168	4	11332	5	16093	6	17701	7	16178	8	12308	9	8265	10	4753	11	2552	12	1192	13	518	14	213	15	70	16	34	17	6	18	3	19	1
835	1	349	2	1950	3	5601	4	10758	5	15751	6	17645	7	16310	8	12800	9	8747	10	5007	11	2719	12	1359	13	583	14	263	15	106	16	36	17	10	18	4	19	2
836	1	310	2	1818	3	5164	4	10122	5	15154	6	17513	7	16348	8	13250	9	9112	10	5544	11	2988	12	1504	13	713	14	278	15	114	16	40	17	18	18	7	20	2	23	1
837	1	235	2	1564	3	4911	4	9697	5	14663	6	17358	7	16684	8	13527	9	9493	10	5867	11	3178	12	1570	13	747	14	292	15	135	16	53	17	19	18	5	19	2
838	1	250	2	1552	3	4680	4	9448	5	14127	6	16905	7	16520	8	13821	9	9856	10	6146	11	3455	12	1778	13	875	14	364	15	133	16	49	17	26	18	6	19	7	20	2
839	1	187	2	1405	3	4306	4	8809	5	13757	6	17002	7	16928	8	14035	9	10068	10	6470	11	3647	12	1796	13	910	14	409	15	160	16	71	17	25	18	10	19	5
840	1	188	2	1278	3	4003	4	8226	5	13229	6	16367	7	16490	8	14506	9	10730	10	6955	11	4105	12	2090	13	1002	14	486	15	219	16	79	17	31	18	11	19	2	20	2	25	1
841	1	159	2	1187	3	3649	4	8058	5	12901	6	16484	7	16808	8	14557	9	10893	10	7164	11	4097	12	2121	13	1060	14	499	15	234	16	79	17	32	18	13	19	2	20	2	21	1
842	1	144	2	1019	3	3179	4	7060	5	11949	6	15626	7	16666	8	14939	9	11539	10	8033	11	4906	12	2541	13	1318	14	592	15	275	16	122	17	59	18	16	19	12	20	2	21	2	22	1
843	1	152	2	921	3	3217	4	6978	5	12010	6	15746	7	16576	8	14978	9	11776	10	7942	11	4709	12	2639	13	1296	14	631	15	262	16	95	17	44	18	21	19	5	20	1	22	1
844	1	118	2	928	3	2986	4	6848	5	11421	6	15331	7	16678	8	14922	9	12006	10	8310	11	5102	12	2726	13	1456	14	648	15	307	16	127	17	51	18	14	19	15	20	3	21	2	22	1
845	1	102	2	738	3	2710	4	6200	5	10916	6	14810	7	16352	8	15574	9	12466	10	8700	11	5487	12	3076	13	1531	14	751	15	336	16	143	17	62	18	31	19	8	20	1	21	5	22	1
846	1	123	2	703	3	2396	4	5934	5	10265	6	14184	7	16356	8	15472	9	12678	10	9081	11	6000	12	3369	13	1795	14	938	15	416	16	167	17	76	18	28	19	15	20	2	21	2
847	1	79	2	616	3	2159	4	5340	5	9732	6	13959	7	16104	8	15763	9	13007	10	9674	11	6123	12	3774	13	1953	14	940	15	453	16	198	17	84	18	27	19	8	20	2	21	2	22	3
848	1	76	2	539	3	1975	4	4856	5	9028	6	13187	7	15692	8	15488	9	13463	10	10363	11	6823	12	4143	13	2316	14	1156	15	514	16	228	17	90	18	39	19	11	20	4	21	4	22	3	23	1	24	1
849	1	44	2	439	3	1747	4	4489	5	8624	6	12834	7	15570	8	15803	9	13830	10	10496	11	7225	12	4277	13	2345	14	1189	15	609	16	270	17	133	18	40	19	20	20	9	21	4	22	3
850	1	54	2	449	3	1686	4	4383	5	8459	6	12412	7	15196	8	15576	9	13910	10	10759	11	7291	12	4624	13	2637	14	1368	15	674	16	300	17	141	18	52	19	19	20	7	21	1	22	1	24	1
851	1	51	2	361	3	1382	4	3878	5	7654	6	11840	7	14859	8	15600	9	14105	10	11476	11	8117	12	4913	13	2857	14	1503	15	767	16	370	17	154	18	66	19	30	20	10	21	4	22	3
852	1	37	2	342	3	1358	4	3473	5	6983	6	11171	7	14220	8	15467	9	14649	10	11756	11	8338	12	5580	13	3261	14	1719	15	854	16	445	17	198	18	89	19	31	20	15	21	7	22	2	23	4	24	1
853	1	37	2	313	3	1291	4	3329	5	6963	6	11022	7	14201	8	15286	9	14464	10	11789	11	8762	12	5714	13	3280	14	1804	15	891	16	468	17	233	18	86	19	42	20	17	21	5	22	1	23	1	24	1
854	1	43	2	244	3	1177	4	2987	5	6321	6	10256	7	13511	8	15473	9	14675	10	12207	11	9060	12	6313	13	3709	14	2027	15	1084	16	504	17	237	18	95	19	41	20	18	21	12	22	4	23	2
855	1	26	2	188	3	854	4	2575	5	5474	6	9291	7	13114	8	15200	9	15087	10	12919	11	9640	12	6611	13	4204	14	2347	15	1293	16	633	17	285	18	153	19	50	20	36	21	10	22	8	23	2
856	1	28	2	189	3	852	4	2422	5	5128	6	9029	7	12429	8	14648	9	14841	10	13005	11	10315	12	7129	13	4602	14	2623	15	1393	16	739	17	351	18	171	19	58	20	31	21	7	22	6	23	2	24	1	25	1
857	1	18	2	163	3	728	4	2105	5	4879	6	8470	7	12012	8	14560	9	14800	10	13268	11	10633	12	7419	13	4855	14	2871	15	1617	16	857	17	417	18	188	19	66	20	37	21	20	22	11	23	3	24	1	25	1	26	1
858	1	125	2	393	3	1307	4	3020	5	5751	6	9383	7	12667	8	14503	9	14712	10	12553	11	9699	12	6769	13	4369	14	2355	15	1236	16	630	17	284	18	142	19	61	20	29	21	8	22	1	23	1	24	1	25	1
859	1	93	2	336	3	960	4	2565	5	4957	6	8373	7	11532	8	14070	9	14531	10	13220	11	10618	12	7615	13	5005	14	2950	15	1620	16	811	17	370	18	209	19	93	20	44	21	12	22	7	23	6	25	3
860	1	91	2	311	3	967	4	2393	5	4738	6	7906	7	11411	8	13897	9	14560	10	13202	11	10803	12	7865	13	5216	14	3207	15	1782	16	866	17	413	18	213	19	87	20	35	21	22	22	9	23	2	24	4
861	1	70	2	257	3	792	4	2078	5	4116	6	7429	7	10865	8	13316	9	14417	10	13678	11	11369	12	8392	13	5745	14	3493	15	1959	16	1069	17	518	18	244	19	102	20	50	21	21	22	10	23	5	24	4	25	1
862	1	47	2	265	3	749	4	1896	5	3900	6	7008	7	10183	8	12928	9	14246	10	13754	11	11696	12	8779	13	6108	14	3889	15	2271	16	1196	17	555	18	301	19	128	20	54	21	28	22	10	23	5	24	3	26	1
863	1	50	2	226	3	617	4	1596	5	3356	6	6304	7	9316	8	12373	9	13870	10	13842	11	12281	12	9583	13	6695	14	4474	15	2605	16	1396	17	777	18	359	19	139	20	81	21	43	22	8	23	4	24	4	28	1
864	1	41	2	182	3	580	4	1504	5	3330	6	6187	7	9237	8	11991	9	14017	10	13874	11	12212	12	9737	13	6946	14	4551	15	2676	16	1499	17	796	18	340	19	174	20	69	21	29	22	19	23	6	24	2	26	1
865	1	36	2	140	3	491	4	1205	5	2893	6	5344	7	8627	8	11842	9	13789	10	14004	11	12952	12	10138	13	7312	14	4865	15	2909	16	1691	17	921	18	459	19	201	20	99	21	55	22	13	23	6	24	4	25	4
866	1	29	2	154	3	444	4	1254	5	2734	6	4968	7	7942	8	11063	9	13177	10	13787	11	12962	12	10514	13	8001	14	5532	15	3462	16	1923	17	1027	18	566	19	251	20	98	21	64	22	30	23	12	24	5	25	1
867	1	16	2	88	3	337	4	1006	5	2373	6	4704	7	7590	8	10638	9	13203	10	13899	11	13218	12	10966	13	8408	14	5598	15	3531	16	2113	17	1165	18	594	19	288	20	153	21	54	22	31	23	17	24	6	25	2	27	1	30	1
868	1	16	2	114	3	387	4	987	5	2316	6	4412	7	7132	8	9987	9	12475	10	13804	11	13181	12	11219	13	8751	14	6132	15	4060	16	2374	17	1343	18	681	19	359	20	142	21	71	22	29	23	15	24	7	25	3	26	2	28	1
869	1	9	2	74	3	289	4	793	5	1903	6	3859	7	6585	8	9620	9	12336	10	13662	11	13336	12	11601	13	9096	14	6684	15	4374	16	2645	17	1493	18	845	19	399	20	209	21	104	22	46	23	23	24	8	25	5	27	1	28	1
870	1	17	2	80	3	313	4	847	5	1971	6	3777	7	6617	8	9366	9	12006	10	13477	11	13229	12	11680	13	9431	14	6773	15	4436	16	2699	17	1609	18	821	19	444	20	236	21	95	22	43	23	12	24	11	25	7	26	2	29	1
871	1	11	2	63	3	206	4	650	5	1538	6	3279	7	5738	8	8781	9	11493	10	13416	11	13758	12	12105	13	9810	14	7226	15	4912	16	3190	17	1808	18	1014	19	513	20	255	21	130	22	62	23	26	24	9	25	6	26	1
872	1	9	2	65	3	225	4	632	5	1636	6	3072	7	5497	8	8022	9	10950	10	12656	11	13527	12	12234	13	10338	14	7791	15	5404	16	3454	17	2083	18	1175	19	610	20	330	21	166	22	71	23	31	24	11	25	5	26	3	27	2	28	1
873	1	6	2	36	3	161	4	513	5	1243	6	2799	7	5056	8	7844	9	10739	10	12807	11	13496	12	12624	13	10457	14	8014	15	5667	16	3692	17	2252	18	1224	19	668	20	366	21	187	22	87	23	29	24	23	25	5	26	2	27	3
874	1	8	2	42	3	149	4	525	5	1137	6	2537	7	4626	8	7311	9	10065	10	12095	11	13437	12	12557	13	10869	14	8761	15	6120	16	4045	17	2588	18	1504	19	844	20	398	21	188	22	106	23	47	24	20	25	9	26	7	27	2	29	3
875	1	1	2	26	3	127	4	384	5	989	6	2106	7	4230	8	6945	9	9748	10	12174	11	13250	12	12807	13	11265	14	9118	15	6571	16	4364	17	2634	18	1531	19	815	20	448	21	233	22	133	23	63	24	15	25	13	26	6	27	4
876	1	4	2	23	3	113	4	386	5	908	6	2110	7	3970	8	6230	9	9190	10	11490	11	12922	12	12691	13	11589	14	9500	15	6953	16	4842	17	3077	18	1882	19	1004	20	567	21	289	22	137	23	65	24	26	25	15	26	10	27	3	28	3	31	1
877	1	2	2	20	3	73	4	241	5	669	6	1620	7	3233	8	5451	9	8321	10	10869	11	12660	12	12975	13	12070	14	10160	15	7812	16	5476	17	3585	18	2122	19	1260	20	659	21	345	22	201	23	105	24	36	25	17	26	11	27	4	29	3
878	1	2	2	16	3	74	4	268	5	678	6	1602	7	3036	8	5104	9	7683	10	10249	11	12150	12	12775	13	12096	14	10344	15	8287	16	5846	17	4014	18	2564	19	1457	20	854	21	466	22	223	23	112	24	47	25	32	26	14	27	3	28	4
879	2	13	3	44	4	173	5	552	6	1310	7	2737	8	5020	9	7546	10	10114	11	12060	12	12986	13	12076	14	10631	15	8502	16	6260	17	4133	18	2541	19	1506	20	861	21	488	22	222	23	119	24	56	25	30	26	13	27	2	28	2	30	3
880	1	3	2	13	3	73	4	187	5	566	6	1253	7	2546	8	4361	9	6921	10	9535	11	11484	12	12537	13	12145	14	11020	15	8812	16	6726	17	4717	18	2973	19	1911	20	1068	21	577	22	282	23	166	24	73	25	30	26	12	27	7	28	1	31	1
881	2	4	3	42	4	135	5	420	6	1067	7	2242	8	4056	9	6496	10	9154	11	11362	12	12401	13	12327	14	11225	15	9407	16	7009	17	4932	18	3302	19	1931	20	1176	21	615	22	347	23	155	24	114	25	33	26	25	27	10	28	5	29	5	30	2	31	1
882	2	14	3	50	4	153	5	441	6	1110	7	2228	8	3977	9	6304	10	8642	11	11137	12	12351	13	12244	14	11377	15	9263	16	7370	17	5147	18	3320	19	2140	20	1239	21	716	22	386	23	211	24	90	25	42	26	23	27	12	28	9	29	1	30	1	31	2
883	2	2	3	25	4	87	5	303	6	768	7	1782	8	3368	9	5592	10	8193	11	10633	12	12102	13	12593	14	11659	15	9877	16	7799	17	5701	18	3833	19	2440	20	1427	21	884	22	405	23	269	24	127	25	72	26	31	27	17	28	7	30	1	31	2	32	1
884	1	1	2	6	3	37	4	98	5	338	6	787	7	1705	8	3148	9	5152	10	7522	11	10017	12	11586	13	12282	14	11742	15	10365	16	8179	17	6221	18	4122	19	2815	20	1708	21	968	22	576	23	284	24	168	25	84	26	52	27	22	28	6	29	4	30	2	31	2	33	1
885	2	4	3	21	4	62	5	232	6	568	7	1353	8	2733	9	4766	10	7023	11	9460	12	11558	13	12372	14	11943	15	10608	16	8657	17	6630	18	4551	19	3047	20	1979	21	1083	22	623	23	367	24	190	25	86	26	48	27	17	28	11	29	8
886	1	1	2	4	3	24	4	102	5	262	6	626	7	1386	8	2650	9	4441	10	6625	11	9007	12	11066	13	11962	14	11839	15	10763	16	8854	17	7062	18	4855	19	3361	20	2192	21	1253	22	818	23	422	24	211	25	112	26	58	27	24	28	10	29	7	30	2	32	1
887	2	2	3	9	4	31	5	154	6	455	7	1047	8	2159	9	3838	10	6208	11	8643	12	10672	13	11880	14	12129	15	11217	16	9485	17	7459	18	5288	19	3682	20	2380	21	1458	22	817	23	462	24	247	25	142	26	65	27	34	28	21	29	2	30	4	31	7	32	1	33	1	34	1
888	1	1	2	6	3	15	4	60	5	170	6	464	7	1005	8	1946	9	3543	10	5362	11	7751	12	10016	13	11421	14	11932	15	11444	16	9917	17	7879	18	5984	19	4300	20	2779	21	1729	22	1012	23	600	24	300	25	178	26	101	27	36	28	30	29	8	30	8	32	3
889	1	3	2	4	3	15	4	75	5	175	6	450	7	994	8	2042	9	3602	10	5607	11	7932	12	10131	13	11483	14	11980	15	11385	16	9928	17	7888	18	5786	19	4019	20	2678	21	1674	22	958	23	552	24	314	25	158	26	93	27	32	28	21	29	13	30	4	31	2	33	2
890	1	3	2	3	3	22	4	72	5	189	6	493	7	1002	8	1939	9	3267	10	5268	11	7311	12	9377	13	11058	14	11630	15	11367	16	9923	17	8455	18	6489	19	4561	20	3073	21	1913	22	1177	23	632	24	370	25	194	26	102	27	61	28	23	29	13	30	4	31	6	32	2	38	1
891	1	2	2	3	3	9	4	39	5	100	6	284	7	726	8	1488	9	2722	10	4605	11	6726	12	8862	13	10812	14	11523	15	11521	16	10342	17	8913	18	6976	19	5279	20	3465	21	2342	22	1429	23	821	24	479	25	246	26	135	27	77	28	41	29	17	30	9	31	3	32	2	33	1	36	1
892	1	1	2	9	3	28	4	63	5	178	6	356	7	815	8	1560	9	2754	10	4469	11	6602	12	8790	13	10512	14	11232	15	11440	16	10504	17	8918	18	7147	19	5283	20	3636	21	2289	22	1464	23	860	24	532	25	281	26	151	27	54	28	40	29	18	30	8	31	4	33	1	34	1
893	1	2	2	1	3	7	4	29	5	67	6	209	7	451	8	1024	9	2154	10	3644	11	5580	12	7749	13	9745	14	11448	15	11646	16	10987	17	9847	18	7987	19	6148	20	4157	21	2790	22	1848	23	1108	24	647	25	332	26	168	27	117	28	59	29	26	30	11	31	5	32	2	33	3	35	1	37	1
894	1	1	2	5	3	12	4	44	5	113	6	260	7	585	8	1202	9	2137	10	3617	11	5233	12	7453	13	9465	14	10895	15	11267	16	10877	17	10001	18	8153	19	6195	20	4586	21	3030	22	2006	23	1264	24	686	25	450	26	210	27	124	28	76	29	21	30	15	31	9	32	4	33	3	34	1
895	2	2	3	4	4	16	5	39	6	151	7	376	8	856	9	1720	10	3133	11	4972	12	6936	13	9202	14	10556	15	11381	16	11461	17	10113	18	8435	19	6826	20	4852	21	3398	22	2291	23	1346	24	867	25	479	26	276	27	141	28	80	29	46	30	18	31	9	32	9	33	4	34	2	35	2	42	1
896	2	2	3	10	4	31	5	87	6	172	7	404	8	797	9	1646	10	2706	11	4290	12	6198	13	8208	14	9945	15	11118	16	11268	17	10450	18	9135	19	7265	20	5567	21	3921	22	2658	23	1710	24	1052	25	603	26	332	27	199	28	104	29	51	30	30	31	22	32	10	33	6	34	1	35	1	36	1
897	3	4	4	18	5	38	6	120	7	296	8	629	9	1320	10	2434	11	3950	12	6153	13	7972	14	9830	15	10980	16	11390	17	10699	18	9244	19	7702	20	5884	21	4061	22	2775	23	1852	24	1133	25	693	26	397	27	185	28	119	29	58	30	37	31	15	32	9	33	1	34	1	38	1
898	2	1	3	4	4	17	5	69	6	146	7	354	8	754	9	1279	10	2313	11	3631	12	5530	13	7631	14	9200	15	10651	16	11251	17	10767	18	9552	19	8072	20	6221	21	4442	22	3115	23	2000	24	1286	25	727	26	446	27	249	28	151	29	65	30	34	31	18	32	15	33	3	34	5	36	1
899	3	1	4	5	5	30	6	77	7	168	8	388	9	992	10	1811	11	3177	12	4990	13	6976	14	8838	15	10186	16	11244	17	10968	18	10349	19	8438	20	6850	21	5012	22	3424	23	2346	24	1580	25	907	26	538	27	315	28	191	29	95	30	59	31	24	32	11	33	7	34	2	36	1
900	2	1	3	13	4	15	5	41	6	108	7	266	8	569	9	1027	10	1888	11	3103	12	4630	13	6505	14	8424	15	10059	16	10908	17	10778	18	10086	19	8659	20	6946	21	5417	22	3878	23	2621	24	1661	25	972	26	612	27	376	28	209	29	102	30	49	31	37	32	22	33	10	34	4	35	1	36	2	39	1
901	3	1	4	3	5	16	6	47	7	118	8	286	9	698	10	1356	11	2455	12	4056	13	5868	14	7919	15	9577	16	10684	17	11045	18	10509	19	9274	20	7730	21	6077	22	4306	23	3012	24	1887	25	1295	26	751	27	466	28	254	29	161	30	68	31	35	32	19	33	16	34	5	35	4	36	1	37	1
902	3	3	4	16	5	28	6	65	7	185	8	347	9	717	10	1352	11	2273	12	3569	13	5251	14	7246	15	8914	16	10345	17	10561	18	10702	19	9496	20	8233	21	6550	22	4780	23	3363	24	2354	25	1465	26	930	27	553	28	312	29	168	30	111	31	59	32	26	33	14	34	6	35	4	36	1	37	1
903	4	3	5	12	6	21	7	74	8	206	9	508	10	1053	11	1991	12	3361	13	5060	14	6980	15	8796	16	10332	17	10804	18	10742	19	9799	20	8464	21	6742	22	5082	23	3550	24	2460	25	1617	26	1004	27	566	28	341	29	171	30	127	31	63	32	35	33	17	34	12	35	3	36	2	37	1	38	1
904	3	6	4	11	5	21	6	61	7	140	8	298	9	546	10	1078	11	1934	12	3051	13	4648	14	6412	15	8152	16	9377	17	10540	18	10593	19	9765	20	8856	21	7310	22	5513	23	4094	24	2814	25	1874	26	1222	27	742	28	414	29	225	30	125	31	83	32	49	33	26	34	8	35	4	36	5	37	2	38	1
905	4	3	5	6	6	14	7	35	8	133	9	332	10	693	11	1440	12	2564	13	3979	14	5719	15	7718	16	9353	17	10454	18	10729	19	10311	20	9404	21	7810	22	6049	23	4617	24	3082	25	2138	26	1349	27	853	28	565	29	317	30	156	31	69	32	47	33	29	34	14	35	11	36	4	37	2	38	1
906	3	3	4	4	5	17	6	41	7	109	8	214	9	433	10	774	11	1380	12	2379	13	3651	14	5403	15	7110	16	8758	17	10048	18	10537	19	10537	20	9296	21	8113	22	6534	23	4899	24	3447	25	2299	26	1591	27	1032	28	613	29	333	30	182	31	125	32	63	33	35	34	23	35	8	36	7	37	1	38	1
907	4	2	5	3	6	12	7	26	8	86	9	246	10	567	11	1067	12	1928	13	3199	14	4880	15	6765	16	8239	17	9665	18	10583	19	10554	20	9780	21	8375	22	7111	23	5293	24	4065	25	2743	26	1875	27	1193	28	734	29	412	30	279	31	142	32	80	33	50	34	21	35	13	36	7	37	3	38	1	40	1
908	3	1	4	2	5	16	6	26	7	77	8	158	9	285	10	518	11	967	12	1702	13	2790	14	4070	15	5854	16	7614	17	8963	18	10130	19	10362	20	10204	21	8960	22	7572	23	5995	24	4623	25	3273	26	2206	27	1444	28	903	29	545	30	323	31	180	32	97	33	57	34	47	35	22	36	8	37	5	38	1
909	5	2	6	6	7	20	8	50	9	168	10	353	11	798	12	1342	13	2494	14	3888	15	5315	16	7170	17	8883	18	9878	19	10312	20	10245	21	9249	22	7919	23	6614	24	4946	25	3693	26	2451	27	1702	28	1036	29	614	30	377	31	222	32	110	33	60	34	46	35	17	36	15	37	2	38	2	39	1
910	4	4	5	22	6	36	7	73	8	145	9	287	10	565	11	909	12	1447	13	2573	14	3907	15	5501	16	7027	17	8548	18	9683	19	10223	20	10052	21	9208	22	7884	23	6512	24	4920	25	3655	26	2522	27	1645	28	1044	29	646	30	406	31	244	32	144	33	72	34	48	35	22	36	15	37	4	38	3	39	1	41	1	42	1	43	1
911	4	1	5	1	6	12	7	16	8	43	9	155	10	324	11	693	12	1315	13	2296	14	3424	15	5229	16	6797	17	8230	18	9595	19	10385	20	10239	21	9485	22	8273	23	6718	24	5262	25	3921	26	2652	27	1889	28	1211	29	759	30	457	31	268	32	176	33	89	34	32	35	23	36	7	37	12	38	6	39	2	40	1	41	1	45	1
912	2	2	3	1	4	3	5	11	6	32	7	60	8	108	9	178	10	383	11	623	12	1136	13	1862	14	2849	15	4311	16	6024	17	7604	18	8852	19	9877	20	10228	21	9631	22	8656	23	7406	24	6062	25	4595	26	3259	27	2315	28	1480	29	1026	30	577	31	363	32	219	33	125	34	66	35	36	36	22	37	5	38	6	39	5	40	2
913	3	1	4	1	6	1	7	12	8	36	9	76	10	205	11	432	12	823	13	1560	14	2589	15	3921	16	5548	17	7028	18	8649	19	9743	20	9938	21	10007	22	9072	23	7840	24	6508	25	5047	26	3762	27	2519	28	1767	29	1132	30	722	31	427	32	273	33	154	34	95	35	48	36	34	37	14	38	8	39	5	40	2	44	1
914	4	1	5	8	6	22	7	39	8	87	9	178	10	303	11	486	12	911	13	1485	14	2395	15	3554	16	5148	17	6652	18	8283	19	9326	20	10008	21	9841	22	9240	23	8178	24	6631	25	5342	26	3926	27	2817	28	1962	29	1238	30	788	31	476	32	299	33	169	34	95	35	50	36	26	37	19	38	9	39	5	40	1	41	2
915	5	1	7	4	8	32	9	52	10	143	11	310	12	613	13	1178	14	2037	15	3210	16	4481	17	6267	18	7786	19	9347	20	9889	21	10151	22	9448	23	8585	24	7133	25	5761	26	4325	27	3155	28	2232	29	1485	30	920	31	599	32	374	33	206	34	131	35	60	36	42	37	26	38	4	39	8	40	2	41	1	42	1	46	1
916	4	3	5	8	6	9	7	25	8	64	9	127	10	258	11	450	12	707	13	1171	14	1859	15	2914	16	4175	17	5706	18	7242	19	8562	20	9541	21	9740	22	9540	23	8775	24	7508	25	6254	26	4740	27	3468	28	2469	29	1682	30	1211	31	730	32	448	33	254	34	154	35	82	36	47	37	37	38	9	39	19	40	3	41	5	42	3	46	1
917	6	1	7	3	8	13	9	25	10	97	11	173	12	434	13	795	14	1510	15	2440	16	3728	17	5341	18	6704	19	8217	20	9310	21	9868	22	9756	23	9259	24	8106	25	6729	26	5284	27	3991	28	2819	29	1884	30	1356	31	859	32	520	33	324	34	184	35	120	36	74	37	35	38	19	39	11	40	3	41	4	43	1	45	1	46	1	48	1
918	4	2	6	7	7	17	8	50	9	89	10	145	11	261	12	443	13	786	14	1236	15	2114	16	3137	17	4492	18	6194	19	7483	20	8718	21	9670	22	9768	23	9401	24	8439	25	7252	26	6024	27	4488	28	3182	29	2276	30	1605	31	1054	32	694	33	377	34	252	35	147	36	96	37	49	38	23	39	13	40	7	41	2	42	4	43	2	46	1
919	7	1	8	3	9	24	10	47	11	115	12	292	13	601	14	1090	15	1859	16	2877	17	4225	18	5959	19	7333	20	8564	21	9603	22	9783	23	9411	24	8849	25	7696	26	6158	27	4920	28	3553	29	2443	30	1698	31	1087	32	729	33	423	34	268	35	170	36	103	37	50	38	31	39	15	40	8	41	3	42	2	43	2	44	4	47	1
920	4	1	5	2	6	11	7	28	8	44	9	76	10	144	11	239	12	402	13	647	14	1018	15	1736	16	2588	17	3663	18	5248	19	6676	20	8088	21	9042	22	9433	23	9539	24	8889	25	7827	26	6737	27	5325	28	3995	29	2895	30	2052	31	1357	32	868	33	588	34	321	35	219	36	136	37	72	38	47	39	21	40	10	41	4	42	4	43	2	44	3	46	2	47	1
921	7	1	8	2	9	10	10	31	11	72	12	149	13	349	14	664	15	1241	16	2077	17	3315	18	4607	19	6018	20	7744	21	8721	22	9539	23	9809	24	9278	25	8619	26	7273	27	5816	28	4561	29	3294	30	2416	31	1615	32	1090	33	644	34	423	35	266	36	163	37	80	38	50	39	27	40	18	41	8	42	3	43	3	44	3	45	1
922	4	1	5	1	6	5	7	14	8	23	9	56	10	105	11	159	12	255	13	453	14	686	15	1142	16	1773	17	2866	18	3984	19	5454	20	7032	21	8311	22	9141	23	9428	24	9322	25	8541	26	7646	27	6296	28	5135	29	3850	30	2832	31	1944	32	1294	33	870	34	522	35	343	36	207	37	131	38	80	39	38	40	19	41	25	42	8	43	3	44	2	45	1	46	1	51	1
923	7	1	8	1	9	11	10	13	11	40	12	108	13	250	14	472	15	891	16	1549	17	2434	18	3604	19	5054	20	6744	21	7917	22	8853	23	9382	24	9684	25	8956	26	8100	27	6704	28	5472	29	4093	30	3155	31	2244	32	1574	33	996	34	670	35	426	36	244	37	162	38	83	39	60	40	26	41	12	42	5	43	5	44	2	45	2	46	1
924	3	1	6	9	7	20	8	39	9	62	10	90	11	165	12	241	13	384	14	624	15	1033	16	1569	17	2490	18	3604	19	5079	20	6514	21	7699	22	8822	23	9433	24	9285	25	8763	26	8022	27	6652	28	5599	29	4288	30	3085	31	2258	32	1493	33	1005	34	666	35	405	36	243	37	166	38	85	39	45	40	28	41	9	42	13	43	5	44	2	46	1	47	3	49	1
925	7	1	8	1	9	4	10	14	11	36	12	80	13	152	14	355	15	669	16	1277	17	1969	18	3089	19	4339	20	5603	21	7102	22	8456	23	9061	24	9648	25	9263	26	8597	27	7339	28	6242	29	4844	30	3740	31	2656	32	1936	33	1254	34	867	35	548	36	346	37	214	38	137	39	66	40	37	41	30	42	16	43	5	44	5	48	2
926	5	1	6	3	7	6	8	18	9	35	10	83	11	87	12	178	13	261	14	411	15	618	16	1021	17	1552	18	2448	19	3629	20	4940	21	6369	22	7740	23	8519	24	9203	25	9188	26	8814	27	8038	28	6854	29	5602	30	4412	31	3174	32	2320	33	1617	34	1079	35	703	36	414	37	243	38	171	39	102	40	64	41	36	42	20	43	15	44	2	45	3	46	4	47	1	48	1	50	1
927	10	11	11	19	12	40	13	97	14	223	15	446	16	796	17	1450	18	2296	19	3328	20	4893	21	6224	22	7546	23	8846	24	9242	25	9420	26	8882	27	8190	28	7066	29	5741	30	4529	31	3341	32	2469	33	1760	34	1158	35	769	36	470	37	312	38	187	39	98	40	64	41	31	42	23	43	16	44	4	45	6	46	4	47	1	48	1	49	1
928	4	1	5	4	6	6	7	7	8	18	9	37	10	57	11	104	12	149	13	203	14	321	15	503	16	788	17	1258	18	1930	19	2814	20	3984	21	5305	22	6851	23	7862	24	8758	25	9261	26	9146	27	8594	28	7437	29	6327	30	5169	31	4031	32	2898	33	2118	34	1406	35	980	36	655	37	404	38	263	39	147	40	75	41	51	42	32	43	20	44	10	45	9	46	1	47	2	48	2	50	1	51	1
929	8	1	10	5	11	13	12	21	13	62	14	141	15	288	16	595	17	980	18	1653	19	2541	20	3708	21	5142	22	6273	23	7818	24	8722	25	9092	26	9199	27	8603	28	7842	29	6902	30	5699	31	4397	32	3252	33	2384	34	1631	35	1055	36	754	37	465	38	292	39	181	40	126	41	68	42	43	43	28	44	8	45	5	46	6	47	3	48	1	49	1
930	6	4	7	2	8	13	9	18	10	48	11	83	12	122	13	181	14	235	15	359	16	604	17	841	18	1383	19	2082	20	3136	21	4317	22	5777	23	7180	24	8202	25	8802	26	9259	27	8858	28	8192	29	7235	30	6003	31	4859	32	3693	33	2801	34	1921	35	1393	36	836	37	586	38	382	39	238	40	147	41	97	42	40	43	36	44	19	45	4	46	5	47	5	48	1	50	1
931	9	1	10	2	11	3	12	12	13	25	14	63	15	129	16	347	17	607	18	1110	19	1831	20	2722	21	3921	22	5265	23	6607	24	7680	25	8738	26	9146	27	9113	28	8596	29	7817	30	6689	31	5340	32	4233	33	3166	34	2317	35	1534	36	1073	37	728	38	448	39	303	40	187	41	105	42	47	43	35	44	28	45	14	46	8	47	4	48	2	50	1	51	1	52	1	53	1
932	5	1	6	1	7	5	8	11	9	15	10	40	11	52	12	96	13	134	14	187	15	292	16	378	17	651	18	1028	19	1568	20	2399	21	3338	22	4564	23	5872	24	7201	25	8113	26	8714	27	9099	28	8653	29	7963	30	6999	31	5708	32	4757	33	3625	34	2752	35	1908	36	1397	37	912	38	593	39	358	40	245	41	154	42	99	43	45	44	28	45	20	46	8	47	8	48	3	49	2	50	3	51	1
933	10	5	11	3	12	6	13	21	14	41	15	106	16	173	17	422	18	706	19	1230	20	2111	21	2992	22	4174	23	5571	24	6782	25	7963	26	8646	27	9142	28	8781	29	8302	30	7446	31	6245	32	5240	33	4147	34	3049	35	2207	36	1536	37	1032	38	718	39	458	40	290	41	170	42	104	43	75	44	47	45	25	46	16	47	7	48	2	49	3	50	2	51	2	53	1	58	1
934	6	1	7	3	8	3	9	10	10	27	11	37	12	82	13	126	14	173	15	240	16	330	17	482	18	786	19	1199	20	1871	21	2686	22	3945	23	5184	24	6351	25	7566	26	8393	27	8968	28	8862	29	8343	30	7605	31	6491	32	5291	33	4308	34	3246	35	2385	36	1700	37	1154	38	763	39	517	40	361	41	197	42	138	43	72	44	35	45	20	46	23	47	10	48	7	49	4	50	4	51	1
935	10	1	12	7	13	13	14	32	15	67	16	139	17	273	18	506	19	972	20	1507	21	2247	22	3260	23	4469	24	5610	25	7058	26	8104	27	8793	28	9025	29	8720	30	8200	31	7127	32	6073	33	4931	34	3777	35	2819	36	2140	37	1395	38	950	39	629	40	448	41	278	42	179	43	84	44	71	45	43	46	25	47	10	48	4	49	4	50	3	51	2	52	3	53	1	55	1
936	5	1	6	5	7	4	8	9	9	9	10	29	11	51	12	76	13	92	14	142	15	212	16	285	17	389	18	589	19	890	20	1451	21	2036	22	3022	23	4155	24	5524	25	6764	26	7609	27	8678	28	8601	29	8798	30	8100	31	7302	32	6334	33	5130	34	3952	35	2983	36	2217	37	1514	38	1037	39	719	40	486	41	296	42	177	43	129	44	86	45	45	46	29	47	15	48	16	49	9	50	1	52	1	53	1
937	12	2	13	6	14	12	15	40	16	71	17	145	18	331	19	592	20	986	21	1635	22	2553	23	3573	24	4862	25	6144	26	7341	27	8301	28	8843	29	8995	30	8673	31	7958	32	6753	33	5777	34	4590	35	3510	36	2620	37	1940	38	1259	39	896	40	601	41	377	42	228	43	159	44	89	45	60	46	33	47	19	48	12	49	5	50	4	51	2	52	3
938	8	3	9	6	10	14	11	31	12	55	13	80	14	124	15	159	16	199	17	246	18	388	19	560	20	883	21	1309	22	2065	23	3000	24	4186	25	5282	26	6590	27	7642	28	8544	29	8757	30	8489	31	8163	32	7417	33	6267	34	5304	35	4007	36	3121	37	2280	38	1606	39	1134	40	780	41	519	42	293	43	182	44	136	45	68	46	48	47	24	48	17	49	10	50	5	51	4	54	1	56	1	58	1
939	12	2	13	3	14	9	15	28	16	42	17	106	18	226	19	397	20	687	21	1207	22	1851	23	2709	24	3788	25	4981	26	6260	27	7410	28	8435	29	8721	30	8641	31	8517	32	7498	33	6637	34	5570	35	4568	36	3466	37	2573	38	1864	39	1285	40	926	41	572	42	380	43	241	44	154	45	112	46	53	47	29	48	23	49	6	50	12	51	6	52	4	53	1
940	6	1	7	4	8	5	9	8	10	19	11	23	12	43	13	70	14	90	15	117	16	166	17	219	18	296	19	462	20	592	21	963	22	1488	23	2222	24	3205	25	4221	26	5498	27	6668	28	7688	29	8209	30	8617	31	8521	32	8102	33	7248	34	6097	35	5087	36	3905	37	3083	38	2202	39	1642	40	1090	41	784	42	468	43	343	44	203	45	136	46	72	47	47	48	29	49	19	50	16	51	5	52	3	53	1	55	1	56	2
941	13	2	14	2	15	6	16	12	17	49	18	99	19	214	20	428	21	713	22	1168	23	1813	24	2733	25	3721	26	5042	27	6291	28	7298	29	8099	30	8619	31	8620	32	8499	33	7563	34	6711	35	5652	36	4492	37	3525	38	2685	39	1849	40	1421	41	947	42	659	43	404	44	252	45	153	46	84	47	68	48	44	49	26	50	16	51	12	52	4	53	1	54	2	55	1	58	1
942	7	2	9	4	10	9	11	19	12	38	13	55	14	79	15	110	16	138	17	168	18	221	19	311	20	391	21	648	22	990	23	1631	24	2331	25	3333	26	4531	27	5805	28	6912	29	7962	30	8270	31	8585	32	8440	33	7763	34	7110	35	5989	36	4884	37	3750	38	2917	39	2023	40	1501	41	1045	42	707	43	487	44	321	45	200	46	113	47	80	48	49	49	28	50	19	51	13	52	8	53	5	54	1	55	3	56	1
943	13	1	14	1	15	4	16	13	17	24	18	72	19	123	20	222	21	450	22	852	23	1306	24	2008	25	2940	26	3964	27	5185	28	6305	29	7495	30	8187	31	8713	32	8631	33	8091	34	7326	35	6543	36	5445	37	4393	38	3424	39	2553	40	1850	41	1310	42	907	43	611	44	377	45	246	46	164	47	130	48	50	49	38	50	17	51	11	52	11	53	4	54	1	55	2
944	4	1	6	1	7	1	8	3	9	3	10	10	11	13	12	29	13	38	14	76	15	88	16	122	17	143	18	212	19	253	20	325	21	466	22	722	23	1042	24	1724	25	2416	26	3401	27	4439	28	5636	29	6795	30	7624	31	8066	32	8491	33	8320	34	7819	35	6833	36	5956	37	4832	38	3952	39	3080	40	2140	41	1591	42	1136	43	749	44	548	45	335	46	195	47	156	48	94	49	57	50	24	51	18	52	12	53	4	54	5	55	2	56	1	58	1
945	15	1	16	7	17	8	18	41	19	73	20	168	21	297	22	470	23	915	24	1393	25	2026	26	2979	27	4158	28	5267	29	6310	30	7230	31	8037	32	8423	33	8516	34	8045	35	7431	36	6376	37	5464	38	4326	39	3481	40	2556	41	1917	42	1317	43	960	44	652	45	431	46	263	47	181	48	103	49	75	50	47	51	27	52	7	53	7	54	3	55	5	56	4	57	1	58	1	61	1
946	9	1	10	2	11	7	12	13	13	32	14	45	15	81	16	107	17	157	18	154	19	182	20	205	21	325	22	460	23	684	24	1095	25	1652	26	2466	27	3345	28	4594	29	5639	30	6802	31	7678	32	8380	33	8555	34	8155	35	7694	36	6834	37	5852	38	4818	39	3889	40	2959	41	2189	42	1609	43	1074	44	815	45	545	46	339	47	226	48	134	49	83	50	50	51	28	52	20	53	7	54	7	55	6	56	2	57	2	58	2
947	14	2	16	3	17	4	18	17	19	33	20	79	21	198	22	328	23	528	24	971	25	1517	26	2217	27	3139	28	4128	29	5475	30	6480	31	7385	32	8125	33	8486	34	8383	35	7943	36	7192	37	6224	38	5328	39	4336	40	3253	41	2425	42	1880	43	1275	44	889	45	640	46	410	47	257	48	163	49	110	50	71	51	40	52	24	53	16	54	12	55	5	56	5	57	2	58	2
948	7	1	8	5	9	2	10	9	11	7	12	21	13	31	14	46	15	59	16	99	17	100	18	143	19	196	20	237	21	281	22	377	23	563	24	883	25	1249	26	1952	27	2752	28	3802	29	4910	30	5986	31	6986	32	7921	33	8093	34	8313	35	8004	36	7269	37	6517	38	5616	39	4514	40	3649	41	2702	42	2066	43	1506	44	1050	45	732	46	485	47	309	48	219	49	130	50	71	51	55	52	37	53	23	54	11	55	5	56	3	57	2	59	1
949	15	1	17	1	18	8	19	22	20	45	21	75	22	188	23	308	24	529	25	955	26	1465	27	2200	28	2974	29	3941	30	5138	31	6355	32	7347	33	8016	34	8620	35	8275	36	8060	37	7315	38	6347	39	5455	40	4366	41	3425	42	2545	43	1859	44	1322	45	974	46	651	47	420	48	283	49	189	50	131	51	82	52	33	53	32	54	19	55	11	56	4	57	4	58	5	59	1	60	1	61	3
950	9	1	10	2	11	2	12	5	13	8	14	26	15	52	16	99	17	103	18	132	19	142	20	174	21	210	22	250	23	305	24	468	25	737	26	1153	27	1720	28	2615	29	3627	30	4715	31	5743	32	6890	33	7691	34	8195	35	8366	36	8043	37	7524	38	6631	39	5669	40	4729	41	3851	42	2887	43	2176	44	1599	45	1153	46	770	47	542	48	373	49	218	50	143	51	102	52	64	53	37	54	19	55	16	56	13	57	4	58	3	60	1	62	1	68	1
951	16	1	17	3	18	2	19	9	20	31	21	60	22	106	23	221	24	363	25	655	26	974	27	1678	28	2170	29	3061	30	4215	31	5334	32	6384	33	7471	34	8034	35	8456	36	8165	37	7741	38	7095	39	6041	40	5352	41	4338	42	3365	43	2609	44	1926	45	1351	46	980	47	577	48	429	49	289	50	177	51	130	52	80	53	57	54	27	55	22	56	9	57	5	58	4	60	2	61	1
952	7	1	8	2	9	2	10	7	11	5	12	10	13	18	14	33	15	43	16	74	17	71	18	115	19	142	20	159	21	185	22	206	23	289	24	381	25	529	26	880	27	1256	28	1898	29	2684	30	3614	31	4676	32	5767	33	6802	34	7554	35	8032	36	8152	37	8099	38	7513	39	6530	40	5665	41	4714	42	3738	43	2852	44	2122	45	1633	46	1142	47	789	48	553	49	368	50	233	51	186	52	112	53	62	54	41	55	27	56	10	57	7	58	5	59	6	60	3	63	1	64	1	65	1
953	17	1	18	3	19	5	20	10	21	30	22	73	23	109	24	161	25	334	26	644	27	946	28	1572	29	2194	30	3133	31	4098	32	5043	33	6293	34	7275	35	7731	36	8335	37	8134	38	7752	39	7197	40	6357	41	5388	42	4355	43	3565	44	2630	45	2061	46	1481	47	1003	48	691	49	508	50	320	51	211	52	145	53	92	54	49	55	28	56	18	57	7	58	7	59	4	60	2	61	1	62	2	63	2
954	8	1	11	2	12	3	13	9	14	25	15	37	16	47	17	94	18	89	19	137	20	140	21	156	22	158	23	192	24	195	25	315	26	433	27	695	28	1112	29	1737	30	2444	31	3496	32	4595	33	5572	34	6787	35	7403	36	8035	37	8216	38	7969	39	7564	40	6794	41	5873	42	4831	43	3960	44	2998	45	2385	46	1717	47	1199	48	870	49	591	50	355	51	276	52	191	53	106	54	74	55	44	56	36	57	13	58	11	59	10	60	5	61	2	62	1
955	16	1	18	2	19	3	20	2	21	11	22	35	23	43	24	101	25	212	26	318	27	576	28	939	29	1409	30	2142	31	2991	32	4057	33	5071	34	6086	35	7022	36	7655	37	8258	38	8220	39	7878	40	7273	41	6470	42	5359	43	4504	44	3568	45	2759	46	2054	47	1578	48	1114	49	764	50	517	51	366	52	245	53	144	54	93	55	65	56	36	57	23	58	16	59	9	60	3	61	2	62	4	63	2
956	5	1	7	1	8	2	9	2	10	6	11	5	12	12	13	9	14	19	15	20	16	35	17	60	18	80	19	99	20	113	21	153	22	169	23	171	24	220	25	233	26	325	27	519	28	784	29	1151	30	1676	31	2455	32	3406	33	4308	34	5274	35	6367	36	7302	37	7748	38	7975	39	7766	40	7547	41	6842	42	5827	43	5165	44	4150	45	3389	46	2522	47	1875	48	1359	49	934	50	643	51	465	52	286	53	186	54	126	55	73	56	55	57	33	58	20	59	19	60	10	61	4	62	2	63	1	65	1
957	18	1	19	2	20	3	21	9	22	15	23	35	24	70	25	119	26	235	27	391	28	608	29	1060	30	1563	31	2287	32	3219	33	4142	34	5055	35	6146	36	6920	37	7751	38	7980	39	7922	40	7658	41	7221	42	6230	43	5334	44	4454	45	3616	46	2779	47	2156	48	1550	49	1072	50	805	51	554	52	344	53	260	54	166	55	109	56	58	57	36	58	26	59	19	60	8	61	2	62	5	63	2	64	1	65	1	68	1
958	11	1	12	2	13	1	14	7	15	8	16	31	17	43	18	55	19	90	20	124	21	131	22	142	23	170	24	176	25	150	26	205	27	249	28	397	29	625	30	1015	31	1534	32	2274	33	3200	34	4398	35	5237	36	6275	37	7227	38	7717	39	8058	40	8060	41	7557	42	6964	43	5835	44	5185	45	4234	46	3433	47	2601	48	1976	49	1426	50	1048	51	734	52	499	53	319	54	215	55	117	56	86	57	63	58	39	59	23	60	20	61	5	62	6	63	4	64	2	65	2	66	2	67	1	69	1	73	1
959	17	1	19	1	20	2	21	5	22	8	23	24	24	37	25	73	26	132	27	212	28	380	29	651	30	915	31	1429	32	2004	33	2881	34	3954	35	4868	36	5937	37	6703	38	7471	39	7997	40	7910	41	7814	42	7062	43	6532	44	5800	45	4590	46	3714	47	2980	48	2253	49	1658	50	1279	51	892	52	599	53	433	54	295	55	187	56	111	57	63	58	50	59	41	60	20	61	8	62	12	63	4	64	2	65	2	66	1	67	2	69	1
960	9	2	10	4	11	1	12	4	13	9	14	9	15	15	16	23	17	27	18	56	19	82	20	88	21	117	22	146	23	157	24	162	25	147	26	174	27	194	28	322	29	446	30	717	31	1053	32	1612	33	2258	34	3059	35	4065	36	5064	37	5878	38	6867	39	7410	40	7676	41	7855	42	7511	43	6908	44	6277	45	5332	46	4461	47	3606	48	2868	49	2083	50	1566	51	1196	52	823	53	563	54	378	55	242	56	191	57	102	58	68	59	50	60	31	61	21	62	12	63	5	64	1	65	2	66	3	68	1
961	20	2	21	3	22	7	23	8	24	12	25	30	26	60	27	106	28	201	29	321	30	540	31	842	32	1293	33	2000	34	2758	35	3568	36	4661	37	5590	38	6396	39	7446	40	7669	41	7886	42	7711	43	7281	44	6670	45	5874	46	4965	47	4073	48	3201	49	2481	50	1825	51	1422	52	1000	53	719	54	471	55	321	56	225	57	127	58	97	59	45	60	34	61	19	62	18	63	8	64	6	65	4	66	1	68	2	69	1
962	13	2	14	3	15	13	16	18	17	31	18	43	19	66	20	78	21	102	22	125	23	146	24	154	25	120	26	150	27	164	28	192	29	222	30	413	31	607	32	991	33	1558	34	2239	35	3046	36	4016	37	5019	38	5999	39	6800	40	7465	41	7899	42	7734	43	7607	44	6944	45	6241	46	5296	47	4493	48	3675	49	2875	50	2152	51	1622	52	1145	53	828	54	543	55	434	56	234	57	162	58	115	59	95	60	47	61	30	62	18	63	13	64	7	65	3	66	2	67	3	71	1
963	19	1	20	2	22	2	23	5	24	13	25	18	26	41	27	66	28	130	29	197	30	357	31	604	32	901	33	1312	34	1892	35	2697	36	3560	37	4513	38	5573	39	6303	40	7050	41	7604	42	7784	43	7783	44	7407	45	6604	46	5893	47	5088	48	4154	49	3301	50	2593	51	1865	52	1395	53	1028	54	732	55	507	56	344	57	244	58	167	59	93	60	58	61	39	62	35	63	12	64	11	65	8	66	4	67	6	68	1	69	2	74	1
964	9	3	10	1	11	3	12	3	13	3	14	2	15	8	16	11	17	8	18	34	19	50	20	71	21	80	22	135	23	140	24	151	25	141	26	144	27	145	28	157	29	211	30	297	31	449	32	649	33	978	34	1432	35	2120	36	2825	37	3775	38	4696	39	5562	40	6517	41	7043	42	7819	43	7608	44	7601	45	7134	46	6349	47	5451	48	4675	49	3872	50	3123	51	2308	52	1804	53	1332	54	968	55	702	56	466	57	322	58	227	59	145	60	77	61	63	62	38	63	29	64	12	65	14	66	5	67	8	68	1	69	2	71	1
965	22	1	23	4	24	4	25	13	26	29	27	32	28	72	29	111	30	209	31	294	32	509	33	786	34	1210	35	1764	36	2534	37	3201	38	4360	39	5118	40	6073	41	6841	42	7344	43	7781	44	7729	45	7374	46	6854	47	6205	48	5289	49	4321	50	3589	51	2848	52	2125	53	1608	54	1143	55	865	56	571	57	394	58	267	59	194	60	121	61	80	62	51	63	33	64	21	65	7	66	9	67	5	68	2	69	4	71	1
966	15	2	16	9	17	13	18	30	19	41	20	69	21	82	22	93	23	134	24	128	25	135	26	147	27	126	28	116	29	119	30	169	31	196	32	302	33	538	34	781	35	1283	36	1910	37	2684	38	3701	39	4444	40	5419	41	6380	42	7089	43	7599	44	7582	45	7646	46	7246	47	6664	48	5663	49	4930	50	4067	51	3297	52	2542	53	1945	54	1396	55	1073	56	705	57	503	58	337	59	231	60	145	61	103	62	73	63	43	64	23	65	14	66	7	67	8	68	6	69	5	70	3	71	1	72	1	73	2
967	23	4	24	5	25	5	26	9	27	17	28	44	29	71	30	100	31	156	32	257	33	513	34	690	35	1099	36	1571	37	2120	38	3016	39	3965	40	4656	41	5739	42	6506	43	7233	44	7637	45	7665	46	7526	47	7181	48	6364	49	5587	50	4833	51	3833	52	3012	53	2285	54	1839	55	1441	56	934	57	644	58	483	59	333	60	212	61	130	62	93	63	60	64	43	65	36	66	22	67	14	68	4	69	8	70	2	74	1	75	2
968	8	1	9	2	10	1	11	1	13	6	14	7	15	4	16	11	17	12	18	20	19	41	20	48	21	88	22	90	23	89	24	115	25	139	26	109	27	162	28	169	29	137	30	149	31	194	32	235	33	416	34	586	35	914	36	1411	37	1835	38	2554	39	3352	40	4376	41	5345	42	6015	43	6624	44	7266	45	7343	46	7613	47	7258	48	6546	49	5785	50	5136	51	4267	52	3522	53	2727	54	2112	55	1534	56	1121	57	796	58	562	59	351	60	280	61	183	62	133	63	60	64	60	65	37	66	18	67	10	68	7	69	4	70	4	71	2	72	2	73	2	75	1
969	26	3	27	10	28	17	29	39	30	64	31	104	32	171	33	272	34	439	35	737	36	1082	37	1465	38	2186	39	2877	40	3761	41	4737	42	5577	43	6270	44	7175	45	7591	46	7611	47	7390	48	7003	49	6331	50	5724	51	4933	52	4054	53	3226	54	2517	55	1845	56	1421	57	1053	58	760	59	516	60	356	61	238	62	154	63	106	64	62	65	39	66	33	67	18	68	11	69	11	70	7	71	1	72	1	73	1	75	1
970	14	1	16	2	17	4	18	12	19	23	20	36	21	44	22	85	23	89	24	116	25	140	26	137	27	140	28	105	29	109	30	115	31	97	32	104	33	136	34	238	35	350	36	624	37	926	38	1543	39	2121	40	2928	41	3906	42	4733	43	5882	44	6546	45	7123	46	7597	47	7726	48	7234	49	6948	50	6467	51	5441	52	4723	53	3757	54	3004	55	2376	56	1778	57	1387	58	984	59	679	60	490	61	323	62	249	63	169	64	74	65	64	66	51	67	31	68	12	69	11	70	4	71	4	72	1	76	1
971	23	1	24	1	26	5	27	4	28	13	29	34	30	32	31	62	32	98	33	137	34	260	35	403	36	625	37	876	38	1325	39	1930	40	2572	41	3368	42	4233	43	5295	44	6146	45	6914	46	7389	47	7309	48	7409	49	7088	50	6635	51	5998	52	5190	53	4274	54	3505	55	2846	56	2218	57	1675	58	1227	59	900	60	650	61	490	62	294	63	192	64	144	65	77	66	53	67	37	68	31	69	13	70	8	71	5	72	2	73	1	74	3	75	1	77	1	80	1
972	11	5	12	3	13	2	14	2	15	6	16	3	17	6	18	7	19	13	20	34	21	38	22	59	23	77	24	91	25	117	26	143	27	123	28	140	29	127	30	136	31	127	32	113	33	153	34	221	35	285	36	462	37	658	38	1035	39	1483	40	2063	41	2853	42	3624	43	4475	44	5376	45	6148	46	6867	47	7479	48	7369	49	7137	50	6883	51	6397	52	5681	53	4879	54	4106	55	3237	56	2612	57	2011	58	1493	59	1064	60	788	61	597	62	405	63	291	64	176	65	105	66	81	67	42	68	38	69	28	70	11	71	5	72	3	73	5	75	1	76	1
973	25	2	27	3	28	4	29	10	30	21	31	26	32	45	33	89	34	126	35	194	36	328	37	541	38	776	39	1099	40	1589	41	2181	42	2971	43	3984	44	4803	45	5781	46	6474	47	7175	48	7516	49	7525	50	7371	51	6943	52	6216	53	5381	54	4810	55	3856	56	3070	57	2472	58	1887	59	1403	60	1010	61	765	62	515	63	355	64	214	65	162	66	93	67	74	68	51	69	37	70	12	71	15	72	9	73	5	74	2	75	5	76	2	78	2
974	15	1	17	5	18	5	19	12	20	15	21	35	22	45	23	74	24	105	25	104	26	123	27	120	28	128	29	127	30	102	31	102	32	84	33	75	34	89	35	101	36	185	37	266	38	470	39	772	40	1206	41	1700	42	2384	43	3148	44	4079	45	5026	46	5769	47	6670	48	7197	49	7467	50	7469	51	7123	52	6641	53	6150	54	5155	55	4440	56	3724	57	2965	58	2299	59	1801	60	1250	61	942	62	691	63	497	64	363	65	230	66	175	67	96	68	74	69	43	70	28	71	24	72	12	73	8	74	2	75	1	76	2	78	3	82	1
975	26	1	27	2	28	3	29	4	30	13	31	20	32	27	33	46	34	81	35	132	36	216	37	313	38	511	39	713	40	1078	41	1509	42	2073	43	2735	44	3604	45	4375	46	5454	47	6109	48	6800	49	7266	50	7156	51	7438	52	7053	53	6403	54	5752	55	5066	56	4173	57	3554	58	2626	59	2058	60	1600	61	1174	62	880	63	596	64	443	65	314	66	224	67	141	68	92	69	70	70	38	71	24	72	17	73	10	74	4	75	2	76	2	77	2	78	1	80	1	81	1
976	8	1	10	1	11	1	12	3	13	2	14	4	15	6	16	8	17	2	18	8	19	13	20	11	21	18	22	21	23	48	24	72	25	73	26	108	27	104	28	135	29	149	30	116	31	111	32	114	33	109	34	123	35	121	36	159	37	234	38	361	39	535	40	824	41	1122	42	1510	43	2119	44	2865	45	3741	46	4652	47	5381	48	6190	49	6801	50	7223	51	7159	52	7260	53	6846	54	6245	55	5635	56	4820	57	3906	58	3243	59	2540	60	1988	61	1496	62	1129	63	800	64	588	65	383	66	287	67	145	68	102	69	86	70	51	71	31	72	30	73	10	74	5	75	7	76	3	77	2	78	2	81	1	88	1
977	27	1	28	4	30	5	31	11	32	17	33	23	34	44	35	80	36	115	37	175	38	302	39	434	40	651	41	911	42	1307	43	1832	44	2501	45	3154	46	4073	47	4946	48	5749	49	6520	50	6980	51	7336	52	7307	53	7141	54	6662	55	6138	56	5317	57	4479	58	3712	59	2941	60	2411	61	1857	62	1353	63	1109	64	748	65	568	66	339	67	246	68	158	69	104	70	79	71	60	72	34	73	25	74	11	75	11	76	9	77	2	79	6	80	1	81	1
978	15	1	16	1	17	2	18	4	19	6	20	3	21	17	22	26	23	47	24	51	25	88	26	81	27	124	28	151	29	137	30	113	31	110	32	100	33	94	34	75	35	66	36	64	37	75	38	117	39	203	40	292	41	530	42	787	43	1197	44	1824	45	2482	46	3270	47	4257	48	5074	49	5819	50	6665	51	7070	52	7246	53	7440	54	7241	55	6533	56	6027	57	5114	58	4389	59	3688	60	2899	61	2262	62	1756	63	1291	64	943	65	697	66	485	67	298	68	229	69	135	70	103	71	67	72	42	73	33	74	19	75	12	76	12	77	3	78	6	79	4	80	1	81	1	82	1
979	30	2	31	4	32	8	33	19	34	25	35	37	36	68	37	92	38	136	39	211	40	307	41	458	42	737	43	1017	44	1441	45	1994	46	2753	47	3553	48	4385	49	5187	50	6013	51	6700	52	7092	53	7501	54	7292	55	6882	56	6451	57	5966	58	5007	59	4330	60	3434	61	2858	62	2165	63	1657	64	1243	65	896	66	680	67	446	68	318	69	207	70	139	71	108	72	58	73	52	74	24	75	21	76	8	77	9	78	2	79	2	80	2	81	2	84	1
980	11	1	12	1	13	2	14	1	15	4	16	4	17	4	18	2	19	7	20	13	21	10	22	14	23	21	24	36	25	70	26	97	27	90	28	92	29	111	30	135	31	121	32	128	33	117	34	105	35	82	36	84	37	102	38	152	39	190	40	240	41	419	42	610	43	784	44	1179	45	1659	46	2258	47	2861	48	3701	49	4507	50	5368	51	6057	52	6603	53	7108	54	7229	55	7084	56	6706	57	6171	58	5541	59	4773	60	4028	61	3327	62	2625	63	2041	64	1521	65	1166	66	777	67	606	68	400	69	281	70	208	71	121	72	86	73	69	74	38	75	21	76	15	77	7	78	1	79	3	80	3	81	1	86	1
981	28	1	29	1	30	2	31	3	32	8	33	11	34	24	35	26	36	45	37	69	38	113	39	146	40	205	41	333	42	448	43	667	44	986	45	1419	46	1836	47	2461	48	3248	49	3968	50	4885	51	5842	52	6396	53	6807	54	7254	55	7138	56	6919	57	6666	58	5938	59	5258	60	4664	61	3903	62	3072	63	2443	64	1862	65	1428	66	1032	67	757	68	548	69	377	70	277	71	171	72	119	73	74	74	55	75	28	76	24	77	19	78	5	79	7	80	3	81	2	82	2	84	3	86	1	88	1
982	17	1	18	1	20	1	21	4	22	5	23	13	24	19	25	46	26	52	27	78	28	96	29	126	30	109	31	135	32	125	33	96	34	115	35	87	36	60	37	33	38	45	39	47	40	87	41	116	42	207	43	327	44	486	45	803	46	1218	47	1640	48	2394	49	3134	50	3923	51	4784	52	5593	53	6515	54	6948	55	7238	56	7249	57	7080	58	6700	59	5989	60	5217	61	4445	62	3894	63	3103	64	2555	65	1934	66	1471	67	1054	68	798	69	608	70	360	71	292	72	181	73	109	74	91	75	56	76	38	77	24	78	15	79	14	80	5	81	4	82	3	84	2	85	1	88	1
983	30	3	31	2	32	5	33	6	34	15	35	15	36	28	37	42	38	69	39	96	40	150	41	211	42	263	43	373	44	586	45	818	46	1113	47	1629	48	2136	49	2703	50	3469	51	4244	52	5113	53	5858	54	6489	55	7096	56	7070	57	7230	58	6956	59	6331	60	5719	61	5028	62	4317	63	3448	64	2858	65	2227	66	1763	67	1308	68	961	69	696	70	510	71	352	72	233	73	140	74	110	75	86	76	45	77	28	78	21	79	15	80	5	81	5	82	2	83	1	84	3
984	12	1	13	1	15	5	16	2	17	1	18	2	19	6	20	5	21	6	22	10	23	19	24	20	25	40	26	54	27	66	28	84	29	95	30	103	31	101	32	143	33	130	34	121	35	102	36	90	37	77	38	72	39	99	40	107	41	142	42	180	43	291	44	409	45	650	46	881	47	1213	48	1611	49	2225	50	2867	51	3591	52	4448	53	5222	54	6004	55	6491	56	6856	57	7149	58	6825	59	6722	60	6213	61	5557	62	4771	63	4071	64	3395	65	2834	66	2052	67	1574	68	1225	69	872	70	700	71	444	72	305	73	210	74	130	75	101	76	73	77	46	78	30	79	18	80	20	81	12	82	1	83	4	84	1	85	2
985	31	1	34	2	35	10	36	6	37	15	38	20	39	33	40	66	41	94	42	140	43	171	44	290	45	394	46	619	47	802	48	1112	49	1572	50	2127	51	2783	52	3569	53	4514	54	5376	55	6007	56	6618	57	7179	58	7255	59	7098	60	6761	61	6303	62	5724	63	4938	64	4132	65	3344	66	2817	67	2191	68	1621	69	1205	70	917	71	660	72	457	73	350	74	227	75	165	76	107	77	65	78	51	79	34	80	19	81	11	82	11	83	8	84	6	86	2	88	1
986	20	1	21	5	22	8	23	19	24	17	25	28	26	27	27	60	28	73	29	93	30	109	31	131	32	127	33	123	34	108	35	92	36	88	37	67	38	52	39	44	40	36	41	41	42	48	43	62	44	121	45	181	46	350	47	502	48	810	49	1185	50	1618	51	2272	52	2913	53	3784	54	4679	55	5405	56	6085	57	6747	58	7220	59	7079	60	7136	61	6565	62	6243	63	5376	64	4694	65	3893	66	3363	67	2639	68	2027	69	1589	70	1197	71	869	72	608	73	431	74	287	75	225	76	169	77	80	78	76	79	47	80	26	81	19	82	10	83	10	84	2	85	4	86	2	88	2	95	1
987	31	1	32	2	33	2	34	5	35	5	36	15	37	17	38	16	39	30	40	44	41	79	42	101	43	136	44	187	45	298	46	385	47	568	48	736	49	1019	50	1400	51	1878	52	2565	53	3270	54	3995	55	4754	56	5630	57	6213	58	6625	59	7086	60	6954	61	6923	62	6360	63	5975	64	5380	65	4510	66	3830	67	3190	68	2541	69	1932	70	1484	71	1194	72	774	73	562	74	449	75	300	76	196	77	132	78	75	79	75	80	30	81	24	82	22	83	12	84	7	85	1	86	2	87	2	90	1	94	1
988	8	1	10	1	14	2	15	2	16	1	17	5	18	7	19	6	20	2	21	2	22	2	23	5	24	11	25	16	26	25	27	34	28	48	29	71	30	80	31	90	32	124	33	139	34	136	35	106	36	96	37	82	38	78	39	80	40	73	41	83	42	76	43	108	44	144	45	220	46	278	47	391	48	517	49	738	50	1034	51	1422	52	1953	53	2538	54	3220	55	4011	56	4790	57	5594	58	6218	59	6527	60	6830	61	7178	62	6756	63	6384	64	5907	65	5206	66	4391	67	3757	68	3051	69	2391	70	1878	71	1425	72	1036	73	815	74	560	75	387	76	269	77	185	78	137	79	92	80	59	81	49	82	25	83	17	84	7	85	11	86	4	87	2	88	1	89	2	93	1
989	32	1	34	3	35	2	36	2	37	10	38	12	39	11	40	27	41	55	42	54	43	89	44	117	45	183	46	232	47	347	48	435	49	600	50	868	51	1191	52	1540	53	2128	54	2753	55	3392	56	4258	57	5056	58	5694	59	6272	60	6730	61	6844	62	6986	63	6721	64	6354	65	5684	66	5202	67	4333	68	3730	69	2917	70	2426	71	1808	72	1344	73	1012	74	784	75	556	76	389	77	279	78	202	79	126	80	77	81	64	82	27	83	24	84	18	85	12	86	6	87	2	88	6	89	1	90	1	91	1	92	1	97	1
990	19	1	21	5	22	4	23	5	24	10	25	11	26	27	27	27	28	44	29	53	30	71	31	89	32	103	33	108	34	104	35	103	36	120	37	104	38	64	39	64	40	51	41	48	42	34	43	26	44	39	45	43	46	61	47	109	48	204	49	333	50	479	51	692	52	1109	53	1524	54	2061	55	2784	56	3548	57	4422	58	5101	59	5896	60	6342	61	6689	62	6990	63	7057	64	6672	65	6240	66	5696	67	5050	68	4195	69	3537	70	2869	71	2321	72	1797	73	1392	74	1018	75	732	76	548	77	379	78	253	79	178	80	123	81	88	82	50	83	35	84	27	85	15	86	7	87	6	89	7	90	2	91	2	93	1	94	1
991	35	1	36	3	37	4	39	9	40	9	41	23	42	27	43	45	44	67	45	104	46	112	47	185	48	262	49	329	50	439	51	609	52	796	53	1168	54	1550	55	2056	56	2789	57	3435	58	4285	59	5003	60	5802	61	6439	62	6787	63	7075	64	6959	65	6879	66	6369	67	5692	68	5110	69	4301	70	3578	71	2923	72	2326	73	1747	74	1300	75	970	76	735	77	498	78	384	79	276	80	179	81	121	82	89	83	58	84	28	85	28	86	15	87	10	88	4	89	1	90	2	91	4	92	1
992	12	1	13	1	16	3	17	3	18	6	19	3	20	9	21	6	22	3	23	3	24	3	25	12	26	5	27	28	28	25	29	34	30	49	31	73	32	107	33	95	34	99	35	124	36	116	37	112	38	102	39	95	40	75	41	90	42	53	43	71	44	74	45	92	46	99	47	153	48	193	49	264	50	363	51	538	52	639	53	917	54	1248	55	1666	56	2212	57	2731	58	3557	59	4206	60	4957	61	5741	62	6198	63	6734	64	6850	65	6911	66	6715	67	6080	68	5468	69	5078	70	4134	71	3453	72	2833	73	2176	74	1753	75	1274	76	970	77	727	78	484	79	354	80	248	81	171	82	110	83	72	84	56	85	34	86	19	87	11	88	12	89	9	90	4	91	1	92	3	94	1	97	1
993	30	1	31	1	34	1	35	1	36	3	37	5	38	1	39	4	40	14	41	23	42	31	43	43	44	40	45	54	46	93	47	105	48	165	49	229	50	299	51	413	52	538	53	745	54	1003	55	1377	56	1791	57	2330	58	3093	59	3713	60	4410	61	5153	62	5864	63	6513	64	6701	65	6817	66	6869	67	6525	68	6077	69	5439	70	4780	71	4115	72	3428	73	2827	74	2179	75	1707	76	1239	77	975	78	672	79	504	80	369	81	237	82	186	83	102	84	76	85	43	86	26	87	14	88	15	89	6	90	7	91	2	92	4	94	2	97	1
994	21	2	24	3	25	7	26	8	27	11	28	15	29	33	30	45	31	59	32	73	33	92	34	118	35	100	36	106	37	111	38	100	39	101	40	72	41	69	42	54	43	48	44	20	45	31	46	19	47	25	48	28	49	60	50	98	51	157	52	243	53	411	54	598	55	853	56	1186	57	1734	58	2360	59	2982	60	3734	61	4462	62	5266	63	5844	64	6430	65	6815	66	6883	67	6906	68	6544	69	6263	70	5437	71	4776	72	4068	73	3473	74	2757	75	2136	76	1729	77	1293	78	923	79	707	80	493	81	342	82	241	83	138	84	112	85	58	86	47	87	33	88	17	89	17	90	9	91	4	92	4	93	4	94	1	95	2
995	36	1	37	1	38	4	39	4	40	7	41	9	42	12	43	31	44	36	45	53	46	57	47	83	48	127	49	135	50	202	51	266	52	337	53	487	54	582	55	849	56	1104	57	1436	58	1939	59	2454	60	3089	61	3764	62	4634	63	5175	64	5773	65	6355	66	6609	67	6707	68	6895	69	6387	70	6140	71	5292	72	4765	73	4001	74	3278	75	2648	76	2191	77	1684	78	1202	79	927	80	695	81	465	82	374	83	255	84	152	85	136	86	57	87	53	88	30	89	21	90	9	91	8	92	4	93	5	95	3	96	1
996	16	1	17	4	19	4	20	2	21	4	22	2	23	6	24	2	25	4	26	7	27	6	28	11	29	22	30	23	31	36	32	63	33	68	34	88	35	119	36	100	37	117	38	124	39	107	40	89	41	81	42	83	43	59	44	40	45	50	46	54	47	72	48	58	49	107	50	152	51	200	52	270	53	336	54	406	55	552	56	707	57	1106	58	1389	59	1832	60	2330	61	3113	62	3724	63	4494	64	5091	65	5790	66	6328	67	6583	68	6708	69	6749	70	6382	71	5959	72	5285	73	4672	74	4074	75	3348	76	2632	77	2171	78	1619	79	1228	80	928	81	674	82	448	83	347	84	240	85	164	86	115	87	84	88	57	89	37	90	23	91	19	92	8	93	4	94	5	95	2	96	1	97	1
997	28	1	38	3	39	1	40	2	41	1	42	10	43	3	44	14	45	16	46	23	47	49	48	54	49	76	50	109	51	154	52	215	53	242	54	348	55	442	56	564	57	794	58	1065	59	1410	60	1896	61	2424	62	3072	63	3821	64	4590	65	5210	66	6053	67	6348	68	6708	69	6849	70	6742	71	6551	72	5909	73	5347	74	4646	75	4067	76	3294	77	2647	78	2150	79	1636	80	1258	81	961	82	667	83	517	84	352	85	210	86	159	87	106	88	66	89	53	90	29	91	25	92	18	93	9	94	5	95	4	96	2	97	2	98	1
998	22	1	23	1	24	1	25	3	26	8	27	2	28	12	29	25	30	20	31	37	32	41	33	59	34	63	35	102	36	91	37	113	38	121	39	110	40	91	41	89	42	65	43	60	44	34	45	34	46	38	47	20	48	23	49	25	50	31	51	52	52	71	53	96	54	158	55	218	56	353	57	527	58	819	59	1004	60	1399	61	1890	62	2523	63	3147	64	3917	65	4503	66	5249	67	5874	68	6400	69	6697	70	6813	71	6686	72	6517	73	5847	74	5313	75	4742	76	3980	77	3255	78	2647	79	2106	80	1643	81	1215	82	872	83	674	84	448	85	320	86	209	87	163	88	101	89	81	90	56	91	30	92	27	93	9	94	13	95	6	96	2	97	5	98	1	99	1	100	1
999	36	1	37	1	38	3	39	1	40	3	41	1	42	6	43	9	44	5	45	16	46	27	47	28	48	41	49	81	50	84	51	131	52	138	53	195	54	273	55	364	56	402	57	526	58	712	59	881	60	1176	61	1564	62	2031	63	2577	64	3156	65	3981	66	4646	67	5228	68	5740	69	6394	70	6762	71	6637	72	6628	73	6327	74	5808	75	5190	76	4525	77	3916	78	3232	79	2653	80	2035	81	1572	82	1208	83	912	84	655	85	473	86	344	87	228	88	154	89	100	90	88	91	54	92	27	93	20	94	9	95	10	96	3	97	4	98	1	100	1	101	1	104	1
1000	12	1	14	3	16	1	17	1	18	3	19	4	20	2	21	4	22	3	23	4	24	3	25	2	26	4	27	6	28	9	29	9	30	18	31	17	32	25	33	43	34	57	35	64	36	90	37	101	38	111	39	95	40	115	41	94	42	87	43	95	44	73	45	68	46	58	47	39	48	52	49	56	50	71	51	103	52	112	53	156	54	223	55	273	56	310	57	396	58	505	59	662	60	849	61	1155	62	1524	63	1904	64	2453	65	3151	66	3829	67	4570	68	5183	69	5881	70	6348	71	6546	72	6629	73	6597	74	6253	75	5774	76	5205	77	4561	78	3792	79	3134	80	2510	81	2040	82	1622	83	1250	84	904	85	640	86	449	87	330	88	233	89	168	90	81	91	82	92	43	93	27	94	24	95	6	96	11	97	6	98	5	99	1	100	1	107	1
