1	1	100000
2	1	100000
3	1	100000
4	1	100000
5	1	100000
6	1	100000
7	1	100000
8	1	100000
9	1	100000
10	1	100000
11	1	100000
12	1	100000
13	1	100000
14	1	100000
15	1	100000
16	1	100000
17	1	100000
18	1	100000
19	1	100000
20	1	100000
21	1	100000
22	1	100000
23	1	100000
24	1	100000
25	1	100000
26	1	100000
27	1	100000
28	1	100000
29	1	100000
30	1	100000
31	1	100000
32	1	100000
33	1	100000
34	1	99999	2	1
35	1	100000
36	1	99999	2	1
37	1	100000
38	1	100000
39	1	100000
40	1	100000
41	1	100000
42	1	100000
43	1	100000
44	1	99998	2	2
45	1	100000
46	1	99997	2	3
47	1	100000
48	1	99996	2	4
49	1	100000
50	1	99999	2	1
51	1	100000
52	1	99997	2	3
53	1	100000
54	1	99998	2	2
55	1	100000
56	1	99997	2	3
57	1	100000
58	1	99999	2	1
59	1	100000
60	1	99997	2	3
61	1	100000
62	1	99996	2	4
63	1	100000
64	1	99992	2	8
65	1	100000
66	1	99996	2	4
67	1	100000
68	1	99989	2	11
69	1	100000
70	1	99995	2	5
71	1	100000
72	1	99995	2	5
73	1	100000
74	1	99995	2	5
75	1	100000
76	1	99991	2	9
77	1	100000
78	1	99991	2	9
79	1	100000
80	1	99987	2	13
81	1	100000
82	1	99994	2	6
83	1	100000
84	1	99994	2	5	3	1
85	1	100000
86	1	99992	2	8
87	1	100000
88	1	99989	2	11
89	1	100000
90	1	99991	2	9
91	1	100000
92	1	99994	2	6
93	1	100000
94	1	99995	2	5
95	1	100000
96	1	99993	2	7
97	1	100000
98	1	99991	2	9
99	1	100000
100	1	99987	2	13
101	1	100000
102	1	99986	2	14
103	1	100000
104	1	99986	2	14
105	1	100000
106	1	99991	2	9
107	1	100000
108	1	99995	2	5
109	1	100000
110	1	99992	2	8
111	1	100000
112	1	99995	2	5
113	1	100000
114	1	99990	2	10
115	1	100000
116	1	99989	2	11
117	1	99999	3	1
118	1	99990	2	10
119	1	100000
120	1	99989	2	11
121	1	100000
122	1	99995	2	5
123	1	100000
124	1	99987	2	13
125	1	100000
126	1	99982	2	18
127	1	100000
128	1	99991	2	9
129	1	99999	3	1
130	1	99981	2	19
131	1	100000
132	1	99986	2	14
133	1	100000
134	1	99985	2	15
135	1	100000
136	1	99991	2	9
137	1	100000
138	1	99986	2	13	3	1
139	1	100000
140	1	99986	2	14
141	1	100000
142	1	99983	2	17
143	1	100000
144	1	99989	2	11
145	1	100000
146	1	99986	2	14
147	1	100000
148	1	99987	2	13
149	1	100000
150	1	99981	2	19
151	1	100000
152	1	99988	2	12
153	1	100000
154	1	99989	2	11
155	1	100000
156	1	99987	2	13
157	1	100000
158	1	99983	2	17
159	1	100000
160	1	99984	2	16
161	1	100000
162	1	99989	2	11
163	1	100000
164	1	99990	2	10
165	1	100000
166	1	99978	2	22
167	1	100000
168	1	99981	2	19
169	1	100000
170	1	99986	2	14
171	1	100000
172	1	99989	2	11
173	1	100000
174	1	99986	2	14
175	1	100000
176	1	99991	2	9
177	1	100000
178	1	99986	2	14
179	1	100000
180	1	99984	2	16
181	1	100000
182	1	99993	2	7
183	1	99999	3	1
184	1	99999	2	1
185	1	100000
186	1	99983	2	17
187	1	100000
188	1	99987	2	13
189	1	100000
190	1	99979	2	21
191	1	100000
192	1	99983	2	17
193	1	100000
194	1	99983	2	17
195	1	100000
196	1	99979	2	21
197	1	100000
198	1	99988	2	12
199	1	100000
200	1	99984	2	16
201	1	100000
202	1	99983	2	17
203	1	100000
204	1	99994	2	5	3	1
205	1	100000
206	1	99978	2	22
207	1	100000
208	1	99982	2	18
209	1	100000
210	1	99983	2	17
211	1	100000
212	1	99981	2	19
213	1	100000
214	1	99985	2	15
215	1	100000
216	1	99982	2	18
217	1	100000
218	1	99985	2	15
219	1	100000
220	1	99984	2	16
221	1	100000
222	1	99985	2	15
223	1	100000
224	1	99983	2	17
225	1	100000
226	1	99985	2	15
227	1	100000
228	1	99983	2	17
229	1	99999	2	1
230	1	99983	2	17
231	1	100000
232	1	99976	2	24
233	1	100000
234	1	99991	2	9
235	1	100000
236	1	99989	2	11
237	1	100000
238	1	99982	2	18
239	1	100000
240	1	99988	2	12
241	1	100000
242	1	99983	2	17
243	1	100000
244	1	99979	2	21
245	1	100000
246	1	99991	2	9
247	1	100000
248	1	99979	2	21
249	1	100000
250	1	99974	2	26
251	1	99977	2	23
252	1	99967	2	33
253	1	99991	2	9
254	1	99971	2	29
255	1	99986	2	14
256	1	99977	2	23
257	1	99994	2	6
258	1	99976	2	24
259	1	99991	2	9
260	1	99971	2	29
261	1	99999	2	1
262	1	99979	2	21
263	1	99995	2	5
264	1	99975	2	25
265	1	99994	2	6
266	1	99984	2	16
267	1	99998	2	2
268	1	99983	2	17
269	1	99997	2	3
270	1	99975	2	25
271	1	100000
272	1	99977	2	23
273	1	99996	2	4
274	1	99977	2	23
275	1	99989	2	11
276	1	99980	2	20
277	1	99996	2	4
278	1	99987	2	13
279	1	99997	2	3
280	1	99979	2	21
281	1	99996	2	4
282	1	99981	2	19
283	1	99998	2	2
284	1	99976	2	24
285	1	99999	2	1
286	1	99975	2	25
287	1	99998	2	2
288	1	99984	2	16
289	1	99996	2	4
290	1	99978	2	22
291	1	100000
292	1	99981	2	19
293	1	100000
294	1	99977	2	23
295	1	100000
296	1	99973	2	27
297	1	100000
298	1	99986	2	14
299	1	100000
300	1	99989	2	11
301	1	99998	2	2
302	1	99980	2	20
303	1	99999	2	1
304	1	99978	2	22
305	1	99999	2	1
306	1	99985	2	15
307	1	100000
308	1	99982	2	18
309	1	100000
310	1	99981	2	19
311	1	100000
312	1	99982	2	18
313	1	99998	2	2
314	1	99984	2	16
315	1	99996	2	4
316	1	99979	2	21
317	1	99999	2	1
318	1	99978	2	22
319	1	99996	2	4
320	1	99982	2	18
321	1	99994	2	6
322	1	99971	2	29
323	1	99998	2	2
324	1	99982	2	18
325	1	99991	2	9
326	1	99979	2	21
327	1	99998	2	2
328	1	99975	2	25
329	1	99997	2	3
330	1	99974	2	25	3	1
331	1	99993	2	7
332	1	99983	2	17
333	1	99993	2	7
334	1	99934	2	66
335	1	99985	2	15
336	1	99922	2	78
337	1	99982	2	18
338	1	99947	2	53
339	1	99991	2	9
340	1	99945	2	55
341	1	99985	2	15
342	1	99951	2	49
343	1	99989	2	11
344	1	99955	2	45
345	1	99983	2	17
346	1	99948	2	52
347	1	99989	2	11
348	1	99952	2	48
349	1	99994	2	6
350	1	99951	2	49
351	1	99995	2	5
352	1	99933	2	67
353	1	99995	2	4	3	1
354	1	99947	2	52	3	1
355	1	99991	2	9
356	1	99958	2	42
357	1	99994	2	6
358	1	99963	2	37
359	1	99983	2	17
360	1	99900	2	100
361	1	99994	2	6
362	1	99947	2	53
363	1	99980	2	20
364	1	99953	2	47
365	1	99986	2	14
366	1	99950	2	50
367	1	99984	2	16
368	1	99951	2	49
369	1	99983	2	17
370	1	99953	2	47
371	1	99985	2	15
372	1	99944	2	56
373	1	99975	2	25
374	1	99938	2	62
375	1	99989	2	11
376	1	99952	2	48
377	1	99978	2	22
378	1	99941	2	59
379	1	99976	2	24
380	1	99936	2	64
381	1	99972	2	28
382	1	99927	2	73
383	1	99985	2	15
384	1	99942	2	58
385	1	99983	2	17
386	1	99936	2	64
387	1	99971	2	29
388	1	99932	2	68
389	1	99964	2	36
390	1	99920	2	80
391	1	99968	2	32
392	1	99912	2	88
393	1	99968	2	32
394	1	99907	2	93
395	1	99949	2	51
396	1	99922	2	78
397	1	99958	2	42
398	1	99909	2	91
399	1	99937	2	63
400	1	99937	2	63
401	1	99960	2	40
402	1	99931	2	69
403	1	99962	2	38
404	1	99911	2	89
405	1	99957	2	43
406	1	99907	2	93
407	1	99963	2	36	3	1
408	1	99929	2	71
409	1	99952	2	48
410	1	99883	2	117
411	1	99936	2	63	3	1
412	1	99887	2	112	3	1
413	1	99945	2	55
414	1	99911	2	89
415	1	99937	2	63
416	1	99892	2	108
417	1	99938	2	61	3	1
418	1	99881	2	119
419	1	99927	2	73
420	1	99902	2	97	3	1
421	1	99917	2	83
422	1	99868	2	132
423	1	99906	2	93	3	1
424	1	99838	2	162
425	1	99911	2	89
426	1	99883	2	116	3	1
427	1	99910	2	89	3	1
428	1	99878	2	122
429	1	99895	2	104	3	1
430	1	99850	2	149	3	1
431	1	99893	2	107
432	1	99812	2	188
433	1	99879	2	121
434	1	99838	2	162
435	1	99875	2	125
436	1	99799	2	201
437	1	99873	2	127
438	1	99795	2	205
439	1	99849	2	151
440	1	99825	2	175
441	1	99845	2	155
442	1	99769	2	230	3	1
443	1	99830	2	169	3	1
444	1	99748	2	251	3	1
445	1	99854	2	146
446	1	99816	2	184
447	1	99837	2	163
448	1	99785	2	215
449	1	99839	2	160	3	1
450	1	99740	2	260
451	1	99822	2	178
452	1	99769	2	231
453	1	99815	2	185
454	1	99700	2	299	3	1
455	1	99787	2	213
456	1	99715	2	284	3	1
457	1	99742	2	257	3	1
458	1	99735	2	265
459	1	99756	2	242	3	2
460	1	99684	2	315	3	1
461	1	99703	2	295	3	2
462	1	99710	2	289	3	1
463	1	99718	2	282
464	1	99676	2	323	3	1
465	1	99703	2	297
466	1	99666	2	334
467	1	99698	2	301	3	1
468	1	99593	2	406	3	1
469	1	99623	2	377
470	1	99521	2	476	3	3
471	1	99658	2	340	3	2
472	1	99615	2	384	3	1
473	1	99612	2	387	3	1
474	1	99557	2	442	3	1
475	1	99603	2	396	3	1
476	1	99495	2	505
477	1	99605	2	395
478	1	99523	2	476	3	1
479	1	99561	2	437	3	2
480	1	99436	2	562	3	2
481	1	99537	2	461	3	2
482	1	99482	2	517	3	1
483	1	99505	2	495
484	1	99416	2	584
485	1	99471	2	526	3	3
486	1	99322	2	678
487	1	99425	2	575
488	1	99365	2	631	3	4
489	1	99363	2	637
490	1	99240	2	760
491	1	99339	2	659	3	2
492	1	99245	2	754	3	1
493	1	99211	2	785	3	4
494	1	99170	2	827	3	3
495	1	99220	2	776	3	4
496	1	99113	2	885	3	2
497	1	99173	2	824	3	3
498	1	99081	2	915	3	4
499	1	98973	2	1026	3	1
500	1	99194	2	803	3	3
501	1	4626	2	94467	3	902	4	5
502	1	9289	2	89826	3	866	4	18	5	1
503	1	13471	2	85717	3	792	4	20
504	1	17538	2	81623	3	790	4	48	5	1
505	1	21353	2	77751	3	681	4	214	5	1
506	1	25005	2	74296	3	648	4	51
507	1	28637	2	70701	3	571	4	88	5	3
508	1	32013	2	67346	3	556	4	85
509	1	35391	2	63948	3	535	4	124	5	2
510	1	38472	2	60711	3	613	4	201	5	3
511	1	41182	2	58241	3	473	4	101	5	3
512	1	43979	2	55399	3	533	4	89
513	1	46606	2	52817	3	468	4	108	5	1
514	1	49023	2	50317	3	535	4	125
515	1	51499	2	47873	3	454	4	173	5	1
516	1	53328	2	46079	3	496	4	95	5	2
517	1	55790	2	43655	3	431	4	121	5	2	6	1
518	1	57738	2	41637	3	495	4	127	5	2	6	1
519	1	59851	2	39622	3	414	4	112	5	1
520	1	61551	2	37721	3	544	4	181	5	3
521	1	63466	2	35912	3	500	4	121	5	1
522	1	65009	2	34385	3	503	4	100	5	2	6	1
523	1	66712	2	32671	3	515	4	101	5	1
524	1	68363	2	31000	3	529	4	107	5	1
525	1	69457	2	29885	3	514	4	142	5	2
526	1	71118	2	28188	3	545	4	146	5	2	6	1
527	1	72340	2	27063	3	468	4	128	6	1
528	1	73543	2	25830	3	518	4	106	5	3
529	1	74805	2	24595	3	490	4	105	5	5
530	1	75597	2	23680	3	590	4	131	5	2
531	1	77102	2	22260	3	539	4	97	5	1	6	1
532	1	77827	2	21475	3	594	4	103	5	1
533	1	78926	2	20452	3	525	4	95	5	1	6	1
534	1	79722	2	19599	3	569	4	107	5	2	6	1
535	1	80482	2	18825	3	579	4	112	5	2
536	1	81766	2	17579	3	559	4	94	5	2
537	1	82409	2	16927	3	578	4	86
538	1	83212	2	16120	3	573	4	92	5	2	6	1
539	1	83596	2	15706	3	621	4	76	5	1
540	1	84009	2	15188	3	700	4	101	5	2
541	1	85144	2	14188	3	593	4	71	5	4
542	1	85612	2	13718	3	606	4	64
543	1	86069	2	13212	3	646	4	69	5	3	7	1
544	1	86511	2	12716	3	699	4	68	5	6
545	1	86810	2	12380	3	723	4	86	5	1
546	1	87864	2	11447	3	617	4	66	5	4	6	2
547	1	88172	2	11127	3	642	4	58	5	1
548	1	88586	2	10696	3	653	4	63	5	1	6	1
549	1	88922	2	10372	3	636	4	64	5	6
550	1	89168	2	9985	3	775	4	69	5	2	6	1
551	1	89809	2	9512	3	611	4	64	5	4
552	1	89975	2	9267	3	697	4	56	5	5
553	1	90044	2	9156	3	749	4	50	5	1
554	1	90504	2	8700	3	720	4	73	5	3
555	1	90742	2	8412	3	768	4	72	5	6
556	1	90979	2	8200	3	769	4	51	5	1
557	1	91156	2	8060	3	727	4	54	5	3
558	1	91469	2	7673	3	805	4	51	5	2
559	1	91577	2	7606	3	762	4	53	5	2
560	1	91899	2	7270	3	769	4	59	5	3
561	1	92011	2	7137	3	796	4	49	5	6	6	1
562	1	92270	2	6916	3	774	4	37	5	3
563	1	92191	2	6949	3	804	4	53	5	3
564	1	92356	2	6776	3	824	4	44
565	1	92275	2	6808	3	852	4	58	5	7
566	1	92744	2	6447	3	762	4	45	5	2
567	1	92885	2	6209	3	854	4	47	5	5
568	1	92697	2	6399	3	853	4	47	5	4
569	1	92740	2	6380	3	821	4	56	5	3
570	1	92557	2	6535	3	858	4	47	5	3
571	1	92475	2	6643	3	831	4	49	5	2
572	1	93593	2	5515	3	848	4	41	5	3
573	1	93509	2	5697	3	760	4	30	5	4
574	1	93560	2	5591	3	811	4	36	5	2
575	1	93341	2	5845	3	770	4	42	5	2
576	1	92989	2	6170	3	796	4	43	5	2
577	1	93477	2	5749	3	734	4	38	5	2
578	1	93282	2	5814	3	850	4	47	5	7
579	1	93212	2	5893	3	841	4	49	5	4	8	1
580	1	93202	2	5822	3	916	4	56	5	4
581	1	93132	2	5925	3	896	4	45	5	1	6	1
582	1	93441	2	5735	3	776	4	43	5	5
583	1	93327	2	5821	3	808	4	41	5	3
584	1	92958	2	6180	3	807	4	50	5	5
585	1	92914	2	6152	3	869	4	58	5	7
586	1	92827	2	6226	3	888	4	51	5	8
587	1	92684	2	6402	3	865	4	48	5	1
588	1	92448	2	6533	3	958	4	58	5	3
589	1	92901	2	6173	3	869	4	54	5	3
590	1	92683	2	6326	3	918	4	66	5	5	6	1	8	1
591	1	92494	2	6554	3	891	4	58	5	3
592	1	92180	2	6774	3	976	4	67	5	3
593	1	92428	2	6622	3	883	4	57	5	10
594	1	92314	2	6717	3	917	4	48	5	4
595	1	91935	2	7011	3	998	4	52	5	4
596	1	92081	2	6916	3	953	4	46	5	4
597	1	91829	2	7127	3	986	4	54	5	4
598	1	91794	2	7120	3	1029	4	50	5	6	6	1
599	1	91541	2	7386	3	1006	4	62	5	5
600	1	91237	2	7620	3	1056	4	81	5	6
601	1	90671	2	8207	3	1039	4	80	5	3
602	1	90588	2	8288	3	1053	4	64	5	5	6	2
603	1	90605	2	8233	3	1079	4	76	5	6	6	1
604	1	89875	2	8859	3	1175	4	84	5	6	6	1
605	1	90226	2	8631	3	1070	4	68	5	5
606	1	89987	2	8790	3	1125	4	91	5	6	6	1
607	1	90098	2	8670	3	1131	4	97	5	4
608	1	89199	2	9439	3	1248	4	104	5	9	6	1
609	1	89786	2	8964	3	1154	4	88	5	6	6	1	7	1
610	1	89530	2	9171	3	1204	4	86	5	8	6	1
611	1	89045	2	9620	3	1232	4	97	5	6
612	1	88426	2	10169	3	1301	4	93	5	9	6	2
613	1	88781	2	9882	3	1242	4	88	5	7
614	1	88382	2	10290	3	1226	4	94	5	6	6	2
615	1	87928	2	10604	3	1334	4	123	5	10	6	1
616	1	88009	2	10500	3	1369	4	116	5	5	6	1
617	1	88034	2	10402	3	1441	4	109	5	13	7	1
618	1	88179	2	10310	3	1382	4	123	5	6
619	1	87603	2	10856	3	1415	4	119	5	6	6	1
620	1	86881	2	11392	3	1587	4	124	5	16
621	1	87021	2	11266	3	1567	4	131	5	13	6	2
622	1	86717	2	11575	3	1554	4	140	5	13	6	1
623	1	86929	2	11375	3	1556	4	124	5	14	6	2
624	1	85726	2	12460	3	1650	4	149	5	14	6	1
625	1	85826	2	12439	3	1574	4	148	5	11	6	2
626	1	85333	2	12778	3	1718	4	158	5	12	6	1
627	1	85068	2	13041	3	1713	4	163	5	15
628	1	84152	2	13787	3	1856	4	187	5	17	6	1
629	1	84883	2	13233	3	1714	4	155	5	15
630	1	84067	2	13842	3	1902	4	175	5	13	6	1
631	1	83796	2	14107	3	1907	4	169	5	21
632	1	83633	2	14229	3	1925	4	200	5	11	6	1	7	1
633	1	83266	2	14620	3	1900	4	200	5	14
634	1	83013	2	14783	3	1985	4	206	5	10	6	3
635	1	82650	2	15052	3	2084	4	190	5	20	6	4
636	1	82331	2	15390	3	2024	4	236	5	17	6	2
637	1	81940	2	15681	3	2149	4	213	5	15	6	2
638	1	81327	2	16163	3	2250	4	238	5	20	6	2
639	1	80860	2	16538	3	2323	4	259	5	19	6	1
640	1	80261	2	16993	3	2440	4	277	5	29
641	1	80563	2	16730	3	2422	4	257	5	27	6	1
642	1	79843	2	17351	3	2501	4	277	5	25	6	2	7	1
643	1	79760	2	17393	3	2556	4	263	5	24	6	3	8	1
644	1	78603	2	18228	3	2821	4	317	5	29	6	2
645	1	78742	2	18217	3	2700	4	311	5	26	6	4
646	1	78142	2	18674	3	2831	4	320	5	31	6	2
647	1	77772	2	18956	3	2884	4	356	5	32
648	1	76446	2	20057	3	3119	4	341	5	32	6	4	7	1
649	1	77192	2	19458	3	2992	4	326	5	29	6	3
650	1	76394	2	20030	3	3157	4	364	5	52	6	3
651	1	75934	2	20392	3	3233	4	405	5	29	6	7
652	1	75191	2	20889	3	3442	4	439	5	35	6	4
653	1	75124	2	20961	3	3418	4	453	5	39	6	5
654	1	74214	2	21695	3	3613	4	437	5	35	6	6
655	1	73726	2	22019	3	3741	4	466	5	46	6	2
656	1	73017	2	22535	3	3863	4	522	5	57	6	5	8	1
657	1	73186	2	22246	3	4037	4	469	5	55	6	7
658	1	72175	2	23013	3	4206	4	533	5	63	6	10
659	1	71695	2	23368	3	4252	4	602	5	74	6	9
660	1	70063	2	24380	3	4820	4	657	5	74	6	6
661	1	70660	2	24031	3	4618	4	608	5	72	6	10	7	1
662	1	68899	2	25284	3	5030	4	689	5	81	6	17
663	1	69184	2	25051	3	4970	4	700	5	85	6	9	7	1
664	1	66629	2	26579	3	5762	4	887	5	128	6	13	7	2
665	1	67462	2	25965	3	5562	4	884	5	114	6	12	7	1
666	1	64909	2	27466	3	6373	4	1092	5	138	6	18	7	3	8	1
667	1	73463	2	21952	3	4015	4	515	5	55
668	1	71733	2	23172	3	4442	4	581	5	63	6	9
669	1	70321	2	24046	3	4846	4	696	5	84	6	7
670	1	70120	2	24145	3	4910	4	738	5	78	6	9
671	1	68884	2	25129	3	5116	4	766	5	94	6	10	7	1
672	1	67672	2	25818	3	5526	4	855	5	111	6	14	7	1	8	2	9	1
673	1	67691	2	25739	3	5586	4	884	5	93	6	6	7	1
674	1	67196	2	26042	3	5761	4	864	5	127	6	10
675	1	66439	2	26481	3	5969	4	939	5	144	6	25	7	3
676	1	64557	2	27681	3	6520	4	1065	5	159	6	17	7	1
677	1	65367	2	27043	3	6427	4	1026	5	118	6	15	7	3	9	1
678	1	65356	2	27020	3	6387	4	1077	5	136	6	23	7	1
679	1	63739	2	27971	3	6926	4	1183	5	168	6	13
680	1	62081	2	28880	3	7502	4	1297	5	210	6	27	7	3
681	1	62572	2	28475	3	7399	4	1342	5	184	6	24	7	4
682	1	62383	2	28840	3	7213	4	1353	5	188	6	19	7	3	8	1
683	1	61049	2	29640	3	7610	4	1445	5	227	6	25	7	3	8	1
684	1	59802	2	30166	3	8155	4	1616	5	220	6	35	7	6
685	1	60018	2	30033	3	8181	4	1484	5	252	6	30	7	2
686	1	60208	2	29948	3	8019	4	1544	5	246	6	31	7	3	8	1
687	1	58993	2	30565	3	8540	4	1612	5	249	6	32	7	9
688	1	56722	2	31533	3	9427	4	1969	5	304	6	41	7	4
689	1	57470	2	31515	3	8911	4	1796	5	273	6	32	7	3
690	1	56733	2	31602	3	9409	4	1906	5	310	6	32	7	7	8	1
691	1	55934	2	32061	3	9618	4	2004	5	328	6	46	7	8	8	1
692	1	54965	2	32476	3	9998	4	2135	5	364	6	53	7	8	8	1
693	1	54322	2	33058	3	10022	4	2153	5	367	6	67	7	9	8	2
694	1	54262	2	32651	3	10390	4	2218	5	408	6	67	7	3	8	1
695	1	52860	2	33462	3	10680	4	2451	5	466	6	66	7	13	8	2
696	1	52305	2	33473	3	11165	4	2543	5	429	6	72	7	13
697	1	51782	2	33695	3	11322	4	2612	5	497	6	75	7	16	8	1
698	1	51595	2	34112	3	11245	4	2559	5	414	6	67	7	8
699	1	50868	2	33924	3	11817	4	2797	5	500	6	75	7	17	8	2
700	1	49142	2	34564	3	12619	4	2980	5	592	6	84	7	18	8	1
701	1	49271	2	34599	3	12247	4	3179	5	586	6	99	7	16	8	3
702	1	48778	2	34703	3	12562	4	3224	5	632	6	82	7	18	8	1
703	1	47992	2	34930	3	12968	4	3334	5	644	6	112	7	16	8	4
704	1	45257	2	35678	3	14300	4	3815	5	784	6	137	7	26	8	2	9	1
705	1	45835	2	35677	3	13889	4	3679	5	774	6	127	7	17	8	1	9	1
706	1	47469	2	35019	3	13233	4	3424	5	713	6	124	7	14	8	3	9	1
707	1	45204	2	35748	3	14348	4	3765	5	773	6	131	7	28	8	3
708	1	44109	2	35912	3	14818	4	4041	5	911	6	176	7	28	8	3	9	1	10	1
709	1	43427	2	36131	3	15070	4	4226	5	939	6	163	7	38	8	5	10	1
710	1	43693	2	35795	3	15034	4	4330	5	954	6	166	7	20	8	7	9	1
711	1	42113	2	36348	3	15692	4	4536	5	1071	6	201	7	33	8	5	9	1
712	1	41023	2	36589	3	16277	4	4783	5	1068	6	216	7	38	8	4	9	2
713	1	41381	2	36216	3	16209	4	4819	5	1107	6	224	7	37	8	6	9	1
714	1	41067	2	36432	3	16104	4	4982	5	1129	6	232	7	41	8	13
715	1	39351	2	36905	3	17068	4	5082	5	1256	6	270	7	56	8	11	9	1
716	1	37289	2	36893	3	17978	4	5963	5	1510	6	286	7	64	8	14	9	2	10	1
717	1	38556	2	36766	3	17455	4	5549	5	1342	6	273	7	50	8	9
718	1	37549	2	36669	3	18053	4	5887	5	1481	6	306	7	49	8	5	9	1
719	1	36945	2	36914	3	18225	4	6026	5	1508	6	320	7	55	8	7
720	1	33800	2	37109	3	19704	4	6973	5	1881	6	430	7	88	8	12	9	2	10	1
721	1	35464	2	37106	3	18846	4	6420	5	1704	6	357	7	86	8	14	9	2	10	1
722	1	35010	2	36962	3	19103	4	6637	5	1830	6	373	7	66	8	17	9	2
723	1	33872	2	36829	3	19892	4	7060	5	1823	6	410	7	90	8	17	9	6	10	1
724	1	32670	2	36879	3	20288	4	7499	5	2074	6	481	7	98	8	10	9	1
725	1	31431	2	36649	3	21059	4	7972	5	2263	6	496	7	101	8	26	9	3
726	1	30962	2	36817	3	21133	4	8001	5	2370	6	569	7	123	8	20	9	4	10	1
727	1	30259	2	36373	3	21634	4	8427	5	2479	6	658	7	135	8	33	9	1	10	1
728	1	31312	2	36195	3	21147	4	8280	5	2370	6	563	7	100	8	23	9	9	10	1
729	1	30763	2	36260	3	21552	4	8232	5	2439	6	591	7	139	8	22	9	2
730	1	30520	2	35906	3	21624	4	8569	5	2544	6	672	7	141	8	18	9	4	10	2
731	1	29331	2	36338	3	21797	4	9023	5	2723	6	620	7	143	8	22	9	3
732	1	27742	2	35692	3	22748	4	9691	5	3122	6	788	7	176	8	33	9	6	10	2
733	1	28405	2	35797	3	22575	4	9444	5	2836	6	754	7	153	8	29	9	5	10	1	12	1
734	1	26895	2	35549	3	23366	4	9917	5	3189	6	860	7	179	8	38	9	6	10	1
735	1	26079	2	35080	3	23740	4	10550	5	3380	6	894	7	225	8	41	9	11
736	1	24660	2	34854	3	24230	4	10990	5	3898	6	1071	7	231	8	51	9	8	10	5	11	2
737	1	25609	2	35185	3	23799	4	10646	5	3527	6	946	7	227	8	50	9	9	10	1	11	1
738	1	24760	2	34601	3	24267	4	11190	5	3794	6	1059	7	262	8	55	9	11	10	1
739	1	23681	2	34508	3	24652	4	11664	5	4037	6	1119	7	262	8	66	9	8	10	3
740	1	22222	2	33764	3	25398	4	12361	5	4495	6	1319	7	336	8	79	9	20	10	3	11	2	12	1
741	1	22801	2	34261	3	25031	4	12021	5	4223	6	1279	7	295	8	73	9	15	10	1
742	1	21995	2	34100	3	24957	4	12671	5	4524	6	1353	7	297	8	83	9	18	10	2
743	1	21541	2	33465	3	25802	4	12760	5	4629	6	1374	7	339	8	69	9	18	10	2	11	1
744	1	20847	2	32694	3	26018	4	13377	5	5020	6	1513	7	421	8	81	9	25	10	4
745	1	19542	2	32165	3	26541	4	14040	5	5477	6	1644	7	443	8	124	9	19	10	5
746	1	19382	2	32405	3	26352	4	13999	5	5465	6	1779	7	481	8	105	9	24	10	6	11	2
747	1	19326	2	31948	3	26389	4	14229	5	5663	6	1776	7	507	8	131	9	27	10	2	11	2
748	1	17847	2	31274	3	26855	4	15016	5	6220	6	2041	7	586	8	134	9	22	10	5
749	1	17694	2	31360	3	26853	4	15107	5	6162	6	2038	7	587	8	148	9	46	10	3	11	2
750	1	17280	2	31105	3	26715	4	15440	5	6500	6	2119	7	627	8	173	9	29	10	10	11	1	12	1
751	1	14891	2	29125	3	27761	4	16836	5	7585	6	2672	7	856	8	212	9	48	10	11	11	3
752	1	14117	2	28582	3	27585	4	17491	5	8023	6	2950	7	922	8	248	9	65	10	12	11	4	13	1
753	1	13865	2	28121	3	27845	4	17549	5	8224	6	3081	7	978	8	263	9	59	10	12	11	3
754	1	13811	2	27950	3	27432	4	17725	5	8521	6	3209	7	1011	8	275	9	50	10	12	11	2	12	2
755	1	13072	2	27395	3	27564	4	18061	5	8958	6	3423	7	1098	8	323	9	81	10	22	11	2	12	1
756	1	12299	2	26821	3	27492	4	18675	5	9359	6	3689	7	1199	8	322	9	91	10	44	11	9
757	1	13064	2	27450	3	27604	4	18053	5	8808	6	3417	7	1169	8	308	9	101	10	19	11	6	12	1
758	1	11762	2	26262	3	27547	4	18978	5	9655	6	3886	7	1368	8	399	9	107	10	30	11	4	12	1	14	1
759	1	11573	2	25607	3	27505	4	19176	5	10152	6	3965	7	1418	8	440	9	119	10	34	11	7	12	3	13	1
760	1	11206	2	24915	3	27402	4	19512	5	10381	6	4354	7	1511	8	525	9	148	10	32	11	10	12	3	13	1
761	1	11008	2	24619	3	27295	4	19722	5	10595	6	4512	7	1552	8	530	9	110	10	39	11	14	12	3	14	1
762	1	10769	2	24415	3	27195	4	19807	5	10736	6	4757	7	1625	8	511	9	139	10	37	11	6	12	3
763	1	10175	2	23601	3	26913	4	20317	5	11313	6	5004	7	1844	8	589	9	177	10	46	11	20	14	1
764	1	9761	2	23122	3	27206	4	20663	5	11517	6	5000	7	1847	8	621	9	195	10	51	11	12	12	2	13	2	14	1
765	1	9696	2	23212	3	26984	4	20484	5	11491	6	5295	7	1916	8	616	9	220	10	66	11	17	12	2	13	1
766	1	9134	2	22282	3	26827	4	20797	5	12186	6	5638	7	2172	8	674	9	223	10	47	11	15	12	5
767	1	8626	2	21289	3	26499	4	21219	5	12811	6	6066	7	2355	8	769	9	277	10	70	11	13	12	4	13	2
768	1	7841	2	20492	3	25839	4	21778	5	13450	6	6547	7	2690	8	942	9	283	10	102	11	26	12	9	13	1
769	1	7688	2	20194	3	25914	4	21861	5	13495	6	6571	7	2808	8	1020	9	324	10	93	11	23	12	6	13	2	14	1
770	1	8306	2	20609	3	25911	4	21375	5	13282	6	6480	7	2692	8	907	9	304	10	86	11	38	12	9	13	1
771	1	7812	2	19994	3	25493	4	21745	5	13834	6	6737	7	2853	8	1043	9	371	10	81	11	24	12	10	13	2	14	1
772	1	7257	2	19494	3	25403	4	21924	5	14115	6	7122	7	3019	8	1125	9	377	10	123	11	27	12	11	13	1	14	1	15	1
773	1	6934	2	18624	3	25041	4	22286	5	14565	6	7422	7	3316	8	1213	9	420	10	128	11	40	12	7	13	2	14	2
774	1	6420	2	17857	3	24685	4	22311	5	15086	6	7994	7	3626	8	1335	9	481	10	137	11	50	12	17	13	1
775	1	6117	2	17662	3	24539	4	22482	5	15162	6	8165	7	3740	8	1403	9	479	10	177	11	45	12	21	13	5	14	3
776	1	6057	2	17138	3	24322	4	22447	5	15400	6	8475	7	3895	8	1471	9	553	10	172	11	53	12	12	13	2	14	2	17	1
777	1	5637	2	16529	3	23829	4	22741	5	15997	6	8800	7	4041	8	1628	9	539	10	177	11	60	12	14	13	3	14	5
778	1	5511	2	16705	3	23862	4	22529	5	15786	6	8879	7	4165	8	1675	9	602	10	198	11	67	12	11	13	8	14	2
779	1	5405	2	15431	3	23473	4	22772	5	16329	6	9417	7	4403	8	1826	9	639	10	192	11	84	12	16	13	10	14	3
780	1	4793	2	14622	3	22692	4	22745	5	16995	6	10009	7	4852	8	2118	9	778	10	278	11	74	12	33	13	7	14	3	15	1
781	1	4739	2	14539	3	22454	4	22758	5	17153	6	10136	7	4957	8	2072	9	815	10	269	11	77	12	20	13	8	14	1	15	1	16	1
782	1	4139	2	13644	3	21642	4	22638	5	17637	6	10923	7	5512	8	2388	9	968	10	352	11	122	12	27	13	6	14	2
783	1	4347	2	13689	3	21853	4	22574	5	17664	6	10596	7	5467	8	2371	9	957	10	304	11	110	12	45	13	16	14	6	15	1
784	1	3792	2	12530	3	20722	4	22669	5	18249	6	11372	7	6261	8	2730	9	1069	10	381	11	155	12	48	13	13	14	7	15	2
785	1	3927	2	12733	3	20790	4	22580	5	18046	6	11496	7	6013	8	2751	9	1057	10	407	11	139	12	37	13	16	14	6	16	1	18	1
786	1	3314	2	11758	3	19657	4	22401	5	18871	6	12212	7	6631	8	3103	9	1336	10	454	11	184	12	44	13	24	14	6	15	4	16	1
787	1	3468	2	11824	3	20344	4	22689	5	18229	6	11981	7	6336	8	3099	9	1252	10	499	11	181	12	63	13	24	14	7	15	4
788	1	3050	2	10899	3	18951	4	22173	5	18841	6	12842	7	7446	8	3471	9	1466	10	538	11	221	12	76	13	20	14	3	15	3
789	1	3117	2	10832	3	19176	4	21936	5	19289	6	12730	7	7123	8	3388	9	1521	10	587	11	190	12	77	13	27	14	5	15	2
790	1	2789	2	10145	3	18312	4	21883	5	19147	6	13493	7	7689	8	3841	9	1696	10	638	11	229	12	93	13	29	14	12	15	1	16	3
791	1	2472	2	9608	3	18038	4	21826	5	19518	6	13694	7	7912	8	4022	9	1825	10	702	11	262	12	82	13	30	14	6	15	2	16	1
792	1	2369	2	9085	3	17064	4	21534	5	19668	6	14243	7	8576	8	4292	9	1959	10	786	11	283	12	98	13	28	14	12	15	3
793	1	2318	2	8903	3	17036	4	21243	5	19501	6	14439	7	8783	8	4451	9	2034	10	818	11	295	12	124	13	39	14	10	15	5	16	1
794	1	1936	2	7940	3	15808	4	20595	5	19885	6	15392	7	9429	8	5131	9	2299	10	977	11	377	12	140	13	69	14	15	15	7
795	1	2095	2	8118	3	16036	4	20375	5	20002	6	14780	7	9364	8	5146	9	2433	10	988	11	406	12	171	13	50	14	24	15	7	16	3	17	1	18	1
796	1	1833	2	7407	3	15059	4	20047	5	19958	6	15606	7	10000	8	5536	9	2630	10	1194	11	465	12	170	13	66	14	18	15	6	16	4	17	1
797	1	1672	2	6893	3	14377	4	19785	5	20054	6	16032	7	10455	8	5787	9	2863	10	1237	11	545	12	196	13	60	14	30	15	9	16	2	17	1	18	2
798	1	1496	2	6482	3	13751	4	19367	5	20109	6	16192	7	10947	8	6206	9	3102	10	1410	11	606	12	230	13	61	14	27	15	9	16	4	18	1
799	1	1530	2	6300	3	13770	4	19257	5	19837	6	16423	7	11104	8	6306	9	3089	10	1431	11	590	12	237	13	82	14	26	15	13	16	2	17	2	19	1
800	1	2275	2	6576	3	13274	4	18759	5	19429	6	16369	7	11131	8	6579	9	3263	10	1460	11	527	12	228	13	88	14	28	15	10	16	3	17	1
801	1	3061	2	7070	3	13627	4	18482	5	19525	6	15884	7	10735	8	6215	9	3182	10	1360	11	538	12	209	13	74	14	25	15	9	16	4
802	1	2970	2	7172	3	13120	4	18617	5	19225	6	15963	7	11042	8	6344	9	3199	10	1423	11	595	12	224	13	64	14	30	15	7	16	3	17	1	18	1
803	1	2731	2	6755	3	12986	4	18360	5	19148	6	16175	7	11310	8	6649	9	3420	10	1531	11	599	12	203	13	88	14	34	15	7	16	1	17	3
804	1	2351	2	6562	3	12322	4	17594	5	19366	6	16720	7	11519	8	6953	9	3701	10	1759	11	714	12	290	13	90	14	40	15	13	16	3	17	3
805	1	2130	2	5645	3	11509	4	16752	5	18978	6	17075	7	12504	8	7761	9	4256	10	1973	11	873	12	322	13	142	14	63	15	11	16	5	20	1
806	1	2023	2	5753	3	11670	4	16955	5	19227	6	17102	7	12317	8	7690	9	4095	10	1884	11	790	12	307	13	120	14	43	15	17	16	6	17	1
807	1	1722	2	5215	3	10864	4	15913	5	19020	6	17273	7	13002	8	8375	9	4634	10	2250	11	1058	12	409	13	160	14	63	15	29	16	9	17	3	18	1
808	1	1557	2	4992	3	10441	4	15835	5	18526	6	17396	7	13467	8	8525	9	4897	10	2501	11	1103	12	468	13	191	14	59	15	29	16	9	17	2	18	2
809	1	1492	2	4768	3	10014	4	15461	5	18961	6	17562	7	13496	8	8876	9	4998	10	2548	11	1111	12	440	13	164	14	69	15	29	16	8	17	2	20	1
810	1	1323	2	4423	3	9475	4	15200	5	18006	6	17570	7	14018	8	9382	9	5415	10	2881	11	1364	12	565	13	242	14	92	15	33	16	8	17	2	19	1
811	1	1197	2	4090	3	8810	4	14390	5	18119	6	17845	7	14391	8	9830	9	5872	10	3052	11	1381	12	618	13	268	14	86	15	31	16	9	17	7	18	2	19	2
812	1	1064	2	4040	3	9018	4	14180	5	17835	6	17745	7	14554	8	9986	9	5880	10	3066	11	1499	12	687	13	274	14	115	15	39	16	11	17	3	18	1	19	1	20	1	21	1
813	1	933	2	3462	3	8006	4	13376	5	17343	6	17868	7	15263	8	10729	9	6505	10	3547	11	1722	12	737	13	312	14	130	15	46	16	12	17	4	18	3	19	2
814	1	895	2	3411	3	7882	4	13448	5	17079	6	17817	7	14854	8	10760	9	6822	10	3785	11	1847	12	859	13	327	14	138	15	45	16	19	17	6	18	5	19	1
815	1	824	2	3171	3	7291	4	12654	5	16952	6	17750	7	15665	8	11168	9	7023	10	3921	11	2002	12	926	13	385	14	157	15	77	16	23	17	10	18	1
816	1	744	2	2834	3	6970	4	12102	5	16366	6	17464	7	15603	8	11851	9	7655	10	4384	11	2237	12	1037	13	465	14	154	15	84	16	33	17	10	18	4	19	2	21	1
817	1	626	2	2698	3	6671	4	11833	5	15886	6	17814	7	15808	8	12105	9	7883	10	4442	11	2321	12	1092	13	506	14	194	15	82	16	22	17	11	18	4	19	2
818	1	601	2	2552	3	6461	4	11700	5	15764	6	17765	7	15746	8	12050	9	8100	10	4755	11	2468	12	1144	13	519	14	223	15	92	16	35	17	16	18	6	19	2	22	1
819	1	516	2	2227	3	5758	4	10486	5	15037	6	17264	7	16205	8	12996	9	8892	10	5329	11	2740	12	1448	13	665	14	254	15	118	16	40	17	12	18	11	19	1	20	1
820	1	481	2	2197	3	5701	4	10517	5	14907	6	17043	7	16065	8	12944	9	9068	10	5448	11	3021	12	1444	13	691	14	283	15	114	16	48	17	18	18	5	19	3	22	2
821	1	432	2	1954	3	5279	4	10054	5	14719	6	17185	7	16529	8	13068	9	9399	10	5581	11	3078	12	1469	13	768	14	292	15	105	16	48	17	27	18	6	19	5	20	1	21	1
822	1	365	2	1775	3	4934	4	9686	5	14107	6	16889	7	16257	8	13579	9	9633	10	6127	11	3327	12	1786	13	867	14	428	15	149	16	52	17	26	18	9	19	1	20	2	22	1
823	1	309	2	1574	3	4426	4	8857	5	13473	6	16519	7	16706	8	13954	9	10245	10	6603	11	3773	12	1961	13	871	14	430	15	169	16	82	17	27	18	10	19	9	21	2
824	1	338	2	1625	3	4578	4	8880	5	13637	6	16387	7	16354	8	13870	9	10154	10	6595	11	3840	12	2042	13	984	14	400	15	192	16	83	17	28	18	8	19	3	20	1	22	1
825	1	264	2	1372	3	4034	4	8031	5	12758	6	16039	7	16525	8	14441	9	10923	10	7207	11	4176	12	2217	13	1147	14	506	15	204	16	94	17	38	18	9	19	10	20	3	22	2
826	1	245	2	1397	3	3976	4	7911	5	12513	6	15723	7	16539	8	14615	9	10784	10	7413	11	4387	12	2326	13	1199	14	575	15	248	16	96	17	28	18	16	19	6	20	1	21	2
827	1	213	2	1138	3	3582	4	7517	5	12202	6	15443	7	16772	8	14712	9	11436	10	7546	11	4625	12	2467	13	1302	14	573	15	288	16	110	17	41	18	19	19	8	20	3	21	2	22	1
828	1	215	2	1136	3	3368	4	7188	5	11762	6	15005	7	16145	8	14803	9	11872	10	8117	11	4991	12	2776	13	1429	14	658	15	308	16	121	17	71	18	24	19	7	20	2	21	2
829	1	158	2	965	3	3061	4	6544	5	10917	6	14842	7	16429	8	15265	9	12105	10	8655	11	5095	12	3020	13	1595	14	750	15	346	16	157	17	54	18	26	19	11	20	2	21	2	22	1
830	1	165	2	896	3	2880	4	6241	5	10587	6	14333	7	16037	8	15187	9	12510	10	8841	11	5802	12	3206	13	1770	14	834	15	390	16	186	17	67	18	38	19	18	20	4	21	4	22	4
831	1	127	2	761	3	2564	4	5687	5	10093	6	13897	7	16158	8	15379	9	12866	10	9353	11	6047	12	3570	13	1796	14	933	15	438	16	198	17	82	18	23	19	17	20	5	21	3	22	1	23	2
832	1	127	2	757	3	2485	4	5576	5	9635	6	13520	7	15604	8	15295	9	13009	10	9821	11	6361	12	3853	13	2053	14	1009	15	507	16	229	17	85	18	38	19	22	20	5	21	6	22	3
833	1	110	2	631	3	2124	4	5045	5	9294	6	13255	7	15618	8	15811	9	13346	10	9811	11	6636	12	3915	13	2250	14	1124	15	573	16	251	17	113	18	53	19	23	20	10	21	3	22	3	23	1
834	1	84	2	551	3	2009	4	4797	5	8567	6	12597	7	15345	8	15329	9	13560	10	10442	11	7179	12	4580	13	2557	14	1246	15	629	16	305	17	132	18	53	19	23	20	10	21	4	22	1
835	1	65	2	436	3	1734	4	4231	5	8094	6	12085	7	15023	8	15702	9	13914	10	11054	11	7537	12	4680	13	2692	14	1445	15	727	16	319	17	157	18	60	19	23	20	14	21	1	22	2	23	2	24	3
836	1	73	2	418	3	1609	4	4104	5	7634	6	11506	7	14721	8	15373	9	13858	10	11371	11	8031	12	5107	13	2988	14	1625	15	841	16	398	17	182	18	101	19	38	20	12	21	7	22	2	23	1
837	1	50	2	361	3	1354	4	3558	5	7162	6	11148	7	14279	8	15605	9	14372	10	11697	11	8423	12	5359	13	3228	14	1712	15	896	16	466	17	183	18	80	19	38	20	12	21	8	22	8	23	1
838	1	38	2	356	3	1341	4	3488	5	7000	6	10768	7	13953	8	15122	9	14356	10	11977	11	8552	12	5686	13	3508	14	1892	15	1014	16	506	17	230	18	116	19	54	20	26	21	9	22	5	23	2	24	1
839	1	48	2	288	3	1266	4	3337	5	6643	6	10564	7	13741	8	15249	9	14513	10	11989	11	8959	12	5995	13	3560	14	1962	15	1001	16	444	17	244	18	118	19	49	20	19	21	4	22	4	23	2	24	1
840	1	26	2	300	3	1125	4	2859	5	5943	6	9840	7	12887	8	15073	9	14473	10	12558	11	9457	12	6597	13	4110	14	2322	15	1233	16	630	17	326	18	138	19	54	20	25	21	14	22	6	23	3	24	1
841	1	29	2	248	3	1000	4	2688	5	5722	6	9684	7	13017	8	14981	9	14675	10	12862	11	9622	12	6568	13	4151	14	2289	15	1243	16	641	17	310	18	142	19	73	20	34	21	15	22	4	24	1	26	1
842	1	26	2	205	3	910	4	2439	5	5107	6	8758	7	12094	8	14488	9	14461	10	13073	11	10321	12	7503	13	4647	14	2867	15	1588	16	776	17	412	18	180	19	74	20	35	21	20	22	10	23	5	24	1
843	1	18	2	207	3	790	4	2303	5	5122	6	8642	7	12276	8	14414	9	14779	10	13159	11	10283	12	7304	13	4789	14	2835	15	1571	16	759	17	418	18	185	19	78	20	34	21	13	22	12	23	4	24	4	26	1
844	1	24	2	203	3	791	4	2138	5	4613	6	8227	7	11840	8	14094	9	14544	10	13237	11	10794	12	7841	13	5027	14	3134	15	1697	16	897	17	499	18	233	19	93	20	41	21	18	22	10	23	3	24	1	25	1
845	1	15	2	143	3	612	4	1784	5	4336	6	7586	7	11258	8	13935	9	14761	10	13468	11	11216	12	8254	13	5427	14	3301	15	1875	16	1061	17	506	18	264	19	110	20	41	21	25	22	15	23	2	24	2	25	2	26	1
846	1	25	2	126	3	586	4	1766	5	3991	6	7164	7	10584	8	13340	9	14509	10	13794	11	11393	12	8792	13	5928	14	3616	15	2093	16	1167	17	603	18	294	19	131	20	49	21	25	22	13	23	7	24	2	28	1	30	1
847	1	9	2	106	3	498	4	1515	5	3636	6	6588	7	10236	8	13004	9	14522	10	13947	11	11919	12	9040	13	6160	14	3958	15	2294	16	1258	17	648	18	354	19	153	20	77	21	49	22	16	23	5	24	3	25	4	26	1
848	1	10	2	96	3	460	4	1333	5	3228	6	6215	7	9540	8	12618	9	14000	10	13844	11	12241	12	9542	13	6774	14	4490	15	2548	16	1555	17	792	18	383	19	177	20	82	21	43	22	15	23	5	24	5	25	2	26	2
849	1	7	2	70	3	367	4	1190	5	3006	6	5795	7	8994	8	12308	9	14048	10	14005	11	12427	12	9960	13	7183	14	4674	15	2779	16	1564	17	818	18	414	19	192	20	106	21	57	22	21	23	12	24	1	25	1	26	1
850	1	9	2	82	3	380	4	1245	5	2843	6	5531	7	8749	8	11802	9	13818	10	13729	11	12597	12	10269	13	7426	14	4862	15	3043	16	1676	17	992	18	496	19	251	20	108	21	48	22	21	23	16	24	4	25	1	26	2
851	1	7	2	45	3	287	4	977	5	2346	6	4914	7	8120	8	11368	9	13621	10	14042	11	12957	12	10551	13	7802	14	5412	15	3387	16	1944	17	1091	18	588	19	289	20	123	21	71	22	31	23	16	24	4	25	6	26	1
852	1	8	2	43	3	269	4	870	5	2174	6	4630	7	7546	8	10524	9	13309	10	13649	11	13129	12	11115	13	8415	14	5801	15	3771	16	2175	17	1214	18	713	19	326	20	169	21	80	22	37	23	18	24	9	25	3	26	2	27	1
853	1	2	2	36	3	214	4	776	5	2021	6	4304	7	7390	8	10472	9	12830	10	13847	11	13190	12	11307	13	8585	14	6059	15	3828	16	2363	17	1328	18	703	19	393	20	188	21	92	22	44	23	12	24	10	25	5	26	1
854	1	2	2	36	3	222	4	729	5	1940	6	4009	7	6864	8	9702	9	12507	10	13637	11	13334	12	11363	13	9060	14	6558	15	4335	16	2642	17	1475	18	788	19	388	20	221	21	109	22	34	23	23	24	11	25	6	26	4	27	1
855	1	1	2	18	3	155	4	569	5	1501	6	3304	7	6059	8	9290	9	12130	10	13661	11	13371	12	12081	13	9680	14	6851	15	4804	16	2825	17	1775	18	939	19	501	20	261	21	114	22	57	23	28	24	9	25	8	26	5	27	2	28	1
856	1	7	2	30	3	141	4	559	5	1462	6	3122	7	5726	8	8631	9	11582	10	13335	11	13214	12	12084	13	10059	14	7396	15	5171	16	3253	17	1935	18	1139	19	553	20	316	21	146	22	68	23	41	24	20	25	3	26	2	27	2	28	2	29	1
857	2	14	3	100	4	437	5	1250	6	2852	7	5452	8	8137	9	11090	10	13008	11	13512	12	12312	13	10163	14	7834	15	5518	16	3547	17	2208	18	1265	19	626	20	349	21	166	22	91	23	38	24	21	25	7	26	2	27	1
858	1	50	2	90	3	312	4	850	5	1882	6	3619	7	6139	8	8839	9	11425	10	12954	11	13296	12	11965	13	9714	14	7131	15	4718	16	3131	17	1868	18	963	19	527	20	265	21	144	22	66	23	34	24	11	25	5	26	1	29	1
859	1	24	2	87	3	245	4	651	5	1511	6	2919	7	5161	8	8004	9	10726	10	12619	11	13177	12	12260	13	10479	14	7991	15	5650	16	3643	17	2220	18	1298	19	646	20	328	21	189	22	97	23	41	24	16	25	7	26	7	27	3	28	1
860	1	30	2	78	3	236	4	660	5	1450	6	2846	7	4903	8	7594	9	10253	10	12323	11	13070	12	12516	13	10557	14	8329	15	5985	16	3957	17	2332	18	1340	19	748	20	421	21	182	22	104	23	46	24	20	25	12	26	6	27	2
861	1	16	2	71	3	203	4	495	5	1135	6	2456	7	4438	8	7209	9	10011	10	12129	11	13207	12	12462	13	11146	14	8789	15	6249	16	4164	17	2620	18	1453	19	863	20	427	21	249	22	103	23	55	24	25	25	12	26	5	27	5	28	3
862	1	18	2	64	3	191	4	524	5	1096	6	2300	7	4102	8	6670	9	9363	10	11714	11	13050	12	12425	13	11242	14	9101	15	6670	16	4706	17	3021	18	1707	19	940	20	536	21	275	22	136	23	74	24	44	25	16	26	7	27	4	28	2	33	2
863	1	10	2	47	3	143	4	356	5	889	6	1916	7	3654	8	5942	9	8612	10	11150	11	12414	12	12868	13	11623	14	9828	15	7536	16	5117	17	3351	18	2077	19	1142	20	606	21	354	22	173	23	105	24	44	25	22	26	10	27	7	28	3	32	1
864	1	5	2	35	3	130	4	376	5	890	6	1971	7	3650	8	5605	9	8581	10	10901	11	12428	12	12750	13	11776	14	9825	15	7567	16	5274	17	3498	18	2078	19	1240	20	686	21	380	22	188	23	79	24	53	25	15	26	13	27	4	28	1	31	1
865	1	8	2	36	3	100	4	309	5	694	6	1585	7	3094	8	5228	9	7879	10	10328	11	12074	12	13009	13	12009	14	10393	15	8020	16	5923	17	3783	18	2460	19	1366	20	789	21	448	22	218	23	134	24	58	25	29	26	11	27	4	28	8	29	3
866	1	4	2	34	3	100	4	322	5	750	6	1417	7	2954	8	4789	9	7213	10	9687	11	11731	12	12567	13	12072	14	10618	15	8533	16	6213	17	4386	18	2834	19	1720	20	955	21	565	22	262	23	137	24	67	25	40	26	17	27	7	28	4	31	1	32	1
867	1	4	2	10	3	65	4	238	5	623	6	1288	7	2654	8	4387	9	6962	10	9397	11	11440	12	12455	13	12503	14	11050	15	8847	16	6653	17	4632	18	2886	19	1793	20	1017	21	532	22	285	23	155	24	61	25	32	26	17	27	9	28	2	29	2	30	1
868	1	1	2	26	3	100	4	217	5	599	6	1235	7	2361	8	4207	9	6535	10	8932	11	10919	12	12376	13	12184	14	10995	15	9341	16	6997	17	4991	18	3316	19	2084	20	1150	21	628	22	400	23	195	24	100	25	50	26	26	27	21	28	6	29	5	30	1	32	2
869	1	2	2	19	3	44	4	165	5	410	6	1005	7	2049	8	3829	9	5970	10	8567	11	10862	12	12252	13	12324	14	11419	15	9560	16	7388	17	5308	18	3583	19	2308	20	1329	21	769	22	402	23	223	24	106	25	68	26	17	27	12	28	7	30	2	34	1
870	1	3	2	16	3	68	4	180	5	500	6	1002	7	2079	8	3694	9	5817	10	8131	11	10562	12	11991	13	12357	14	11370	15	9680	16	7515	17	5498	18	3747	19	2492	20	1483	21	873	22	439	23	256	24	129	25	54	26	30	27	15	28	8	29	8	30	2	31	1
871	1	1	2	8	3	31	4	124	5	312	6	763	7	1647	8	3112	9	5210	10	7460	11	10191	12	11906	13	12341	14	11611	15	10218	16	8238	17	6048	18	4183	19	2788	20	1654	21	984	22	551	23	306	24	137	25	87	26	44	27	23	28	11	29	6	30	4	31	1
872	1	3	2	13	3	30	4	140	5	325	6	838	7	1666	8	2861	9	4821	10	7133	11	9494	12	11305	13	11981	14	11682	15	10657	16	8742	17	6503	18	4553	19	2945	20	1829	21	1208	22	601	23	310	24	168	25	89	26	48	27	25	28	14	29	10	30	3	31	2	32	1
873	1	1	2	7	3	28	4	96	5	275	6	668	7	1376	8	2631	9	4481	10	6702	11	9144	12	11121	13	11985	14	12028	15	10813	16	8955	17	6887	18	4837	19	3252	20	2037	21	1226	22	649	23	404	24	180	25	103	26	51	27	36	28	15	29	7	30	3	32	1	33	1
874	2	7	3	25	4	93	5	250	6	635	7	1285	8	2398	9	4277	10	6109	11	8495	12	10751	13	11766	14	11988	15	10954	16	9413	17	7244	18	5314	19	3504	20	2270	21	1421	22	839	23	447	24	257	25	132	26	64	27	29	28	16	29	8	30	4	31	2	32	1	33	2
875	2	6	3	15	4	58	5	172	6	489	7	1041	8	2003	9	3739	10	5932	11	8309	12	10450	13	11779	14	12093	15	11377	16	9672	17	7490	18	5604	19	3850	20	2490	21	1487	22	846	23	519	24	265	25	148	26	72	27	45	28	26	29	12	30	5	31	3	32	1	33	1	36	1
876	1	2	2	7	3	21	4	74	5	183	6	491	7	1003	8	1984	9	3453	10	5351	11	7567	12	9688	13	11171	14	11986	15	11529	16	9961	17	8065	18	6152	19	4344	20	2864	21	1720	22	1063	23	599	24	346	25	179	26	93	27	47	28	24	29	16	30	9	31	3	32	1	33	2	34	1	35	1
877	2	1	3	8	4	37	5	111	6	313	7	702	8	1464	9	2810	10	4690	11	7017	12	9132	13	11205	14	11867	15	11615	16	10634	17	8598	18	6813	19	4776	20	3196	21	2081	22	1316	23	736	24	418	25	227	26	106	27	69	28	24	29	18	30	8	31	3	32	4	33	1
878	2	3	3	19	4	54	5	145	6	339	7	746	8	1330	9	2618	10	4227	11	6344	12	8388	13	10406	14	11410	15	11695	16	10802	17	9109	18	7154	19	5335	20	3798	21	2478	22	1550	23	912	24	513	25	287	26	163	27	96	28	39	29	23	30	10	31	6	32	1
879	1	2	2	1	3	7	4	17	5	91	6	220	7	568	8	1211	9	2355	10	4064	11	6068	12	8453	13	10376	14	11477	15	11645	16	10853	17	9363	18	7531	19	5503	20	3899	21	2552	22	1541	23	975	24	535	25	302	26	181	27	106	28	47	29	30	30	11	31	9	32	4	33	1	35	1	38	1
880	2	2	3	11	4	33	5	104	6	262	7	613	8	1182	9	2160	10	3572	11	5672	12	7660	13	9726	14	10952	15	11685	16	10875	17	9647	18	8064	19	6038	20	4335	21	2884	22	1850	23	1157	24	700	25	393	26	196	27	108	28	49	29	35	30	18	31	9	32	6	33	1	35	1
881	3	7	4	24	5	61	6	148	7	427	8	953	9	1819	10	3257	11	5280	12	7444	13	9441	14	10868	15	11706	16	11196	17	10034	18	8143	19	6395	20	4586	21	3173	22	2049	23	1311	24	739	25	428	26	234	27	136	28	69	29	40	30	15	31	12	32	2	33	2	34	1
882	2	2	3	10	4	28	5	93	6	226	7	500	8	1053	9	1864	10	3194	11	4950	12	6986	13	9043	14	10701	15	11434	16	11136	17	9977	18	8529	19	6722	20	4811	21	3307	22	2094	23	1405	24	831	25	505	26	265	27	170	28	81	29	42	30	19	31	6	32	9	33	4	35	2	36	1
883	3	4	4	10	5	45	6	153	7	330	8	713	9	1547	10	2713	11	4490	12	6475	13	8600	14	10294	15	11378	16	11311	17	10537	18	8967	19	7027	20	5286	21	3729	22	2464	23	1637	24	954	25	601	26	356	27	169	28	88	29	62	30	34	31	15	32	6	33	3	34	2
884	3	8	4	30	5	60	6	133	7	404	8	764	9	1447	10	2551	11	3966	12	5967	13	7959	14	9612	15	10921	16	11191	17	10741	18	9408	19	7660	20	5808	21	4118	22	2838	23	1827	24	1100	25	648	26	349	27	224	28	128	29	69	30	27	31	23	32	9	33	6	34	3	37	1
885	3	2	4	5	5	43	6	71	7	207	8	497	9	1165	10	2173	11	3614	12	5655	13	7717	14	9685	15	10736	16	11118	17	10782	18	9623	19	8083	20	6265	21	4431	22	3117	23	2021	24	1242	25	707	26	474	27	266	28	152	29	66	30	46	31	11	32	13	33	8	34	3	35	2
886	3	2	4	20	5	42	6	111	7	279	8	567	9	1193	10	2008	11	3328	12	5057	13	6927	14	9247	15	10653	16	11128	17	10721	18	9783	19	8314	20	6530	21	4884	22	3419	23	2261	24	1454	25	912	26	511	27	288	28	174	29	88	30	50	31	20	32	21	33	2	34	2	35	3	38	1
887	2	2	4	8	5	21	6	62	7	175	8	420	9	878	10	1684	11	2949	12	4655	13	6739	14	8563	15	10230	16	11122	17	10987	18	10234	19	8706	20	7044	21	5324	22	3689	23	2575	24	1598	25	989	26	568	27	378	28	191	29	107	30	44	31	27	32	15	33	8	34	2	35	4	36	1	40	1
888	3	2	4	16	5	31	6	87	7	202	8	434	9	838	10	1567	11	2636	12	4268	13	6044	14	8035	15	9577	16	10638	17	11024	18	10447	19	9081	20	7402	21	5755	22	4270	23	2913	24	1873	25	1166	26	726	27	427	28	263	29	123	30	74	31	43	32	18	33	12	34	4	35	3	37	1
889	1	1	4	12	5	24	6	65	7	154	8	355	9	849	10	1552	11	2630	12	4250	13	6142	14	8088	15	9751	16	10693	17	10871	18	10328	19	9155	20	7396	21	5769	22	4217	23	2880	24	1875	25	1223	26	740	27	435	28	258	29	137	30	67	31	40	32	12	33	11	34	5	35	8	36	2	37	3	39	1	40	1
890	2	4	3	5	4	14	5	41	6	77	7	229	8	443	9	819	10	1400	11	2343	12	3893	13	5543	14	7326	15	9101	16	10346	17	10992	18	10450	19	9549	20	7794	21	6272	22	4694	23	3127	24	2152	25	1356	26	822	27	499	28	305	29	182	30	102	31	55	32	29	33	21	34	4	35	5	36	2	37	3	40	1
891	1	2	3	2	4	3	5	17	6	49	7	109	8	276	9	564	10	1137	11	2042	12	3424	13	5095	14	6915	15	8537	16	10035	17	10674	18	10704	19	9752	20	8471	21	6897	22	5053	23	3764	24	2491	25	1643	26	962	27	592	28	340	29	210	30	106	31	54	32	41	33	13	34	17	35	2	36	4	37	3
892	1	1	2	2	3	3	4	11	5	41	6	81	7	175	8	341	9	641	10	1140	11	1976	12	3181	13	4781	14	6614	15	8421	16	10029	17	10667	18	10590	19	9802	20	8593	21	6914	22	5327	23	3707	24	2583	25	1727	26	1099	27	692	28	374	29	213	30	137	31	69	32	39	33	14	34	6	35	5	36	1	38	1	39	1	40	1
893	1	1	3	1	4	7	5	15	6	24	7	67	8	159	9	381	10	763	11	1491	12	2551	13	3953	14	5772	15	7602	16	9378	17	10470	18	10775	19	10402	20	9197	21	7685	22	6043	23	4460	24	3208	25	2121	26	1398	27	848	28	543	29	297	30	185	31	84	32	56	33	30	34	14	35	8	36	6	37	2	38	3
894	1	1	3	1	4	9	5	19	6	58	7	124	8	223	9	467	10	856	11	1534	12	2433	13	3874	14	5524	15	7463	16	8942	17	10103	18	10186	19	10457	20	9267	21	8015	22	6292	23	4701	24	3385	25	2231	26	1502	27	992	28	543	29	359	30	187	31	108	32	66	33	33	34	25	35	7	36	3	37	4	38	2	39	1	40	1	41	2
895	3	1	4	4	5	8	6	18	7	44	8	131	9	288	10	603	11	1238	12	2116	13	3433	14	5048	15	6913	16	8757	17	9925	18	10819	19	10601	20	9634	21	8268	22	6748	23	5040	24	3581	25	2514	26	1668	27	1019	28	627	29	402	30	244	31	151	32	69	33	36	34	25	35	16	36	4	37	3	38	1	39	1	40	1	45	1
896	3	4	4	6	5	21	6	47	7	90	8	172	9	344	10	602	11	1124	12	1879	13	2963	14	4369	15	6094	16	7881	17	9380	18	10026	19	10551	20	9849	21	8751	22	7227	23	5682	24	4374	25	3066	26	2025	27	1396	28	840	29	533	30	302	31	174	32	90	33	61	34	35	35	24	36	5	37	8	38	2	39	2	40	1
897	4	1	5	4	6	14	7	41	8	89	9	219	10	467	11	873	12	1654	13	2758	14	4164	15	5997	16	7618	17	9231	18	10114	19	10410	20	9857	21	9176	22	7551	23	6109	24	4413	25	3253	26	2258	27	1469	28	918	29	560	30	331	31	188	32	123	33	58	34	45	35	17	36	11	37	3	38	4	39	2
898	2	1	4	1	5	15	6	42	7	64	8	141	9	263	10	479	11	914	12	1623	13	2571	14	3847	15	5471	16	7186	17	8784	18	9880	19	10056	20	9999	21	9287	22	7993	23	6302	24	4810	25	3554	26	2476	27	1621	28	1017	29	667	30	401	31	211	32	148	33	82	34	48	35	16	36	15	37	6	38	2	39	3	40	1	42	3
899	3	1	4	1	5	2	6	8	7	28	8	53	9	139	10	271	11	574	12	1105	13	2039	14	3345	15	4877	16	6654	17	8374	18	9628	19	10303	20	10309	21	9612	22	8440	23	6935	24	5578	25	3949	26	2726	27	1882	28	1230	29	778	30	456	31	300	32	163	33	107	34	53	35	38	36	17	37	11	38	7	39	5	40	1	46	1
900	3	1	4	4	5	6	6	29	7	61	8	102	9	218	10	434	11	755	12	1275	13	2066	14	3234	15	4635	16	6253	17	7902	18	9209	19	9880	20	9997	21	9587	22	8636	23	7088	24	5686	25	4267	26	2945	27	2119	28	1394	29	913	30	544	31	305	32	190	33	136	34	52	35	44	36	14	37	9	38	6	39	2	40	2
901	4	1	5	3	6	7	7	7	8	29	9	74	10	217	11	411	12	863	13	1602	14	2606	15	4005	16	5540	17	7319	18	8873	19	9960	20	10229	21	9842	22	9057	23	7789	24	6299	25	4777	26	3527	27	2524	28	1595	29	1063	30	723	31	457	32	275	33	139	34	82	35	53	36	19	37	14	38	11	39	7	40	1
902	4	3	5	3	6	10	7	36	8	79	9	143	10	283	11	480	12	865	13	1430	14	2309	15	3483	16	4930	17	6743	18	8221	19	9453	20	10039	21	9960	22	9465	23	8278	24	6744	25	5181	26	3920	27	2728	28	1918	29	1292	30	814	31	485	32	309	33	173	34	101	35	56	36	30	37	14	38	5	39	8	40	2	41	1	42	1	43	4	44	1
903	4	1	5	3	6	1	7	8	8	20	9	62	10	140	11	319	12	638	13	1263	14	2123	15	3310	16	4745	17	6410	18	7979	19	9244	20	10050	21	10168	22	9618	23	8232	24	7023	25	5649	26	4223	27	3066	28	2062	29	1427	30	884	31	546	32	333	33	206	34	109	35	71	36	33	37	13	38	9	39	8	40	3	44	1
904	3	3	4	2	5	1	6	10	7	27	8	70	9	129	10	200	11	413	12	695	13	1179	14	1921	15	2971	16	4476	17	6003	18	7480	19	8769	20	9848	21	10089	22	9378	23	8456	24	7355	25	6068	26	4526	27	3288	28	2262	29	1636	30	1018	31	654	32	425	33	285	34	156	35	91	36	55	37	25	38	15	39	13	40	5	43	1	44	1	45	1
905	4	1	6	1	7	3	8	13	9	39	10	95	11	193	12	415	13	798	14	1522	15	2429	16	3769	17	5389	18	6876	19	8604	20	9597	21	9967	22	9899	23	9168	24	8016	25	6586	26	5009	27	3775	28	2723	29	1817	30	1254	31	835	32	499	33	300	34	153	35	102	36	69	37	27	38	22	39	13	40	12	41	7	42	2	45	1
906	3	1	4	1	5	2	6	9	7	22	8	45	9	110	10	170	11	269	12	570	13	863	14	1404	15	2274	16	3488	17	4959	18	6487	19	7904	20	8978	21	9804	22	9889	23	9304	24	8052	25	6817	26	5486	27	4157	28	2932	29	2123	30	1419	31	981	32	555	33	364	34	232	35	142	36	79	37	38	38	31	39	21	40	11	41	3	42	3	43	1
907	5	1	7	3	8	11	9	22	10	57	11	135	12	297	13	595	14	1184	15	1975	16	3110	17	4438	18	6008	19	7589	20	8874	21	9685	22	9866	23	9340	24	8708	25	7386	26	5885	27	4522	28	3362	29	2409	30	1653	31	1093	32	710	33	437	34	270	35	161	36	106	37	40	38	37	39	13	40	7	41	6	42	1	43	2	44	2
908	4	2	5	2	6	4	7	18	8	35	9	58	10	98	11	201	12	319	13	592	14	1032	15	1601	16	2609	17	3715	18	5522	19	6827	20	8081	21	9071	22	9673	23	9843	24	8851	25	7795	26	6585	27	5125	28	3882	29	2847	30	1943	31	1337	32	882	33	571	34	351	35	227	36	109	37	86	38	47	39	31	40	14	41	4	42	7	43	2	44	1
909	7	1	8	4	9	14	10	39	11	82	12	186	13	388	14	773	15	1399	16	2173	17	3494	18	4934	19	6457	20	7873	21	9094	22	9650	23	9685	24	9185	25	8079	26	6866	27	5494	28	4284	29	3264	30	2309	31	1555	32	1001	33	659	34	424	35	266	36	150	37	86	38	60	39	27	40	17	41	8	42	8	43	6	44	3	46	2	47	1
910	6	3	7	20	8	34	9	68	10	127	11	222	12	347	13	552	14	957	15	1514	16	2261	17	3444	18	4790	19	6303	20	7690	21	8633	22	9398	23	9403	24	9120	25	8048	26	7017	27	5625	28	4418	29	3239	30	2344	31	1640	32	991	33	693	34	438	35	249	36	169	37	111	38	48	39	34	40	23	41	13	42	5	43	4	44	2	47	1	48	1	56	1
911	5	1	6	1	7	4	8	6	9	9	10	38	11	66	12	190	13	389	14	691	15	1241	16	2053	17	3161	18	4604	19	6092	20	7264	21	8636	22	9533	23	9886	24	9358	25	8182	26	7283	27	5984	28	4672	29	3352	30	2432	31	1734	32	1144	33	752	34	504	35	311	36	176	37	119	38	48	39	40	40	21	41	12	42	4	43	4	44	1	45	1	46	1
912	4	1	5	3	6	8	7	12	8	22	9	52	10	79	11	147	12	240	13	398	14	677	15	1118	16	1698	17	2537	18	3711	19	5227	20	6466	21	7896	22	8848	23	9532	24	9487	25	8872	26	7886	27	6474	28	5282	29	4092	30	2949	31	2157	32	1506	33	936	34	652	35	396	36	262	37	155	38	94	39	40	40	33	41	19	42	15	43	9	44	6	45	3	47	2	49	1
913	6	1	7	1	8	2	9	12	10	10	11	49	12	112	13	221	14	461	15	801	16	1392	17	2325	18	3514	19	4788	20	6086	21	7469	22	8508	23	9523	24	9573	25	9040	26	8188	27	7139	28	5714	29	4659	30	3348	31	2365	32	1643	33	1121	34	735	35	454	36	311	37	186	38	103	39	57	40	34	41	25	42	14	43	10	45	4	46	2
914	3	1	5	1	6	6	7	8	8	22	9	43	10	79	11	109	12	199	13	311	14	507	15	831	16	1378	17	2068	18	3135	19	4406	20	5777	21	7187	22	8328	23	9147	24	9401	25	9105	26	8351	27	7341	28	6000	29	4736	30	3594	31	2604	32	1857	33	1239	34	835	35	554	36	325	37	206	38	112	39	86	40	49	41	27	42	15	43	11	44	4	45	3	47	1	49	1
915	6	1	8	1	9	4	10	8	11	28	12	63	13	160	14	307	15	625	16	1058	17	1749	18	2709	19	4009	20	5494	21	6858	22	8007	23	9040	24	9465	25	9347	26	8808	27	7623	28	6302	29	5199	30	3976	31	2905	32	2093	33	1451	34	993	35	648	36	441	37	247	38	163	39	93	40	66	41	22	42	11	43	17	44	4	45	3	46	2
916	4	1	5	3	6	1	7	12	8	17	9	30	10	43	11	104	12	154	13	233	14	373	15	659	16	1034	17	1622	18	2488	19	3479	20	4829	21	6395	22	7639	23	8360	24	9047	25	9181	26	8806	27	7980	28	6970	29	5653	30	4360	31	3275	32	2435	33	1701	34	1124	35	792	36	456	37	256	38	192	39	141	40	75	41	28	42	26	43	13	44	5	45	4	46	2	49	1	50	1
917	8	1	9	2	10	8	11	14	12	37	13	87	14	191	15	407	16	720	17	1217	18	2025	19	3097	20	4359	21	5756	22	7229	23	8286	24	8819	25	9396	26	9040	27	8469	28	7481	29	6219	30	4940	31	3683	32	2756	33	1944	34	1335	35	947	36	567	37	335	38	233	39	171	40	111	41	58	42	19	43	15	44	12	45	3	46	4	47	5	51	1	52	1
918	6	3	7	1	8	6	9	24	10	48	11	83	12	132	13	194	14	258	15	428	16	669	17	1065	18	1802	19	2529	20	3668	21	5172	22	6396	23	7475	24	8580	25	9071	26	9200	27	8610	28	7721	29	6744	30	5475	31	4236	32	3316	33	2337	34	1636	35	1159	36	747	37	474	38	267	39	182	40	130	41	73	42	32	43	28	44	12	45	8	46	1	47	2	48	3	49	2	51	1
919	9	2	10	2	11	7	12	17	13	67	14	139	15	260	16	517	17	856	18	1488	19	2384	20	3445	21	4832	22	6205	23	7466	24	8706	25	9004	26	9172	27	8850	28	8059	29	6942	30	5752	31	4599	32	3427	33	2509	34	1848	35	1266	36	841	37	494	38	315	39	223	40	122	41	67	42	49	43	26	44	16	45	8	46	11	47	1	48	4	49	1	50	1
920	5	2	6	1	7	7	8	13	9	22	10	26	11	59	12	95	13	148	14	244	15	414	16	589	17	888	18	1343	19	2055	20	3125	21	4227	22	5487	23	6868	24	7977	25	8689	26	8988	27	8886	28	8171	29	7328	30	6119	31	5096	32	3917	33	2895	34	2117	35	1432	36	987	37	681	38	388	39	280	40	166	41	95	42	73	43	40	44	23	45	19	46	8	47	7	49	1	50	3	55	1
921	8	1	9	2	10	1	11	6	12	7	13	27	14	67	15	170	16	318	17	551	18	1027	19	1689	20	2559	21	3664	22	5111	23	6550	24	7609	25	8633	26	8965	27	9127	28	8617	29	7772	30	6667	31	5664	32	4359	33	3313	34	2451	35	1640	36	1171	37	818	38	533	39	370	40	220	41	134	42	69	43	49	44	23	45	24	46	8	47	5	48	3	49	3	50	1	52	1	54	1
922	6	2	7	6	8	6	9	9	10	30	11	46	12	77	13	124	14	176	15	258	16	380	17	627	18	890	19	1426	20	2197	21	3190	22	4361	23	5534	24	6829	25	8052	26	8898	27	8923	28	8660	29	8106	30	7192	31	6077	32	4925	33	3796	34	2881	35	2028	36	1447	37	1020	38	679	39	438	40	276	41	157	42	113	43	60	44	45	45	26	46	15	47	5	48	3	49	2	51	2	52	3	53	1	54	1	55	1
923	10	2	11	1	12	4	13	17	14	38	15	114	16	192	17	394	18	722	19	1190	20	1927	21	2906	22	4121	23	5413	24	6681	25	7715	26	8679	27	9014	28	8754	29	8445	30	7562	31	6270	32	5336	33	4190	34	3114	35	2263	36	1694	37	1124	38	706	39	512	40	313	41	213	42	142	43	103	44	50	45	36	46	13	47	9	48	7	49	12	50	1	51	1
924	5	1	6	3	7	5	8	6	9	12	10	28	11	49	12	76	13	90	14	136	15	229	16	357	17	478	18	779	19	1266	20	1977	21	2790	22	3870	23	5183	24	6363	25	7486	26	8454	27	8925	28	8879	29	8361	30	7610	31	6505	32	5284	33	4253	34	3144	35	2330	36	1698	37	1189	38	772	39	557	40	310	41	233	42	125	43	76	44	44	45	29	46	13	47	12	48	5	49	2	50	2	51	3	53	1
925	11	1	12	6	13	8	14	22	15	85	16	141	17	291	18	563	19	899	20	1503	21	2339	22	3382	23	4589	24	5808	25	7155	26	8071	27	8903	28	8925	29	8662	30	8021	31	7149	32	5969	33	4689	34	3733	35	2832	36	2018	37	1445	38	973	39	638	40	438	41	272	42	168	43	113	44	64	45	45	46	39	47	16	48	9	49	8	50	5	51	2	52	1
926	7	1	8	3	9	6	10	15	11	36	12	44	13	94	14	115	15	173	16	211	17	326	18	508	19	754	20	1156	21	1810	22	2741	23	3952	24	5121	25	6379	26	7431	27	8181	28	8849	29	8968	30	8380	31	7384	32	6619	33	5317	34	4237	35	3282	36	2471	37	1768	38	1234	39	853	40	580	41	349	42	255	43	158	44	97	45	58	46	33	47	17	48	11	49	7	50	9	51	2	52	2	53	2	56	1
927	11	1	12	2	13	4	14	18	15	22	16	96	17	179	18	339	19	660	20	1066	21	1693	22	2541	23	3712	24	4912	25	6286	26	7314	27	8280	28	8933	29	8736	30	8479	31	7827	32	6713	33	5694	34	4496	35	3472	36	2608	37	1928	38	1320	39	923	40	624	41	412	42	276	43	177	44	116	45	63	46	32	47	16	48	13	49	8	50	3	51	1	52	2	53	2	56	1
928	6	4	7	2	8	8	9	7	10	13	11	24	12	43	13	66	14	109	15	144	16	186	17	250	18	399	19	587	20	910	21	1453	22	2143	23	3093	24	4063	25	5361	26	6371	27	7531	28	8402	29	8508	30	8696	31	7985	32	7425	33	6469	34	5148	35	4117	36	3226	37	2241	38	1730	39	1166	40	750	41	487	42	327	43	197	44	129	45	93	46	61	47	29	48	24	49	8	50	5	51	4	52	2	53	2	54	1	55	1
929	10	1	12	1	13	5	14	8	15	23	16	56	17	122	18	231	19	401	20	685	21	1215	22	1890	23	2823	24	3827	25	4975	26	6298	27	7576	28	8261	29	8661	30	8841	31	8464	32	7632	33	6547	34	5525	35	4323	36	3406	37	2545	38	1786	39	1340	40	903	41	589	42	386	43	246	44	139	45	98	46	69	47	41	48	30	49	8	50	6	51	6	52	1	53	6	54	3	60	1
930	8	2	9	5	10	10	11	9	12	37	13	48	14	89	15	111	16	170	17	214	18	282	19	389	20	613	21	1026	22	1649	23	2352	24	3358	25	4433	26	5625	27	6904	28	7686	29	8434	30	8617	31	8404	32	7776	33	7102	34	5953	35	4870	36	3860	37	2963	38	2205	39	1621	40	1049	41	699	42	530	43	334	44	213	45	135	46	96	47	52	48	29	49	16	50	15	51	5	52	1	53	2	54	3	55	2	57	1	59	1
931	12	2	13	3	14	6	15	10	16	21	17	60	18	148	19	217	20	438	21	752	22	1326	23	1991	24	2959	25	4019	26	5109	27	6352	28	7324	29	8225	30	8664	31	8668	32	8350	33	7359	34	6540	35	5447	36	4308	37	3351	38	2539	39	1822	40	1308	41	904	42	631	43	432	44	284	45	166	46	88	47	59	48	59	49	33	50	13	51	8	53	4	56	1
932	5	1	7	2	8	6	9	4	10	9	11	15	12	29	13	45	14	67	15	115	16	114	17	195	18	214	19	311	20	477	21	722	22	1136	23	1663	24	2373	25	3405	26	4557	27	5667	28	6851	29	7801	30	8331	31	8387	32	8270	33	7724	34	6845	35	5815	36	5039	37	3865	38	2847	39	2238	40	1572	41	1129	42	714	43	509	44	330	45	227	46	147	47	89	48	45	49	43	50	18	51	17	52	8	53	6	54	3	55	2	56	1
933	10	1	14	2	15	7	16	14	17	28	18	70	19	153	20	282	21	491	22	847	23	1391	24	2142	25	3088	26	4132	27	5291	28	6520	29	7579	30	8108	31	8591	32	8445	33	8028	34	7328	35	6329	36	5313	37	4172	38	3319	39	2549	40	1900	41	1288	42	841	43	599	44	378	45	294	46	166	47	126	48	72	49	47	50	24	51	17	52	9	53	8	54	6	55	1	57	2	58	1	59	1
934	9	3	10	2	11	16	12	18	13	30	14	61	15	113	16	134	17	132	18	199	19	249	20	361	21	595	22	812	23	1278	24	1875	25	2704	26	3812	27	4978	28	6170	29	7140	30	8042	31	8315	32	8481	33	8089	34	7363	35	6414	36	5577	37	4586	38	3490	39	2640	40	1990	41	1423	42	931	43	669	44	482	45	304	46	193	47	134	48	81	49	39	50	37	51	19	52	10	53	3	54	2	55	1	56	2	57	1
935	14	1	16	18	17	17	18	53	19	113	20	187	21	351	22	625	23	1027	24	1606	25	2324	26	3213	27	4314	28	5652	29	6625	30	7589	31	8266	32	8523	33	8321	34	7761	35	7087	36	6187	37	5014	38	4110	39	3133	40	2418	41	1693	42	1249	43	821	44	564	45	413	46	263	47	167	48	108	49	77	50	48	51	23	52	18	53	7	54	5	55	5	56	1	57	1	58	1	59	1
936	6	2	7	4	8	2	9	3	10	8	11	7	12	23	13	30	14	46	15	73	16	108	17	140	18	182	19	228	20	280	21	411	22	619	23	951	24	1475	25	2152	26	2994	27	4073	28	5123	29	6181	30	7242	31	7923	32	8384	33	8213	34	7998	35	7206	36	6439	37	5279	38	4288	39	3213	40	2578	41	1906	42	1433	43	948	44	662	45	402	46	294	47	163	48	128	49	66	50	42	51	26	52	19	53	15	54	9	55	4	56	2	57	2	58	1
937	14	1	16	6	17	8	18	22	19	42	20	123	21	199	22	382	23	651	24	1114	25	1762	26	2579	27	3468	28	4584	29	5749	30	6772	31	7598	32	8254	33	8319	34	8232	35	7794	36	7072	37	6013	38	4907	39	3905	40	2979	41	2301	42	1612	43	1151	44	844	45	525	46	375	47	250	48	145	49	112	50	56	51	38	52	25	53	10	54	12	55	6	59	1	64	1	70	1
938	8	1	9	1	10	1	11	5	12	13	13	20	14	35	15	80	16	88	17	104	18	148	19	128	20	218	21	244	22	380	23	570	24	805	25	1296	26	2027	27	2827	28	3932	29	4989	30	6056	31	7086	32	7935	33	8297	34	8278	35	8045	36	7375	37	6390	38	5495	39	4452	40	3532	41	2662	42	1998	43	1392	44	1049	45	680	46	440	47	315	48	213	49	146	50	90	51	69	52	39	53	21	54	14	55	5	56	5	57	4	60	2	62	1	64	1	66	1
939	14	1	15	1	16	4	17	10	18	19	19	34	20	65	21	114	22	282	23	446	24	782	25	1155	26	1804	27	2715	28	3616	29	4677	30	5775	31	6988	32	7645	33	8301	34	8331	35	8088	36	7644	37	6667	38	5810	39	4852	40	3883	41	2941	42	2197	43	1564	44	1110	45	816	46	563	47	386	48	254	49	173	50	108	51	63	52	34	53	32	54	19	55	14	56	6	57	5	58	6
940	8	2	9	4	10	4	11	8	12	15	13	16	14	30	15	56	16	70	17	82	18	111	19	149	20	189	21	190	22	313	23	417	24	604	25	940	26	1416	27	2112	28	3020	29	3853	30	5211	31	6208	32	7251	33	7874	34	7925	35	8018	36	7857	37	7254	38	6296	39	5382	40	4368	41	3495	42	2719	43	2040	44	1348	45	1004	46	693	47	512	48	368	49	193	50	134	51	89	52	63	53	38	54	23	55	9	56	9	57	8	58	5	59	4	60	1
941	15	1	17	3	18	5	19	16	20	30	21	64	22	138	23	249	24	464	25	694	26	1144	27	1771	28	2593	29	3506	30	4608	31	5645	32	6742	33	7494	34	8128	35	8289	36	8112	37	7587	38	6927	39	5886	40	4936	41	3846	42	3200	43	2254	44	1739	45	1252	46	913	47	613	48	392	49	269	50	186	51	115	52	72	53	44	54	27	55	22	56	11	57	5	58	2	59	2	60	2	61	1	63	1
942	11	3	12	7	13	11	14	28	15	39	16	57	17	86	18	95	19	131	20	146	21	180	22	228	23	288	24	420	25	634	26	977	27	1556	28	2119	29	3156	30	4174	31	5207	32	6315	33	7280	34	7936	35	8234	36	8090	37	7693	38	7073	39	6125	40	5070	41	4319	42	3300	43	2614	44	1912	45	1391	46	996	47	719	48	478	49	319	50	207	51	133	52	95	53	61	54	38	55	25	56	10	57	11	58	5	59	2	60	2	62	1	63	3	65	1
943	16	1	17	3	18	5	19	4	20	21	21	34	22	59	23	158	24	308	25	461	26	823	27	1287	28	1923	29	2664	30	3583	31	4696	32	5829	33	6829	34	7587	35	7935	36	8309	37	7934	38	7366	39	6680	40	5901	41	4714	42	3991	43	3054	44	2409	45	1655	46	1173	47	833	48	567	49	405	50	302	51	176	52	120	53	63	54	69	55	27	56	17	57	7	58	11	59	1	60	3	61	1	62	1	64	1
944	6	1	7	1	8	1	9	1	10	3	11	5	12	6	13	16	14	19	15	20	16	44	17	71	18	92	19	110	20	133	21	150	22	168	23	252	24	343	25	438	26	603	27	1013	28	1502	29	2186	30	3096	31	4086	32	5235	33	6020	34	6949	35	7616	36	7997	37	7938	38	7528	39	7047	40	6407	41	5370	42	4413	43	3563	44	2737	45	2023	46	1516	47	1032	48	764	49	504	50	330	51	223	52	148	53	105	54	60	55	37	56	27	57	15	58	13	59	13	60	4	61	3	62	1	66	1	68	1
945	17	3	18	2	19	4	20	12	21	17	22	49	23	79	24	156	25	302	26	517	27	842	28	1287	29	2039	30	2830	31	3742	32	4675	33	5788	34	6754	35	7474	36	7921	37	8083	38	8004	39	7389	40	6555	41	5763	42	4690	43	3955	44	2965	45	2332	46	1690	47	1303	48	958	49	607	50	393	51	278	52	182	53	133	54	91	55	49	56	31	57	25	58	8	59	10	60	6	61	2	64	2	66	1	67	2
946	9	1	10	1	12	2	13	8	14	19	15	26	16	28	17	58	18	85	19	92	20	141	21	145	22	155	23	156	24	204	25	286	26	425	27	656	28	973	29	1546	30	2189	31	3038	32	3983	33	5136	34	6106	35	6921	36	7697	37	8042	38	7877	39	7723	40	7101	41	6118	42	5342	43	4400	44	3558	45	2680	46	2020	47	1557	48	1111	49	792	50	529	51	360	52	230	53	172	54	106	55	71	56	51	57	22	58	28	59	14	60	5	61	7	62	5	63	2
947	19	3	20	3	21	9	22	23	23	48	24	81	25	180	26	321	27	586	28	857	29	1376	30	2039	31	2769	32	3799	33	4863	34	5834	35	6679	36	7521	37	7876	38	8076	39	7801	40	7212	41	6549	42	5566	43	4762	44	3829	45	3118	46	2345	47	1731	48	1307	49	862	50	639	51	448	52	279	53	212	54	134	55	97	56	63	57	34	58	28	59	14	60	12	61	6	62	6	63	1	64	1	65	1
948	7	1	8	1	9	4	10	2	11	3	12	5	13	6	14	13	15	28	16	22	17	40	18	70	19	75	20	136	21	149	22	138	23	183	24	201	25	250	26	330	27	481	28	779	29	1168	30	1735	31	2435	32	3380	33	4330	34	5359	35	6366	36	7111	37	7676	38	7782	39	7756	40	7339	41	6848	42	6010	43	5159	44	4172	45	3314	46	2496	47	1940	48	1381	49	1055	50	733	51	508	52	372	53	238	54	152	55	100	56	61	57	43	58	24	59	14	60	19	61	3	62	3	67	1
949	19	2	20	3	21	6	22	9	23	17	24	48	25	99	26	148	27	268	28	474	29	834	30	1309	31	1909	32	2614	33	3668	34	4588	35	5739	36	6649	37	7405	38	7828	39	8016	40	7736	41	7338	42	6590	43	5813	44	4880	45	4041	46	3231	47	2426	48	1848	49	1330	50	994	51	743	52	465	53	321	54	220	55	142	56	93	57	50	58	48	59	21	60	16	61	10	62	6	63	2	64	2	65	1
950	10	1	14	4	15	17	16	25	17	29	18	55	19	69	20	105	21	129	22	130	23	124	24	138	25	167	26	198	27	266	28	391	29	613	30	1016	31	1567	32	2281	33	3141	34	4068	35	5005	36	6076	37	7002	38	7578	39	7727	40	7886	41	7743	42	7083	43	6346	44	5304	45	4290	46	3428	47	2730	48	2090	49	1595	50	1083	51	789	52	551	53	370	54	292	55	177	56	103	57	75	58	49	59	41	60	20	61	15	62	8	63	4	64	1	65	3	66	1	72	1
951	21	2	22	6	23	18	24	27	25	54	26	100	27	194	28	299	29	545	30	864	31	1353	32	1978	33	2778	34	3725	35	4702	36	5668	37	6416	38	7323	39	7633	40	7838	41	7722	42	7364	43	6574	44	5860	45	4901	46	4004	47	3208	48	2393	49	1850	50	1435	51	1016	52	708	53	487	54	319	55	227	56	148	57	90	58	61	59	34	60	31	61	12	62	16	63	9	64	3	65	1	66	1	69	2	73	1
952	8	1	9	4	10	2	11	5	12	3	13	8	14	12	15	10	16	20	17	42	18	41	19	64	20	82	21	117	22	107	23	157	24	144	25	165	26	167	27	221	28	332	29	506	30	739	31	1079	32	1638	33	2381	34	3189	35	3951	36	5062	37	5986	38	6762	39	7400	40	7761	41	7757	42	7462	43	6965	44	6097	45	5254	46	4401	47	3641	48	2702	49	2175	50	1579	51	1179	52	804	53	598	54	419	55	293	56	193	57	121	58	69	59	53	60	24	61	16	62	14	63	11	64	7	65	2	66	2	69	2	70	1	71	1
953	21	1	22	4	23	6	24	14	25	11	26	54	27	111	28	200	29	315	30	537	31	833	32	1200	33	1880	34	2541	35	3511	36	4413	37	5541	38	6492	39	7232	40	7697	41	7810	42	7830	43	7192	44	6741	45	5937	46	5007	47	4182	48	3273	49	2592	50	1989	51	1443	52	1063	53	722	54	542	55	365	56	252	57	177	58	101	59	64	60	49	61	30	62	18	63	12	64	3	65	3	66	2	67	2	68	2	69	1	70	1	71	2
954	13	1	14	4	15	7	16	12	17	17	18	40	19	53	20	79	21	99	22	136	23	143	24	132	25	128	26	141	27	119	28	161	29	256	30	366	31	599	32	939	33	1438	34	2057	35	2870	36	3850	37	4860	38	5792	39	6732	40	7473	41	7652	42	7830	43	7608	44	7095	45	6233	46	5559	47	4559	48	3811	49	2980	50	2233	51	1704	52	1290	53	916	54	643	55	477	56	304	57	183	58	151	59	100	60	66	61	38	62	20	63	10	64	16	65	5	66	4	67	5	68	1	69	1	70	1	71	1
955	22	2	23	1	24	5	25	14	26	24	27	57	28	84	29	169	30	293	31	512	32	764	33	1185	34	1730	35	2511	36	3251	37	4369	38	5252	39	6395	40	6938	41	7596	42	8050	43	7803	44	7273	45	6755	46	5986	47	5246	48	4229	49	3505	50	2742	51	2044	52	1537	53	1122	54	767	55	592	56	392	57	270	58	191	59	120	60	81	61	47	62	31	63	21	64	18	65	9	66	7	67	3	68	3	69	3	75	1
956	9	1	10	2	11	5	12	1	13	2	14	3	15	6	16	7	17	28	18	24	19	46	20	70	21	81	22	94	23	119	24	127	25	146	26	126	27	140	28	182	29	184	30	273	31	405	32	637	33	904	34	1441	35	2128	36	2800	37	3535	38	4586	39	5535	40	6528	41	7039	42	7384	43	7714	44	7535	45	7018	46	6344	47	5570	48	4806	49	3898	50	3140	51	2531	52	1963	53	1470	54	1034	55	745	56	533	57	379	58	254	59	168	60	110	61	64	62	41	63	37	64	19	65	12	66	6	67	7	68	7	69	5	75	1
957	22	1	23	2	24	4	25	3	26	16	27	29	28	48	29	116	30	196	31	302	32	544	33	885	34	1289	35	1806	36	2507	37	3277	38	4282	39	5236	40	6224	41	6869	42	7513	43	7694	44	7744	45	7228	46	6778	47	5871	48	5284	49	4253	50	3425	51	2755	52	2215	53	1674	54	1141	55	876	56	598	57	411	58	291	59	194	60	138	61	94	62	63	63	42	64	34	65	15	66	12	67	7	68	3	69	6	70	2	71	1	73	1	78	1
958	14	2	15	4	16	2	17	15	18	18	19	25	20	53	21	77	22	94	23	108	24	139	25	138	26	135	27	124	28	110	29	134	30	158	31	205	32	318	33	489	34	795	35	1241	36	1788	37	2534	38	3452	39	4450	40	5416	41	6340	42	7049	43	7611	44	7563	45	7574	46	7349	47	6621	48	5796	49	4915	50	4071	51	3285	52	2625	53	2078	54	1443	55	1081	56	821	57	555	58	411	59	266	60	199	61	126	62	71	63	48	64	23	65	22	66	13	67	7	68	3	69	6	70	2	71	1	72	1
959	21	1	22	1	23	1	24	2	25	3	26	18	27	17	28	41	29	46	30	114	31	155	32	325	33	540	34	772	35	1228	36	1710	37	2413	38	3086	39	3994	40	4945	41	5827	42	6683	43	7325	44	7710	45	7571	46	7497	47	6846	48	6126	49	5314	50	4512	51	3653	52	2941	53	2346	54	1775	55	1306	56	942	57	682	58	473	59	327	60	256	61	175	62	105	63	68	64	51	65	31	66	18	67	10	68	8	69	3	70	2	71	2	72	1	73	1	74	1
960	8	1	10	1	11	1	12	3	13	5	14	4	15	4	16	3	17	11	18	12	19	17	20	42	21	50	22	77	23	102	24	120	25	106	26	131	27	123	28	123	29	121	30	139	31	172	32	257	33	354	34	577	35	817	36	1233	37	1753	38	2390	39	3208	40	4172	41	5053	42	5826	43	6771	44	7118	45	7597	46	7576	47	7230	48	6659	49	5932	50	5260	51	4307	52	3590	53	2750	54	2231	55	1721	56	1250	57	886	58	671	59	445	60	318	61	246	62	141	63	105	64	51	65	37	66	39	67	21	68	15	69	9	70	4	71	5	72	2	73	2	74	1	75	2
961	25	1	27	9	28	15	29	35	30	53	31	93	32	166	33	237	34	431	35	672	36	1009	37	1530	38	2167	39	2893	40	3731	41	4676	42	5646	43	6437	44	6955	45	7526	46	7536	47	7426	48	6997	49	6294	50	5773	51	4775	52	3992	53	3144	54	2614	55	1972	56	1446	57	1158	58	821	59	562	60	374	61	274	62	177	63	126	64	78	65	62	66	37	67	28	68	20	69	13	70	10	71	2	72	3	73	2	74	1	77	1
962	13	1	15	2	16	6	17	6	18	5	19	24	20	34	21	46	22	64	23	89	24	105	25	124	26	104	27	130	28	110	29	94	30	79	31	119	32	118	33	187	34	282	35	489	36	731	37	1175	38	1740	39	2382	40	3244	41	4132	42	5011	43	5994	44	6812	45	7243	46	7542	47	7509	48	7095	49	6732	50	5960	51	5262	52	4427	53	3691	54	2810	55	2227	56	1674	57	1289	58	964	59	659	60	462	61	331	62	215	63	150	64	104	65	82	66	53	67	27	68	21	69	10	70	7	71	3	72	8	73	2	74	1	75	1
963	26	1	27	9	28	10	29	13	30	29	31	68	32	89	33	171	34	289	35	449	36	715	37	1080	38	1483	39	2100	40	2869	41	3568	42	4628	43	5662	44	6150	45	6856	46	7248	47	7526	48	7432	49	6927	50	6411	51	5687	52	5007	53	4139	54	3401	55	2640	56	2010	57	1518	58	1163	59	743	60	588	61	396	62	286	63	221	64	145	65	80	66	77	67	43	68	29	69	15	70	10	71	6	72	5	73	3	74	1	75	2	76	1	79	1
964	9	1	11	1	12	1	13	2	14	1	15	4	16	7	17	2	18	7	19	17	20	23	21	29	22	44	23	68	24	89	25	126	26	112	27	111	28	125	29	131	30	112	31	102	32	119	33	144	34	202	35	324	36	530	37	722	38	1093	39	1633	40	2255	41	2974	42	3997	43	4677	44	5554	45	6324	46	7047	47	7228	48	7369	49	7198	50	6828	51	6131	52	5454	53	4618	54	3838	55	3120	56	2528	57	1914	58	1426	59	1030	60	774	61	555	62	429	63	283	64	167	65	131	66	93	67	62	68	38	69	23	70	14	71	12	72	12	73	6	74	3	75	2	76	2	77	1	78	1
965	24	1	26	1	27	3	28	6	29	8	30	15	31	39	32	54	33	75	34	137	35	255	36	354	37	624	38	920	39	1438	40	1835	41	2546	42	3370	43	4304	44	5102	45	6085	46	6614	47	7239	48	7590	49	7339	50	7083	51	6534	52	5889	53	5203	54	4337	55	3587	56	2946	57	2267	58	1705	59	1298	60	977	61	655	62	496	63	365	64	256	65	176	66	100	67	57	68	42	69	27	70	19	71	10	72	7	73	3	74	3	75	1	76	1	77	1	79	1
966	14	2	15	1	17	2	18	5	19	10	20	15	21	43	22	45	23	61	24	63	25	105	26	98	27	120	28	120	29	120	30	117	31	101	32	76	33	83	34	112	35	146	36	228	37	404	38	593	39	954	40	1474	41	2043	42	2732	43	3597	44	4621	45	5373	46	6300	47	6903	48	7460	49	7368	50	7320	51	6961	52	6139	53	5675	54	4827	55	4090	56	3304	57	2572	58	2046	59	1609	60	1140	61	848	62	601	63	429	64	310	65	203	66	141	67	123	68	61	69	46	70	17	71	16	72	11	73	8	74	2	76	3	77	3
967	28	1	29	5	30	13	31	26	32	32	33	44	34	92	35	123	36	226	37	360	38	520	39	790	40	1190	41	1642	42	2259	43	3059	44	3868	45	4666	46	5592	47	6506	48	6789	49	7277	50	7329	51	7396	52	6806	53	6256	54	5471	55	4641	56	3947	57	3297	58	2448	59	2042	60	1510	61	1111	62	795	63	585	64	391	65	294	66	170	67	138	68	97	69	68	70	39	71	19	72	24	73	23	74	10	75	3	76	4	77	2	78	1	80	2	84	1
968	10	2	12	1	13	4	14	6	15	4	16	4	17	6	18	7	19	7	20	15	21	15	22	30	23	44	24	61	25	83	26	78	27	108	28	115	29	121	30	107	31	121	32	117	33	95	34	120	35	124	36	196	37	317	38	471	39	664	40	1041	41	1456	42	1975	43	2698	44	3337	45	4262	46	5116	47	5904	48	6468	49	7082	50	7185	51	7140	52	6859	53	6408	54	5859	55	4990	56	4268	57	3518	58	2896	59	2196	60	1759	61	1295	62	951	63	656	64	496	65	379	66	259	67	187	68	113	69	67	70	51	71	29	72	23	73	11	74	12	75	4	76	3	77	1	78	1	79	1	80	1
969	25	1	27	1	28	4	29	5	30	1	31	4	32	17	33	32	34	46	35	71	36	143	37	215	38	326	39	520	40	751	41	1116	42	1591	43	2174	44	2916	45	3730	46	4620	47	5365	48	6230	49	6798	50	7166	51	7482	52	7262	53	6958	54	6207	55	5536	56	4815	57	4067	58	3315	59	2690	60	2068	61	1534	62	1261	63	883	64	681	65	427	66	345	67	206	68	128	69	101	70	68	71	32	72	34	73	17	74	11	75	10	76	4	77	6	78	2	79	3	80	1	82	1	83	1	85	1
970	19	2	20	7	21	8	22	17	23	38	24	51	25	66	26	81	27	108	28	119	29	105	30	120	31	118	32	89	33	83	34	63	35	65	36	62	37	93	38	157	39	255	40	453	41	680	42	1072	43	1614	44	2124	45	2897	46	3838	47	4529	48	5673	49	6498	50	6877	51	7146	52	7431	53	7220	54	6745	55	6219	56	5508	57	4873	58	3882	59	3169	60	2539	61	1979	62	1507	63	1075	64	789	65	551	66	428	67	310	68	224	69	148	70	98	71	62	72	46	73	31	74	21	75	15	76	9	77	4	78	4	79	1	80	1	83	2	89	1
971	28	2	29	1	30	4	31	4	32	11	33	14	34	30	35	46	36	82	37	125	38	214	39	317	40	399	41	667	42	996	43	1410	44	2002	45	2545	46	3389	47	4223	48	4993	49	5891	50	6463	51	7037	52	7209	53	7207	54	6928	55	6599	56	5827	57	5283	58	4414	59	3618	60	2993	61	2331	62	1813	63	1412	64	1030	65	729	66	512	67	361	68	265	69	194	70	130	71	99	72	68	73	39	74	25	75	16	76	9	77	9	78	7	79	3	80	2	81	1	82	1	83	1
972	12	2	14	2	15	2	16	2	17	6	18	2	19	9	20	7	21	10	22	20	23	14	24	30	25	57	26	68	27	98	28	100	29	119	30	112	31	111	32	115	33	115	34	85	35	92	36	86	37	117	38	136	39	231	40	318	41	510	42	741	43	1008	44	1508	45	2097	46	2826	47	3518	48	4305	49	5178	50	6005	51	6560	52	6915	53	7117	54	7171	55	6794	56	6320	57	5697	58	4985	59	4185	60	3460	61	2727	62	2228	63	1656	64	1256	65	951	66	656	67	477	68	335	69	232	70	169	71	105	72	85	73	56	74	32	75	21	76	12	77	13	78	9	79	4	80	3	81	2	82	4	84	1
973	29	1	30	1	31	1	32	6	33	7	34	9	35	18	36	41	37	60	38	95	39	145	40	222	41	339	42	552	43	766	44	1180	45	1658	46	2233	47	3028	48	3814	49	4720	50	5479	51	6196	52	6759	53	7150	54	7274	55	7253	56	6669	57	6304	58	5553	59	4793	60	4057	61	3256	62	2657	63	2044	64	1626	65	1179	66	818	67	593	68	465	69	322	70	199	71	138	72	103	73	79	74	57	75	36	76	16	77	8	78	5	79	4	80	3	81	6	82	1	85	2
974	18	2	19	3	20	4	21	4	22	12	23	18	24	25	25	40	26	57	27	93	28	104	29	91	30	121	31	115	32	119	33	99	34	89	35	72	36	55	37	53	38	64	39	78	40	114	41	188	42	293	43	499	44	808	45	1216	46	1758	47	2314	48	3209	49	3895	50	4920	51	5591	52	6358	53	6963	54	7112	55	7286	56	6978	57	6523	58	6118	59	5268	60	4603	61	3893	62	3151	63	2435	64	1939	65	1471	66	1026	67	814	68	575	69	428	70	276	71	225	72	139	73	105	74	64	75	46	76	26	77	11	78	16	79	10	80	10	81	3	83	2	84	2	85	1
975	30	2	31	2	32	5	33	4	34	11	35	10	36	30	37	43	38	59	39	117	40	164	41	244	42	353	43	564	44	803	45	1140	46	1507	47	2043	48	2657	49	3419	50	4203	51	5055	52	6037	53	6523	54	6807	55	6998	56	7103	57	6969	58	6400	59	5911	60	5062	61	4300	62	3595	63	2889	64	2296	65	1780	66	1396	67	1021	68	724	69	516	70	385	71	261	72	202	73	144	74	81	75	53	76	34	77	29	78	22	79	11	80	4	81	6	82	3	83	1	87	2
976	8	1	10	2	11	1	12	1	13	2	14	4	15	4	16	1	17	2	18	5	19	6	20	3	21	6	22	7	23	13	24	19	25	25	26	45	27	59	28	81	29	105	30	112	31	117	32	131	33	105	34	92	35	84	36	84	37	82	38	91	39	83	40	148	41	154	42	227	43	368	44	528	45	761	46	1102	47	1579	48	2121	49	2839	50	3508	51	4264	52	5179	53	5886	54	6404	55	6991	56	7070	57	7005	58	6706	59	6122	60	5653	61	5015	62	4189	63	3479	64	2731	65	2246	66	1645	67	1322	68	1042	69	710	70	492	71	322	72	282	73	171	74	130	75	80	76	49	77	33	78	30	79	14	80	9	81	10	82	4	83	3	84	3	85	1
977	31	1	32	1	33	2	34	2	35	10	36	14	37	22	38	29	39	42	40	79	41	154	42	207	43	283	44	427	45	672	46	944	47	1308	48	1736	49	2464	50	3084	51	3850	52	4671	53	5519	54	6251	55	6763	56	7084	57	7084	58	6832	59	6622	60	6029	61	5403	62	4691	63	3923	64	3173	65	2561	66	2052	67	1632	68	1275	69	844	70	679	71	495	72	348	73	223	74	155	75	117	76	83	77	51	78	43	79	28	80	8	81	14	82	8	84	2	85	1	86	1	87	1	88	1	93	2
978	16	2	18	1	21	3	22	7	23	11	24	13	25	25	26	30	27	44	28	77	29	88	30	105	31	112	32	101	33	103	34	124	35	88	36	65	37	79	38	58	39	54	40	48	41	44	42	69	43	113	44	199	45	328	46	533	47	869	48	1275	49	1734	50	2445	51	3199	52	3933	53	4847	54	5587	55	6412	56	6955	57	7117	58	7246	59	6943	60	6387	61	5881	62	5245	63	4471	64	3898	65	3092	66	2450	67	1976	68	1457	69	1133	70	849	71	586	72	465	73	320	74	228	75	160	76	104	77	73	78	48	79	29	80	26	81	12	82	5	83	3	84	5	85	4	86	2	88	1	89	2	90	1	91	1
979	33	2	34	2	36	12	37	13	38	27	39	39	40	46	41	70	42	109	43	154	44	234	45	306	46	503	47	721	48	997	49	1419	50	1943	51	2577	52	3336	53	4195	54	4899	55	5809	56	6381	57	6953	58	7089	59	6917	60	6893	61	6380	62	5890	63	5241	64	4362	65	3765	66	3118	67	2379	68	1882	69	1440	70	1127	71	814	72	574	73	419	74	304	75	198	76	146	77	104	78	66	79	41	80	37	81	25	82	14	83	13	84	2	85	3	86	3	87	3	88	2	89	2
980	11	1	12	1	13	1	15	1	16	1	17	4	18	4	19	4	20	3	21	4	22	3	23	9	24	10	25	24	26	28	27	37	28	50	29	73	30	91	31	105	32	98	33	124	34	129	35	97	36	96	37	88	38	54	39	68	40	68	41	81	42	104	43	149	44	219	45	245	46	422	47	566	48	813	49	1215	50	1638	51	2085	52	2864	53	3537	54	4201	55	5078	56	5781	57	6384	58	6850	59	7043	60	6933	61	6469	62	6167	63	5624	64	4840	65	4265	66	3489	67	2877	68	2239	69	1750	70	1293	71	1001	72	710	73	537	74	379	75	264	76	190	77	123	78	106	79	71	80	53	81	31	82	12	83	6	84	8	85	6	86	3	87	2	88	1
981	33	3	34	1	35	2	36	4	37	11	38	11	39	16	40	23	41	45	42	74	43	107	44	159	45	259	46	302	47	456	48	677	49	1034	50	1309	51	1818	52	2337	53	2959	54	3810	55	4590	56	5273	57	6109	58	6570	59	6885	60	6950	61	6850	62	6495	63	6020	64	5532	65	4704	66	3963	67	3339	68	2811	69	2133	70	1683	71	1342	72	920	73	702	74	525	75	345	76	271	77	190	78	127	79	76	80	66	81	40	82	25	83	13	84	7	85	14	86	2	87	6	88	2	89	2	90	1
982	16	1	21	2	22	2	23	7	24	2	25	9	26	10	27	25	28	41	29	41	30	68	31	97	32	107	33	119	34	113	35	119	36	109	37	86	38	70	39	51	40	43	41	38	42	39	43	28	44	46	45	55	46	109	47	204	48	332	49	512	50	794	51	1221	52	1731	53	2281	54	3141	55	3857	56	4586	57	5275	58	6115	59	6635	60	6935	61	7045	62	6865	63	6665	64	5985	65	5331	66	4746	67	3946	68	3348	69	2632	70	2110	71	1648	72	1313	73	946	74	687	75	520	76	332	77	263	78	178	79	130	80	77	81	58	82	34	83	30	84	25	85	11	86	5	87	4	88	3	89	4	91	1	92	2
983	32	1	33	1	35	1	36	4	37	7	38	10	39	8	40	27	41	23	42	51	43	69	44	103	45	140	46	191	47	299	48	381	49	529	50	754	51	1118	52	1434	53	2009	54	2719	55	3391	56	4098	57	4902	58	5652	59	6173	60	6784	61	6907	62	6855	63	6781	64	6229	65	5764	66	5196	67	4345	68	3756	69	3080	70	2602	71	1946	72	1484	73	1119	74	893	75	656	76	446	77	322	78	222	79	183	80	108	81	65	82	41	83	36	84	27	85	29	86	11	87	7	88	3	89	4	90	3	94	1
984	12	1	14	2	15	1	16	1	17	1	18	1	19	4	20	5	21	5	22	4	23	6	24	5	25	6	26	13	27	19	28	28	29	29	30	59	31	75	32	74	33	114	34	134	35	100	36	125	37	91	38	94	39	72	40	77	41	69	42	70	43	65	44	94	45	113	46	159	47	208	48	306	49	411	50	576	51	836	52	1129	53	1617	54	2072	55	2721	56	3349	57	4159	58	4922	59	5613	60	6178	61	6722	62	6715	63	6874	64	6552	65	6244	66	5529	67	4964	68	4322	69	3582	70	2949	71	2400	72	1942	73	1374	74	1147	75	797	76	600	77	473	78	286	79	232	80	161	81	137	82	59	83	45	84	36	85	12	86	6	87	9	88	6	89	4	90	2	91	2	92	2	93	1	94	1
985	36	1	37	2	38	6	39	4	40	9	41	12	42	18	43	35	44	51	45	72	46	85	47	130	48	185	49	276	50	360	51	572	52	774	53	1004	54	1521	55	2008	56	2666	57	3279	58	4167	59	5260	60	5656	61	6326	62	6635	63	7116	64	7026	65	6664	66	6411	67	5791	68	5137	69	4378	70	3684	71	3054	72	2324	73	1896	74	1455	75	1088	76	806	77	605	78	446	79	322	80	221	81	157	82	104	83	64	84	42	85	32	86	18	87	17	88	12	89	4	90	4	91	4	92	1	93	1	94	2
986	21	1	22	3	23	3	24	2	25	4	26	7	27	22	28	16	29	28	30	38	31	74	32	67	33	103	34	113	35	107	36	115	37	115	38	93	39	81	40	63	41	50	42	44	43	43	44	23	45	29	46	30	47	48	48	85	49	118	50	209	51	314	52	515	53	759	54	1141	55	1616	56	2120	57	2791	58	3533	59	4265	60	5213	61	5819	62	6452	63	6773	64	6853	65	6870	66	6568	67	6273	68	5572	69	5009	70	4251	71	3551	72	2859	73	2262	74	1786	75	1417	76	1032	77	765	78	570	79	397	80	271	81	215	82	154	83	94	84	61	85	34	86	33	87	18	88	18	89	7	90	4	91	2	92	4	94	1	95	1	96	2	98	1
987	38	2	39	8	40	9	41	15	42	16	43	33	44	35	45	49	46	75	47	106	48	150	49	210	50	273	51	397	52	523	53	716	54	1015	55	1306	56	1752	57	2380	58	2989	59	3824	60	4438	61	5277	62	5932	63	6458	64	6739	65	6972	66	6788	67	6413	68	5938	69	5391	70	4736	71	4087	72	3351	73	2783	74	2188	75	1706	76	1356	77	981	78	690	79	546	80	391	81	315	82	183	83	143	84	112	85	69	86	47	87	29	88	17	89	12	90	5	91	10	92	4	93	4	94	2	95	2	96	1	98	1
988	13	1	15	1	16	2	17	1	18	2	19	3	20	4	21	2	22	4	23	4	24	1	25	3	26	5	27	5	28	17	29	20	30	28	31	34	32	77	33	89	34	74	35	106	36	107	37	105	38	116	39	94	40	77	41	51	42	61	43	58	44	56	45	53	46	72	47	70	48	112	49	160	50	172	51	269	52	353	53	499	54	702	55	934	56	1302	57	1763	58	2344	59	2895	60	3747	61	4405	62	5224	63	5706	64	6336	65	6658	66	6865	67	6689	68	6395	69	5908	70	5335	71	4755	72	4070	73	3311	74	2822	75	2146	76	1691	77	1351	78	1028	79	756	80	581	81	386	82	297	83	206	84	137	85	98	86	65	87	47	88	28	89	12	90	11	91	7	92	7	93	3	94	5	95	1	96	1	97	1	101	1
989	38	2	39	2	40	2	41	4	42	6	43	11	44	22	45	34	46	38	47	66	48	105	49	121	50	171	51	242	52	317	53	443	54	611	55	820	56	1118	57	1463	58	1945	59	2575	60	3267	61	3945	62	4677	63	5309	64	5964	65	6442	66	6708	67	6629	68	6552	69	6301	70	5937	71	5338	72	4625	73	3825	74	3260	75	2608	76	2137	77	1682	78	1260	79	995	80	656	81	511	82	375	83	269	84	194	85	128	86	95	87	51	88	48	89	29	90	23	91	15	92	10	93	4	94	4	95	1	96	1	97	2	98	2	99	1	100	1	114	1
990	22	1	24	2	25	4	26	5	27	9	28	14	29	9	30	23	31	44	32	48	33	60	34	81	35	100	36	102	37	96	38	124	39	103	40	91	41	76	42	55	43	42	44	44	45	29	46	18	47	12	48	20	49	33	50	43	51	73	52	114	53	197	54	297	55	494	56	690	57	1010	58	1411	59	1960	60	2507	61	3275	62	4027	63	4735	64	5515	65	6139	66	6586	67	6750	68	6759	69	6592	70	6372	71	5793	72	5203	73	4577	74	3751	75	3186	76	2596	77	2013	78	1609	79	1249	80	947	81	649	82	493	83	355	84	247	85	162	86	129	87	79	88	64	89	33	90	20	91	21	92	10	93	7	94	6	95	2	96	4	97	2	98	1	101	1
991	39	2	40	1	41	3	42	1	43	8	44	15	45	18	46	30	47	32	48	59	49	66	50	80	51	138	52	175	53	226	54	305	55	391	56	579	57	751	58	1075	59	1456	60	1905	61	2597	62	3276	63	4029	64	4746	65	5554	66	6057	67	6461	68	6732	69	6960	70	6727	71	6431	72	5780	73	5119	74	4560	75	3923	76	3077	77	2597	78	2080	79	1546	80	1228	81	900	82	630	83	489	84	391	85	252	86	172	87	122	88	77	89	50	90	38	91	24	92	23	93	11	94	11	95	2	96	4	97	4	98	1	99	1	102	1	104	1
992	8	1	16	1	17	2	18	1	19	4	20	3	21	1	22	2	23	5	24	2	25	4	26	2	27	5	28	5	29	13	30	8	31	22	32	31	33	38	34	61	35	86	36	81	37	119	38	105	39	104	40	89	41	84	42	79	43	78	44	63	45	57	46	55	47	50	48	57	49	67	50	76	51	118	52	156	53	215	54	272	55	374	56	457	57	588	58	869	59	1074	60	1514	61	1983	62	2638	63	3244	64	3952	65	4732	66	5205	67	5919	68	6436	69	6591	70	6763	71	6621	72	6198	73	5683	74	5106	75	4273	76	3786	77	3139	78	2561	79	2045	80	1597	81	1214	82	904	83	695	84	482	85	337	86	237	87	184	88	103	89	82	90	63	91	49	92	17	93	16	94	22	95	11	96	5	97	4	98	1	99	1	101	2	102	1
993	37	1	40	3	41	3	42	1	43	3	44	13	45	16	46	16	47	20	48	29	49	57	50	55	51	92	52	115	53	159	54	218	55	300	56	385	57	522	58	688	59	906	60	1229	61	1661	62	2165	63	2692	64	3417	65	4126	66	4756	67	5448	68	6085	69	6466	70	6733	71	6647	72	6451	73	6068	74	5678	75	5126	76	4407	77	3699	78	3066	79	2521	80	1932	81	1525	82	1265	83	994	84	662	85	454	86	362	87	233	88	168	89	131	90	72	91	55	92	33	93	20	94	19	95	8	96	9	97	4	98	4	99	4	100	1	101	1	102	1
994	25	2	26	2	27	2	29	3	30	12	31	17	32	20	33	37	34	47	35	62	36	75	37	80	38	125	39	97	40	112	41	105	42	82	43	71	44	48	45	44	46	44	47	20	48	25	49	9	50	25	51	15	52	27	53	43	54	56	55	78	56	125	57	259	58	355	59	558	60	836	61	1153	62	1547	63	2140	64	2704	65	3387	66	4240	67	4910	68	5510	69	6104	70	6520	71	6716	72	6676	73	6641	74	6323	75	5592	76	4993	77	4376	78	3645	79	3003	80	2426	81	1946	82	1577	83	1228	84	901	85	666	86	410	87	361	88	260	89	155	90	109	91	83	92	57	93	37	94	26	95	13	96	12	97	14	98	7	99	3	100	9	101	1	104	1
995	39	1	40	1	42	2	43	3	44	2	45	11	46	15	47	22	48	27	49	32	50	36	51	52	52	100	53	104	54	153	55	194	56	239	57	313	58	417	59	592	60	742	61	954	62	1278	63	1693	64	2174	65	2781	66	3403	67	4217	68	4901	69	5423	70	6071	71	6575	72	6539	73	6532	74	6438	75	6085	76	5615	77	5011	78	4315	79	3665	80	3047	81	2479	82	1991	83	1545	84	1160	85	909	86	628	87	443	88	317	89	237	90	163	91	107	92	84	93	61	94	34	95	27	96	12	97	12	98	5	99	4	100	3	101	1	103	1	106	2
996	16	1	18	2	19	2	20	2	21	2	22	1	23	1	24	2	25	2	26	3	27	2	28	2	29	3	30	3	31	10	32	18	33	25	34	37	35	48	36	64	37	71	38	88	39	84	40	96	41	105	42	82	43	74	44	68	45	69	46	48	47	47	48	43	49	36	50	39	51	48	52	68	53	76	54	115	55	130	56	201	57	236	58	305	59	399	60	523	61	680	62	958	63	1267	64	1718	65	2203	66	2744	67	3554	68	4358	69	4707	70	5374	71	5921	72	6355	73	6667	74	6379	75	6465	76	6127	77	5497	78	4845	79	4244	80	3571	81	2923	82	2488	83	1992	84	1510	85	1141	86	855	87	640	88	455	89	362	90	210	91	159	92	102	93	84	94	67	95	33	96	21	97	14	98	11	99	8	100	2	101	4	102	1	103	2	107	1
997	37	1	45	5	46	6	47	8	48	8	49	15	50	20	51	26	52	31	53	69	54	77	55	121	56	148	57	181	58	248	59	305	60	412	61	533	62	695	63	980	64	1311	65	1753	66	2262	67	2870	68	3727	69	4250	70	4949	71	5657	72	5899	73	6623	74	6506	75	6604	76	6478	77	5920	78	5531	79	4911	80	4275	81	3639	82	2958	83	2436	84	1938	85	1433	86	1137	87	842	88	690	89	431	90	333	91	234	92	165	93	103	94	92	95	54	96	44	97	22	98	11	99	8	100	4	101	6	102	1	103	1	104	1	106	2
998	22	1	24	1	26	4	27	2	28	4	29	4	30	10	31	9	32	11	33	12	34	30	35	40	36	57	37	69	38	64	39	97	40	83	41	114	42	105	43	99	44	87	45	78	46	51	47	41	48	41	49	18	50	19	51	19	52	12	53	9	54	17	55	20	56	31	57	56	58	96	59	133	60	215	61	351	62	490	63	666	64	989	65	1320	66	1800	67	2327	68	2875	69	3542	70	4274	71	4951	72	5534	73	6136	74	6503	75	6620	76	6583	77	6381	78	5808	79	5550	80	4843	81	4147	82	3605	83	3020	84	2410	85	1936	86	1506	87	1087	88	826	89	611	90	444	91	336	92	240	93	168	94	123	95	70	96	58	97	42	98	20	99	20	100	9	101	7	102	7	103	1	104	3	105	1	106	1
999	40	1	43	5	44	2	45	5	46	4	47	4	48	11	49	17	50	20	51	33	52	43	53	57	54	66	55	94	56	106	57	139	58	166	59	219	60	304	61	392	62	495	63	655	64	859	65	1095	66	1349	67	1851	68	2333	69	2912	70	3594	71	4249	72	4894	73	5488	74	6141	75	6431	76	6494	77	6672	78	6351	79	5923	80	5489	81	4788	82	4162	83	3396	84	2914	85	2278	86	1877	87	1548	88	1149	89	790	90	637	91	416	92	313	93	254	94	147	95	109	96	94	97	54	98	34	99	34	100	8	101	15	102	8	103	4	104	2	105	2	106	3	112	1
1000	11	1	16	1	18	2	19	2	20	1	21	1	22	4	23	5	25	2	26	6	27	3	29	5	30	3	31	2	32	3	33	13	34	15	35	29	36	43	37	53	38	63	39	81	40	81	41	92	42	98	43	110	44	100	45	87	46	69	47	67	48	74	49	56	50	35	51	30	52	39	53	49	54	54	55	62	56	97	57	114	58	131	59	185	60	236	61	319	62	386	63	500	64	606	65	871	66	1130	67	1435	68	1848	69	2292	70	2919	71	3668	72	4153	73	4873	74	5535	75	5964	76	6251	77	6535	78	6359	79	6212	80	5653	81	5389	82	4771	83	4085	84	3539	85	2887	86	2394	87	1814	88	1356	89	1076	90	831	91	584	92	471	93	342	94	257	95	153	96	103	97	64	98	36	99	45	100	29	101	23	102	15	103	13	104	4	105	3	106	1	108	1	112	1
