1	1	100000
2	1	100000
3	1	100000
4	1	100000
5	1	100000
6	1	100000
7	1	100000
8	1	100000
9	1	100000
10	1	100000
11	1	100000
12	1	100000
13	1	100000
14	1	100000
15	1	100000
16	1	100000
17	1	100000
18	1	100000
19	1	100000
20	1	100000
21	1	100000
22	1	100000
23	1	100000
24	1	100000
25	1	100000
26	1	100000
27	1	100000
28	1	100000
29	1	100000
30	1	100000
31	1	100000
32	1	100000
33	1	100000
34	1	100000
35	1	100000
36	1	100000
37	1	100000
38	1	100000
39	1	100000
40	1	99999	2	1
41	1	100000
42	1	100000
43	1	100000
44	1	100000
45	1	100000
46	1	99999	2	1
47	1	100000
48	1	99999	2	1
49	1	100000
50	1	100000
51	1	100000
52	1	99999	2	1
53	1	100000
54	1	100000
55	1	100000
56	1	100000
57	1	100000
58	1	99999	2	1
59	1	100000
60	1	100000
61	1	100000
62	1	99998	2	2
63	1	100000
64	1	100000
65	1	100000
66	1	99998	2	2
67	1	100000
68	1	99999	2	1
69	1	100000
70	1	99999	2	1
71	1	100000
72	1	99998	2	2
73	1	100000
74	1	100000
75	1	100000
76	1	100000
77	1	100000
78	1	99998	2	2
79	1	100000
80	1	100000
81	1	100000
82	1	99999	2	1
83	1	100000
84	1	99998	2	2
85	1	100000
86	1	99999	2	1
87	1	100000
88	1	99997	2	3
89	1	100000
90	1	99999	2	1
91	1	100000
92	1	99999	2	1
93	1	100000
94	1	99998	2	2
95	1	100000
96	1	99998	2	2
97	1	100000
98	1	99996	2	4
99	1	100000
100	1	100000
101	1	100000
102	1	99999	2	1
103	1	100000
104	1	99999	2	1
105	1	100000
106	1	99997	2	3
107	1	100000
108	1	99996	2	4
109	1	100000
110	1	99995	2	5
111	1	100000
112	1	99998	2	2
113	1	100000
114	1	99999	2	1
115	1	100000
116	1	99998	2	2
117	1	100000
118	1	99997	2	3
119	1	100000
120	1	100000
121	1	100000
122	1	99999	2	1
123	1	100000
124	1	99999	2	1
125	1	100000
126	1	99997	2	3
127	1	100000
128	1	99996	2	4
129	1	100000
130	1	99997	2	3
131	1	100000
132	1	99999	2	1
133	1	100000
134	1	99993	2	7
135	1	100000
136	1	100000
137	1	100000
138	1	99998	2	2
139	1	100000
140	1	100000
141	1	100000
142	1	99996	2	4
143	1	100000
144	1	99996	2	4
145	1	100000
146	1	99999	2	1
147	1	100000
148	1	99997	2	3
149	1	100000
150	1	99997	2	3
151	1	100000
152	1	99998	2	2
153	1	100000
154	1	100000
155	1	100000
156	1	100000
157	1	100000
158	1	99995	2	5
159	1	100000
160	1	99998	2	2
161	1	100000
162	1	99998	2	2
163	1	100000
164	1	100000
165	1	100000
166	1	99998	2	2
167	1	100000
168	1	99999	2	1
169	1	100000
170	1	99998	2	2
171	1	100000
172	1	99997	2	3
173	1	100000
174	1	99996	2	4
175	1	100000
176	1	99996	2	4
177	1	100000
178	1	99997	2	3
179	1	100000
180	1	99995	2	5
181	1	100000
182	1	99997	2	3
183	1	100000
184	1	99990	2	10
185	1	100000
186	1	99996	2	4
187	1	100000
188	1	99998	2	2
189	1	100000
190	1	100000
191	1	100000
192	1	99994	2	6
193	1	100000
194	1	99992	2	8
195	1	100000
196	1	99997	2	3
197	1	100000
198	1	99997	2	3
199	1	100000
200	1	99997	2	3
201	1	100000
202	1	100000
203	1	100000
204	1	99994	2	6
205	1	100000
206	1	99998	2	2
207	1	100000
208	1	99995	2	5
209	1	100000
210	1	99998	2	2
211	1	100000
212	1	99996	2	4
213	1	100000
214	1	99998	2	2
215	1	100000
216	1	99999	2	1
217	1	100000
218	1	99996	2	4
219	1	100000
220	1	99995	2	5
221	1	100000
222	1	99994	2	6
223	1	100000
224	1	99997	2	3
225	1	100000
226	1	99995	2	5
227	1	100000
228	1	99996	2	4
229	1	100000
230	1	99995	2	5
231	1	100000
232	1	99996	2	4
233	1	100000
234	1	99998	2	2
235	1	100000
236	1	99992	2	8
237	1	100000
238	1	99996	2	4
239	1	100000
240	1	99994	2	6
241	1	100000
242	1	99998	2	2
243	1	100000
244	1	99997	2	3
245	1	100000
246	1	100000
247	1	100000
248	1	99998	2	2
249	1	100000
250	1	99996	2	4
251	1	99998	2	2
252	1	99999	2	1
253	1	99995	2	5
254	1	99995	2	5
255	1	99997	2	3
256	1	99997	2	3
257	1	99998	2	2
258	1	99995	2	5
259	1	100000
260	1	99991	2	9
261	1	99999	2	1
262	1	99995	2	5
263	1	99999	2	1
264	1	99998	2	2
265	1	99999	2	1
266	1	99996	2	4
267	1	99999	2	1
268	1	99998	2	2
269	1	100000
270	1	99993	2	7
271	1	100000
272	1	99996	2	4
273	1	100000
274	1	99994	2	6
275	1	99998	2	2
276	1	99996	2	4
277	1	99999	2	1
278	1	99998	2	2
279	1	100000
280	1	99999	2	1
281	1	100000
282	1	99998	2	2
283	1	100000
284	1	99993	2	7
285	1	100000
286	1	99999	2	1
287	1	100000
288	1	99999	2	1
289	1	100000
290	1	99995	2	5
291	1	100000
292	1	99996	2	4
293	1	100000
294	1	99993	2	7
295	1	100000
296	1	99994	2	6
297	1	100000
298	1	99996	2	4
299	1	100000
300	1	99993	2	7
301	1	100000
302	1	99992	2	8
303	1	100000
304	1	99992	2	8
305	1	100000
306	1	99995	2	5
307	1	100000
308	1	99997	2	3
309	1	100000
310	1	99997	2	3
311	1	100000
312	1	99994	2	6
313	1	100000
314	1	99994	2	6
315	1	100000
316	1	99997	2	3
317	1	100000
318	1	99991	2	9
319	1	100000
320	1	99997	2	3
321	1	100000
322	1	99996	2	4
323	1	100000
324	1	99997	2	3
325	1	99999	2	1
326	1	99998	2	2
327	1	100000
328	1	99997	2	3
329	1	100000
330	1	99999	2	1
331	1	100000
332	1	99995	2	5
333	1	100000
334	1	99978	2	22
335	1	99994	2	6
336	1	99984	2	16
337	1	99998	2	2
338	1	99985	2	15
339	1	99995	2	5
340	1	99990	2	10
341	1	99999	2	1
342	1	99987	2	13
343	1	99998	2	2
344	1	99998	2	2
345	1	100000
346	1	99986	2	14
347	1	99997	2	3
348	1	99991	2	9
349	1	100000
350	1	99989	2	11
351	1	99999	2	1
352	1	99987	2	13
353	1	100000
354	1	99997	2	3
355	1	100000
356	1	99988	2	12
357	1	99999	2	1
358	1	99983	2	17
359	1	99998	2	2
360	1	99987	2	13
361	1	99995	2	5
362	1	99988	2	12
363	1	99999	2	1
364	1	99993	2	7
365	1	99998	2	2
366	1	99990	2	10
367	1	99999	2	1
368	1	99991	2	9
369	1	99997	2	3
370	1	99988	2	12
371	1	99999	2	1
372	1	99990	2	10
373	1	99999	2	1
374	1	99990	2	10
375	1	99999	2	1
376	1	99992	2	8
377	1	100000
378	1	99985	2	15
379	1	99999	2	1
380	1	99988	2	12
381	1	99998	2	2
382	1	99993	2	7
383	1	99999	2	1
384	1	99987	2	13
385	1	99995	2	5
386	1	99987	2	13
387	1	99995	2	5
388	1	99987	2	13
389	1	99996	2	4
390	1	99987	2	13
391	1	99998	2	2
392	1	99987	2	13
393	1	99998	2	2
394	1	99988	2	12
395	1	99991	2	9
396	1	99980	2	20
397	1	99997	2	3
398	1	99978	2	22
399	1	99992	2	8
400	1	99983	2	17
401	1	99996	2	4
402	1	99986	2	14
403	1	99997	2	3
404	1	99984	2	16
405	1	99991	2	9
406	1	99979	2	21
407	1	99997	2	3
408	1	99980	2	20
409	1	99997	2	3
410	1	99982	2	18
411	1	99992	2	8
412	1	99979	2	21
413	1	99993	2	7
414	1	99981	2	19
415	1	99993	2	7
416	1	99985	2	15
417	1	99988	2	12
418	1	99975	2	24	3	1
419	1	99990	2	10
420	1	99988	2	12
421	1	99991	2	9
422	1	99979	2	21
423	1	99992	2	8
424	1	99971	2	29
425	1	99980	2	20
426	1	99983	2	17
427	1	99987	2	13
428	1	99970	2	30
429	1	99986	2	14
430	1	99965	2	35
431	1	99984	2	16
432	1	99958	2	42
433	1	99983	2	17
434	1	99966	2	34
435	1	99984	2	16
436	1	99964	2	36
437	1	99981	2	19
438	1	99959	2	41
439	1	99975	2	25
440	1	99971	2	29
441	1	99975	2	24	3	1
442	1	99952	2	48
443	1	99972	2	28
444	1	99950	2	50
445	1	99983	2	17
446	1	99972	2	28
447	1	99972	2	28
448	1	99957	2	43
449	1	99968	2	32
450	1	99947	2	53
451	1	99971	2	29
452	1	99956	2	44
453	1	99964	2	36
454	1	99953	2	47
455	1	99953	2	47
456	1	99948	2	52
457	1	99955	2	45
458	1	99954	2	46
459	1	99949	2	51
460	1	99932	2	68
461	1	99937	2	63
462	1	99938	2	62
463	1	99950	2	49	3	1
464	1	99931	2	69
465	1	99940	2	60
466	1	99928	2	72
467	1	99947	2	53
468	1	99920	2	80
469	1	99933	2	67
470	1	99921	2	79
471	1	99947	2	53
472	1	99911	2	89
473	1	99940	2	60
474	1	99922	2	78
475	1	99924	2	76
476	1	99921	2	79
477	1	99912	2	88
478	1	99910	2	90
479	1	99927	2	73
480	1	99896	2	104
481	1	99914	2	86
482	1	99889	2	111
483	1	99898	2	102
484	1	99873	2	126	3	1
485	1	99905	2	95
486	1	99851	2	149
487	1	99899	2	101
488	1	99863	2	137
489	1	99898	2	102
490	1	99832	2	168
491	1	99874	2	126
492	1	99857	2	143
493	1	99825	2	175
494	1	99802	2	197	3	1
495	1	99832	2	168
496	1	99775	2	225
497	1	99797	2	203
498	1	99761	2	239
499	1	99775	2	225
500	1	99847	2	153
501	1	5468	2	94308	3	223	4	1
502	1	10765	2	89005	3	221	4	9
503	1	15580	2	84255	3	156	4	9
504	1	20212	2	79602	3	170	4	16
505	1	24527	2	75268	3	161	4	44
506	1	28842	2	70982	3	163	4	13
507	1	32785	2	67094	3	106	4	15
508	1	36287	2	63557	3	130	4	26
509	1	40083	2	59777	3	109	4	31
510	1	43222	2	56570	3	151	4	57
511	1	46493	2	53407	3	84	4	16
512	1	49350	2	50521	3	110	4	19
513	1	52327	2	47564	3	91	4	18
514	1	54811	2	45072	3	98	4	19
515	1	57251	2	42586	3	108	4	55
516	1	59588	2	40281	3	109	4	22
517	1	61965	2	37932	3	82	4	21
518	1	63986	2	35884	3	105	4	25
519	1	65922	2	33950	3	108	4	20
520	1	67667	2	32159	3	129	4	45
521	1	69386	2	30503	3	89	4	22
522	1	71505	2	28394	3	79	4	22
523	1	72954	2	26920	3	110	4	16
524	1	74243	2	25628	3	113	4	16
525	1	75682	2	24167	3	113	4	38
526	1	76903	2	22946	3	117	4	34
527	1	78324	2	21566	3	97	4	13
528	1	79300	2	20565	3	121	4	14
529	1	80482	2	19399	3	100	4	19
530	1	81669	2	18185	3	128	4	18
531	1	82770	2	17100	3	117	4	13
532	1	83551	2	16317	3	119	4	13
533	1	84369	2	15480	3	135	4	16
534	1	85359	2	14501	3	123	4	17
535	1	86052	2	13813	3	116	4	19
536	1	86737	2	13100	3	150	4	13
537	1	87498	2	12364	3	127	4	11
538	1	88306	2	11534	3	140	4	20
539	1	88799	2	11026	3	157	4	18
540	1	89357	2	10470	3	159	4	14
541	1	89827	2	10020	3	141	4	12
542	1	90365	2	9475	3	152	4	8
543	1	90957	2	8884	3	149	4	9	5	1
544	1	91455	2	8401	3	132	4	12
545	1	91771	2	8054	3	165	4	10
546	1	92413	2	7451	3	131	4	5
547	1	92704	2	7125	3	163	4	8
548	1	93174	2	6691	3	127	4	8
549	1	93298	2	6567	3	126	4	9
550	1	93666	2	6146	3	173	4	14	5	1
551	1	93924	2	5927	3	142	4	7
552	1	94190	2	5646	3	155	4	9
553	1	94692	2	5144	3	154	4	10
554	1	94714	2	5112	3	164	4	10
555	1	95022	2	4782	3	187	4	9
556	1	95213	2	4622	3	160	4	5
557	1	95434	2	4399	3	155	4	12
558	1	95563	2	4287	3	143	4	7
559	1	95842	2	3996	3	157	4	5
560	1	95900	2	3915	3	176	4	9
561	1	96193	2	3632	3	170	4	5
562	1	96395	2	3441	3	160	4	4
563	1	96359	2	3461	3	176	4	4
564	1	96477	2	3339	3	179	4	5
565	1	96651	2	3152	3	188	4	8	5	1
566	1	96809	2	3013	3	171	4	7
567	1	96643	2	3166	3	189	4	2
568	1	96792	2	3033	3	169	4	6
569	1	96947	2	2867	3	184	4	2
570	1	96926	2	2873	3	194	4	7
571	1	96916	2	2875	3	202	4	6	5	1
572	1	97467	2	2369	3	161	4	3
573	1	97351	2	2472	3	168	4	9
574	1	97497	2	2319	3	181	4	3
575	1	97437	2	2380	3	178	4	4	5	1
576	1	97346	2	2494	3	155	4	5
577	1	97610	2	2245	3	138	4	7
578	1	97550	2	2261	3	185	4	3	5	1
579	1	97482	2	2367	3	149	4	2
580	1	97597	2	2205	3	194	4	4
581	1	97577	2	2246	3	175	4	2
582	1	97696	2	2131	3	167	4	6
583	1	97666	2	2162	3	168	4	4
584	1	97431	2	2350	3	210	4	8	5	1
585	1	97466	2	2340	3	188	4	5	5	1
586	1	97527	2	2285	3	185	4	3
587	1	97399	2	2419	3	174	4	7	5	1
588	1	97418	2	2387	3	183	4	11	5	1
589	1	97683	2	2150	3	166	4	1
590	1	97476	2	2312	3	209	4	3
591	1	97541	2	2275	3	180	4	4
592	1	97344	2	2484	3	168	4	4
593	1	97508	2	2329	3	161	4	2
594	1	97388	2	2421	3	186	4	5
595	1	97378	2	2430	3	188	4	4
596	1	97468	2	2357	3	172	4	3
597	1	97299	2	2513	3	182	4	6
598	1	97343	2	2461	3	190	4	6
599	1	97203	2	2612	3	181	4	4
600	1	97024	2	2740	3	233	4	3
601	1	96936	2	2856	3	202	4	5	5	1
602	1	96818	2	2961	3	214	4	7
603	1	96830	2	2969	3	198	4	3
604	1	96448	2	3316	3	235	5	1
605	1	96715	2	3061	3	221	4	3
606	1	96601	2	3179	3	214	4	6
607	1	96617	2	3148	3	229	4	6
608	1	96281	2	3475	3	237	4	7
609	1	96512	2	3238	3	242	4	7	5	1
610	1	96412	2	3326	3	255	4	7
611	1	96261	2	3514	3	215	4	9	5	1
612	1	96034	2	3725	3	232	4	8	6	1
613	1	95972	2	3775	3	246	4	7
614	1	95999	2	3736	3	253	4	12
615	1	95782	2	3957	3	251	4	9	5	1
616	1	95845	2	3887	3	259	4	9
617	1	96045	2	3694	3	252	4	9
618	1	95955	2	3795	3	238	4	11	5	1
619	1	95795	2	3920	3	281	4	4
620	1	95482	2	4231	3	278	4	8	5	1
621	1	95528	2	4158	3	305	4	9
622	1	95451	2	4247	3	294	4	8
623	1	95515	2	4212	3	266	4	7
624	1	94908	2	4751	3	327	4	13	5	1
625	1	95019	2	4719	3	258	4	4
626	1	94757	2	4908	3	325	4	10
627	1	94682	2	4965	3	344	4	9
628	1	94279	2	5361	3	342	4	18
629	1	94451	2	5206	3	328	4	15
630	1	94196	2	5445	3	345	4	13	5	1
631	1	94125	2	5519	3	342	4	14
632	1	93931	2	5679	3	374	4	15	5	1
633	1	94048	2	5640	3	301	4	10	6	1
634	1	93757	2	5873	3	359	4	11
635	1	93668	2	5957	3	359	4	15	5	1
636	1	93474	2	6146	3	371	4	9
637	1	93267	2	6325	3	392	4	15	5	1
638	1	92942	2	6626	3	417	4	14	5	1
639	1	92791	2	6771	3	421	4	14	5	3
640	1	92531	2	7027	3	415	4	26	5	1
641	1	92721	2	6853	3	406	4	19	5	1
642	1	92469	2	7048	3	458	4	23	5	2
643	1	92263	2	7269	3	436	4	28	5	4
644	1	91454	2	8025	3	491	4	29	5	1
645	1	91895	2	7595	3	491	4	18	5	1
646	1	91446	2	8022	3	507	4	25
647	1	91565	2	7887	3	526	4	22
648	1	90529	2	8851	3	594	4	26
649	1	91087	2	8346	3	541	4	24	5	2
650	1	90552	2	8860	3	548	4	37	5	3
651	1	90367	2	9006	3	590	4	36	5	1
652	1	90044	2	9319	3	606	4	30	5	1
653	1	89874	2	9446	3	634	4	40	5	6
654	1	89431	2	9858	3	674	4	35	5	2
655	1	89257	2	9982	3	724	4	33	5	4
656	1	88769	2	10388	3	795	4	44	5	4
657	1	88824	2	10387	3	754	4	35
658	1	88299	2	10774	3	866	4	59	5	2
659	1	87894	2	11243	3	815	4	46	5	2
660	1	86996	2	12004	3	953	4	42	5	5
661	1	87544	2	11491	3	903	4	58	5	4
662	1	86376	2	12528	3	1025	4	68	5	3
663	1	86669	2	12198	3	1062	4	66	5	5
664	1	85222	2	13472	3	1226	4	76	5	4
665	1	85220	2	13534	3	1153	4	91	5	2
666	1	83852	2	14610	3	1426	4	101	5	9	6	2
667	1	88970	2	10205	3	791	4	33	5	1
668	1	87971	2	11110	3	866	4	51	5	2
669	1	87374	2	11648	3	923	4	50	5	5
670	1	87431	2	11493	3	1013	4	61	5	2
671	1	86550	2	12302	3	1069	4	71	5	7	6	1
672	1	85566	2	13172	3	1175	4	81	5	6
673	1	85801	2	12960	3	1174	4	60	5	5
674	1	85413	2	13226	3	1270	4	84	5	6	6	1
675	1	85312	2	13332	3	1260	4	85	5	10	6	1
676	1	83656	2	14744	3	1511	4	85	5	4
677	1	84588	2	13962	3	1341	4	104	5	5
678	1	84852	2	13756	3	1310	4	73	5	9
679	1	83985	2	14502	3	1403	4	108	5	2
680	1	82251	2	15847	3	1768	4	125	5	9
681	1	83241	2	15074	3	1570	4	110	5	3	6	2
682	1	82928	2	15241	3	1679	4	144	5	8
683	1	82219	2	15941	3	1674	4	151	5	15
684	1	81135	2	16730	3	1946	4	178	5	11
685	1	81343	2	16603	3	1895	4	143	5	15	6	1
686	1	81300	2	16681	3	1850	4	163	5	6
687	1	80836	2	17004	3	1981	4	175	5	4
688	1	79088	2	18396	3	2300	4	200	5	15	6	1
689	1	79881	2	17683	3	2234	4	183	5	19
690	1	79161	2	18332	3	2278	4	219	5	9	6	1
691	1	78929	2	18480	3	2346	4	233	5	11	6	1
692	1	77725	2	19453	3	2568	4	234	5	16	6	4
693	1	78022	2	19119	3	2588	4	258	5	12	6	1
694	1	77732	2	19419	3	2595	4	235	5	17	6	1	7	1
695	1	76871	2	20113	3	2713	4	284	5	19
696	1	76180	2	20564	3	2924	4	301	5	29	6	2
697	1	76069	2	20615	3	3008	4	279	5	25	6	4
698	1	76296	2	20512	3	2885	4	278	5	27	6	2
699	1	75406	2	21247	3	3013	4	302	5	30	6	2
700	1	73682	2	22227	3	3684	4	375	5	28	6	4
701	1	74189	2	22069	3	3354	4	357	5	29	6	1	7	1
702	1	74086	2	22011	3	3509	4	359	5	32	6	3
703	1	73593	2	22524	3	3458	4	391	5	33	6	1
704	1	71021	2	24245	3	4189	4	501	5	39	6	4	7	1
705	1	71500	2	24018	3	4005	4	440	5	35	6	2
706	1	72925	2	22881	3	3720	4	431	5	39	6	4
707	1	71476	2	23846	3	4164	4	465	5	49
708	1	70405	2	24580	3	4411	4	549	5	48	6	6	7	1
709	1	69897	2	24895	3	4616	4	538	5	48	6	4	7	1	8	1
710	1	69649	2	25119	3	4599	4	562	5	67	6	3	9	1
711	1	68459	2	25906	3	4915	4	648	5	64	6	8
712	1	67894	2	26140	3	5196	4	693	5	71	6	6
713	1	68086	2	26144	3	5068	4	638	5	58	6	5	7	1
714	1	67689	2	26372	3	5134	4	713	5	78	6	13	7	1
715	1	66584	2	27142	3	5442	4	751	5	74	6	6	7	1
716	1	64519	2	28303	3	6126	4	942	5	101	6	9
717	1	65828	2	27535	3	5712	4	822	5	85	6	16	7	2
718	1	64637	2	28203	3	6162	4	876	5	112	6	7	7	2	8	1
719	1	64496	2	28237	3	6271	4	884	5	105	6	6	7	1
720	1	61335	2	29975	3	7370	4	1161	5	142	6	16	7	1
721	1	62820	2	29345	3	6698	4	1025	5	102	6	8	7	1	8	1
722	1	62714	2	29279	3	6819	4	1061	5	114	6	13
723	1	61854	2	29713	3	7088	4	1184	5	140	6	21
724	1	60216	2	30640	3	7690	4	1278	5	154	6	19	7	2	8	1
725	1	60044	2	30603	3	7755	4	1408	5	166	6	23	7	1
726	1	59236	2	31109	3	8004	4	1430	5	193	6	26	7	2
727	1	58331	2	31308	3	8574	4	1530	5	235	6	20	7	2
728	1	58969	2	31126	3	8270	4	1434	5	184	6	17
729	1	58980	2	31085	3	8255	4	1458	5	194	6	28
730	1	58336	2	31565	3	8328	4	1536	5	215	6	17	7	2	8	1
731	1	57573	2	31703	3	8847	4	1629	5	219	6	27	7	1	8	1
732	1	55350	2	32601	3	9887	4	1839	5	282	6	38	7	3
733	1	56049	2	32619	3	9294	4	1753	5	257	6	26	7	2
734	1	54958	2	33105	3	9684	4	1924	5	286	6	35	7	8
735	1	54166	2	33083	3	10328	4	2080	5	301	6	34	7	8
736	1	52124	2	34064	3	11035	4	2368	5	355	6	49	7	4	8	1
737	1	53528	2	33566	3	10374	4	2137	5	344	6	45	7	6
738	1	52311	2	33969	3	10954	4	2340	5	388	6	33	7	5
739	1	51469	2	34321	3	11330	4	2433	5	383	6	55	7	7	9	2
740	1	49175	2	35231	3	12245	4	2816	5	464	6	55	7	13	8	1
741	1	49790	2	35108	3	11818	4	2775	5	439	6	63	7	7
742	1	49347	2	35062	3	12268	4	2792	5	471	6	53	7	7
743	1	48752	2	35326	3	12396	4	2955	5	483	6	73	7	15
744	1	47591	2	35726	3	12991	4	3050	5	545	6	83	7	13	8	1
745	1	46371	2	35869	3	13571	4	3414	5	655	6	107	7	13
746	1	45873	2	35985	3	13942	4	3419	5	652	6	121	7	8
747	1	45601	2	36369	3	13808	4	3478	5	659	6	73	7	10	8	2
748	1	44112	2	36254	3	14780	4	3922	5	781	6	130	7	18	8	2	9	1
749	1	43878	2	36486	3	14848	4	3934	5	718	6	120	7	16
750	1	43353	2	36460	3	15158	4	4058	5	813	6	139	7	18	8	1
751	1	39149	2	37516	3	17190	4	4836	5	1068	6	207	7	29	8	4	9	1
752	1	38170	2	37279	3	17634	4	5393	5	1272	6	206	7	38	8	7	9	1
753	1	38088	2	37332	3	17531	4	5554	5	1240	6	210	7	41	8	4
754	1	37811	2	37174	3	17880	4	5541	5	1292	6	254	7	39	8	5	9	3	10	1
755	1	36959	2	37040	3	18469	4	5820	5	1394	6	254	7	56	8	8
756	1	35561	2	37349	3	18916	4	6259	5	1538	6	307	7	56	8	12	9	1	10	1
757	1	37159	2	36997	3	18129	4	6004	5	1386	6	263	7	53	8	7	9	2
758	1	35241	2	36958	3	19091	4	6619	5	1677	6	348	7	57	8	8	9	1
759	1	34239	2	37088	3	19585	4	6856	5	1798	6	363	7	61	8	8	9	1	10	1
760	1	33758	2	36768	3	19976	4	7071	5	1919	6	404	7	88	8	13	9	3
761	1	33528	2	36725	3	20145	4	7202	5	1872	6	447	7	71	8	8	9	1	10	1
762	1	32865	2	37139	3	20182	4	7365	5	1938	6	406	7	83	8	17	9	5
763	1	31747	2	36827	3	20808	4	7832	5	2146	6	515	7	106	8	16	9	3
764	1	31258	2	36761	3	21024	4	8082	5	2306	6	463	7	85	8	15	9	6
765	1	31119	2	36775	3	21021	4	8073	5	2322	6	552	7	108	8	20	9	10
766	1	30157	2	36359	3	21729	4	8557	5	2452	6	589	7	130	8	20	9	7
767	1	28972	2	35881	3	22521	4	9046	5	2752	6	655	7	142	8	26	9	3	10	1	11	1
768	1	27661	2	35739	3	22797	4	9692	5	3107	6	786	7	183	8	30	9	4	10	1
769	1	26834	2	35729	3	23374	4	9868	5	3170	6	803	7	178	8	35	9	7	10	2
770	1	28190	2	35923	3	22495	4	9400	5	3015	6	777	7	162	8	34	9	2	10	2
771	1	27311	2	35451	3	23173	4	9895	5	3132	6	832	7	158	8	40	9	8
772	1	26600	2	35373	3	23247	4	10249	5	3340	6	929	7	213	8	40	9	9
773	1	25458	2	35080	3	23778	4	10690	5	3729	6	972	7	228	8	51	9	14
774	1	24454	2	34505	3	24276	4	11427	5	3941	6	1071	7	263	8	51	9	10	10	2
775	1	23927	2	34514	3	24485	4	11563	5	3987	6	1178	7	276	8	60	9	9	10	1
776	1	24061	2	34009	3	24633	4	11587	5	4177	6	1210	7	248	8	67	9	7	10	1
777	1	22747	2	33697	3	25262	4	12101	5	4457	6	1326	7	315	8	69	9	18	10	6	11	2
778	1	22833	2	33852	3	24957	4	12170	5	4457	6	1350	7	288	8	70	9	22	10	1
779	1	21845	2	33262	3	25406	4	12849	5	4845	6	1370	7	324	8	79	9	15	10	3	11	2
780	1	20132	2	32830	3	25980	4	13394	5	5393	6	1686	7	457	8	98	9	24	10	1	11	3	12	2
781	1	20564	2	32907	3	25583	4	13676	5	5089	6	1635	7	432	8	88	9	17	10	7	11	1	12	1
782	1	18816	2	31610	3	26757	4	14440	5	5896	6	1843	7	476	8	124	9	32	10	5	11	1
783	1	19077	2	32068	3	26498	4	14160	5	5701	6	1849	7	502	8	114	9	26	10	3	11	2
784	1	17354	2	31046	3	26758	4	15323	5	6406	6	2259	7	631	8	159	9	49	10	12	11	3
785	1	18094	2	31011	3	26597	4	15002	5	6272	6	2211	7	608	8	155	9	42	10	7	11	1
786	1	16699	2	30054	3	26727	4	15978	5	7033	6	2500	7	725	8	226	9	46	10	11	11	1
787	1	16793	2	30476	3	26851	4	15719	5	6824	6	2426	7	696	8	169	9	32	10	8	11	5	13	1
788	1	15550	2	29197	3	27248	4	16480	5	7622	6	2774	7	819	8	234	9	65	10	10	11	1
789	1	15654	2	29650	3	27217	4	16323	5	7359	6	2689	7	816	8	220	9	50	10	17	11	5
790	1	14821	2	28653	3	27137	4	17148	5	7955	6	2989	7	944	8	261	9	73	10	10	11	7	12	2
791	1	14298	2	28038	3	27518	4	17386	5	8204	6	3174	7	1015	8	275	9	69	10	16	11	7
792	1	13249	2	27242	3	27647	4	18070	5	8789	6	3457	7	1105	8	332	9	74	10	21	11	12	13	2
793	1	13126	2	26852	3	27539	4	18277	5	9110	6	3493	7	1156	8	326	9	91	10	23	11	6	12	1
794	1	11741	2	25740	3	27571	4	18999	5	9901	6	4122	7	1332	8	441	9	116	10	28	11	6	12	3
795	1	12225	2	26025	3	27372	4	18753	5	9716	6	4009	7	1342	8	418	9	104	10	27	11	6	12	1	13	1	14	1
796	1	11340	2	25141	3	27271	4	19484	5	10134	6	4387	7	1590	8	477	9	133	10	31	11	10	12	2
797	1	10746	2	24398	3	27262	4	19760	5	10734	6	4719	7	1651	8	538	9	148	10	36	11	8
798	1	9975	2	23225	3	27322	4	20386	5	11346	6	5011	7	1863	8	629	9	163	10	53	11	24	12	1	13	2
799	1	10011	2	23475	3	26878	4	20514	5	11326	6	5086	7	1881	8	584	9	184	10	49	11	9	12	2	13	1
800	1	11044	2	23197	3	26361	4	20334	5	11299	6	5054	7	1852	8	641	9	159	10	38	11	14	12	6	13	1
801	1	12555	2	23190	3	25975	4	19789	5	10963	6	4874	7	1811	8	602	9	191	10	35	11	10	12	3	13	1	14	1
802	1	12296	2	22949	3	25870	4	19901	5	11239	6	5034	7	1861	8	632	9	170	10	35	11	9	12	4
803	1	11564	2	22880	3	25856	4	19951	5	11627	6	5264	7	1965	8	662	9	169	10	44	11	11	12	6	13	1
804	1	11046	2	22137	3	25669	4	20415	5	12064	6	5555	7	2131	8	674	9	219	10	64	11	17	12	7	13	2
805	1	9827	2	20752	3	25388	4	21073	5	12851	6	6416	7	2483	8	846	9	250	10	90	11	20	12	4
806	1	9825	2	20951	3	25575	4	20899	5	12903	6	6204	7	2437	8	862	9	259	10	69	11	10	12	5	15	1
807	1	8755	2	19695	3	25204	4	21576	5	13621	6	6820	7	2873	8	1013	9	337	10	81	11	19	12	5	13	1
808	1	8445	2	19268	3	24994	4	21677	5	13943	6	7199	7	2910	8	1082	9	349	10	95	11	29	12	7	13	2
809	1	8184	2	19226	3	24779	4	21722	5	14140	6	7246	7	3087	8	1090	9	375	10	110	11	33	12	6	13	1	14	1
810	1	7668	2	18676	3	24241	4	21671	5	14525	6	7951	7	3460	8	1244	9	415	10	111	11	28	12	9	13	1
811	1	7060	2	17464	3	24209	4	22232	5	15179	6	8119	7	3711	8	1367	9	467	10	141	11	42	12	6	13	2	14	1
812	1	6926	2	17664	3	23901	4	21945	5	15350	6	8269	7	3787	8	1434	9	487	10	174	11	43	12	16	13	3	16	1
813	1	6059	2	16322	3	23186	4	22385	5	15990	6	9235	7	4259	8	1683	9	625	10	180	11	55	12	15	13	5	14	1
814	1	5869	2	15814	3	23062	4	22401	5	16314	6	9426	7	4417	8	1757	9	656	10	205	11	56	12	17	13	3	14	2	16	1
815	1	5613	2	15420	3	22752	4	22339	5	16812	6	9548	7	4577	8	1974	9	672	10	209	11	60	12	19	13	4	14	1
816	1	5195	2	14746	3	21962	4	22444	5	17112	6	10225	7	5070	8	2122	9	748	10	265	11	74	12	27	13	7	14	2	15	1
817	1	4817	2	14243	3	21873	4	22405	5	17337	6	10567	7	5346	8	2154	9	872	10	267	11	90	12	20	13	6	14	3
818	1	4706	2	13883	3	21679	4	22794	5	17234	6	10687	7	5407	8	2363	9	840	10	296	11	77	12	27	13	6	15	1
819	1	4291	2	12761	3	20625	4	22452	5	17969	6	11749	7	5944	8	2665	9	1025	10	339	11	124	12	45	13	10	14	1
820	1	4075	2	12695	3	20210	4	22300	5	18148	6	11739	7	6273	8	2830	9	1137	10	399	11	141	12	32	13	18	14	2	15	1
821	1	3612	2	12076	3	20446	4	22457	5	18350	6	12002	7	6389	8	2899	9	1173	10	405	11	127	12	51	13	8	14	1	15	3	16	1
822	1	3507	2	11616	3	19263	4	21975	5	18755	6	12553	7	7028	8	3212	9	1366	10	496	11	158	12	48	13	16	14	4	15	3
823	1	3052	2	10289	3	18706	4	22005	5	19190	6	13388	7	7405	8	3626	9	1496	10	564	11	190	12	61	13	19	14	5	15	3	17	1
824	1	3280	2	10844	3	18879	4	21714	5	18867	6	13141	7	7414	8	3523	9	1461	10	597	11	188	12	61	13	20	14	9	15	2
825	1	2790	2	9807	3	18114	4	21515	5	19501	6	13816	7	7965	8	3857	9	1625	10	665	11	240	12	71	13	19	14	10	15	5
826	1	2734	2	9861	3	17625	4	21359	5	19361	6	13968	7	8082	8	4148	9	1810	10	692	11	252	12	82	13	16	14	7	15	3
827	1	2476	2	9089	3	17308	4	21172	5	19679	6	14455	7	8483	8	4269	9	1896	10	752	11	276	12	98	13	36	14	8	15	3
828	1	2339	2	8566	3	16217	4	21108	5	19749	6	14695	7	9173	8	4677	9	2151	10	837	11	341	12	106	13	23	14	13	15	4	16	1
829	1	2052	2	8146	3	15900	4	20755	5	20050	6	15068	7	9382	8	4901	9	2287	10	953	11	350	12	112	13	33	14	10	16	1
830	1	1924	2	7705	3	15151	4	20027	5	19889	6	15603	7	10145	8	5283	9	2627	10	1045	11	393	12	144	13	42	14	18	15	4
831	1	1770	2	7225	3	14701	4	19926	5	20173	6	16035	7	10169	8	5536	9	2630	10	1139	11	447	12	172	13	55	14	16	15	4	16	2
832	1	1628	2	6831	3	14133	4	19337	5	20092	6	16187	7	10803	8	6081	9	2874	10	1277	11	497	12	164	13	61	14	22	15	8	16	3	18	2
833	1	1434	2	6354	3	13665	4	19150	5	20014	6	16661	7	11092	8	6370	9	3029	10	1379	11	571	12	196	13	54	14	21	15	6	16	1	17	2	18	1
834	1	1319	2	5743	3	12898	4	18517	5	20098	6	16760	7	11806	8	6882	9	3472	10	1526	11	630	12	238	13	78	14	22	15	7	16	1	17	1	18	1	19	1
835	1	1166	2	5303	3	12448	4	18090	5	20011	6	17129	7	11972	8	7338	9	3740	10	1688	11	726	12	261	13	81	14	22	15	18	16	5	17	1	19	1
836	1	1117	2	5015	3	11650	4	17562	5	19630	6	17394	7	12509	8	7778	9	4080	10	1942	11	833	12	324	13	119	14	35	15	8	16	4
837	1	1002	2	4650	3	11003	4	17116	5	19652	6	17708	7	13074	8	8070	9	4304	10	2003	11	892	12	344	13	119	14	46	15	11	16	4	17	2
838	1	896	2	4495	3	10619	4	16452	5	19303	6	17822	7	13346	8	8543	9	4678	10	2245	11	1001	12	379	13	143	14	48	15	19	16	6	17	4	20	1
839	1	800	2	4204	3	10267	4	16442	5	19425	6	17686	7	13631	8	8709	9	4756	10	2392	11	1030	12	396	13	168	14	66	15	19	16	5	17	2	18	1	19	1
840	1	765	2	3824	3	9554	4	15636	5	18898	6	17953	7	13877	8	9510	9	5305	10	2627	11	1247	12	515	13	175	14	81	15	18	16	9	17	3	18	1	19	2
841	1	693	2	3667	3	9323	4	15310	5	18833	6	18013	7	14270	8	9554	9	5551	10	2737	11	1230	12	521	13	181	14	82	15	21	16	10	17	3	18	1
842	1	605	2	3066	3	8174	4	14116	5	18099	6	18453	7	14889	8	10403	9	6161	10	3290	11	1633	12	701	13	258	14	103	15	30	16	14	17	1	18	3	20	1
843	1	573	2	3126	3	8491	4	14202	5	18354	6	18222	7	14910	8	10401	9	6045	10	3163	11	1481	12	638	13	241	14	101	15	33	16	13	17	6
844	1	554	2	3045	3	7942	4	13926	5	17841	6	18142	7	15170	8	10805	9	6426	10	3353	11	1616	12	740	13	292	14	95	15	40	16	10	17	2	18	1
845	1	450	2	2646	3	7258	4	13048	5	17387	6	18328	7	15782	8	11253	9	6892	10	3783	11	1861	12	821	13	331	14	111	15	32	16	12	17	4	18	1
846	1	478	2	2378	3	6899	4	12541	5	16863	6	18218	7	15935	8	11536	9	7353	10	4162	11	2079	12	922	13	381	14	163	15	49	16	28	17	12	18	2	19	1
847	1	386	2	2171	3	6323	4	12066	5	16574	6	18164	7	16013	8	12092	9	7759	10	4394	11	2277	12	1081	13	421	14	171	15	70	16	21	17	12	18	4	20	1
848	1	312	2	1976	3	5676	4	11272	5	16019	6	17903	7	16312	8	12593	9	8277	10	5004	11	2587	12	1235	13	497	14	204	15	81	16	36	17	8	18	5	19	1	20	1	22	1
849	1	308	2	1855	3	5278	4	10858	5	15758	6	17612	7	16643	8	13060	9	8664	10	5053	11	2717	12	1249	13	560	14	248	15	87	16	31	17	8	18	5	19	4	20	1	21	1
850	1	272	2	1719	3	5361	4	10240	5	14951	6	17531	7	16577	8	13270	9	9172	10	5533	11	2917	12	1407	13	634	14	259	15	107	16	26	17	15	18	7	20	1	22	1
851	1	236	2	1465	3	4782	4	9527	5	14728	6	17184	7	16791	8	13711	9	9721	10	5878	11	3130	12	1573	13	750	14	311	15	144	16	45	17	14	18	6	19	2	20	1	21	1
852	1	228	2	1338	3	4248	4	8783	5	13927	6	16708	7	16960	8	14298	9	10167	10	6456	11	3576	12	1846	13	849	14	379	15	144	16	64	17	21	18	3	19	3	20	2
853	1	174	2	1194	3	4051	4	8624	5	13612	6	17122	7	17030	8	14163	9	10413	10	6420	11	3766	12	1891	13	863	14	396	15	177	16	66	17	21	18	11	19	2	20	3	21	1
854	1	176	2	1073	3	3707	4	8244	5	12949	6	16410	7	16883	8	14688	9	10806	10	7011	11	4155	12	2140	13	1012	14	428	15	203	16	71	17	34	18	6	19	4
855	1	120	2	889	3	3115	4	7361	5	12404	6	15754	7	16855	8	14997	9	11490	10	7841	11	4601	12	2429	13	1213	14	550	15	243	16	86	17	37	18	8	19	7
856	1	126	2	851	3	2933	4	6851	5	11674	6	15292	7	16581	8	15211	9	12017	10	8205	11	5022	12	2711	13	1375	14	648	15	297	16	127	17	46	18	19	19	6	20	6	21	2
857	1	93	2	690	3	2579	4	6398	5	11169	6	15152	7	16423	8	15264	9	12435	10	8736	11	5301	12	2885	13	1558	14	742	15	330	16	141	17	64	18	29	19	7	20	3	22	1
858	1	315	2	1325	3	3836	4	7662	5	12108	6	15486	7	16442	8	14688	9	11391	10	7552	11	4638	12	2499	13	1140	14	538	15	243	16	79	17	44	18	9	19	3	20	2
859	1	276	2	1119	3	3108	4	6555	5	11047	6	14642	7	16340	8	15072	9	12205	10	8503	11	5330	12	3041	13	1490	14	751	15	321	16	120	17	50	18	14	19	11	20	3	21	1	23	1
860	1	280	2	1091	3	2946	4	6376	5	10490	6	14245	7	15963	8	15082	9	12583	10	8937	11	5566	12	3270	13	1688	14	876	15	356	16	146	17	68	18	22	19	12	20	3
861	1	193	2	854	3	2594	4	5809	5	9843	6	13625	7	16033	8	15483	9	12916	10	9509	11	6078	12	3590	13	1890	14	904	15	418	16	151	17	70	18	27	19	9	20	1	21	3
862	1	173	2	838	3	2421	4	5299	5	9318	6	13065	7	15432	8	15620	9	13368	10	9858	11	6626	12	4007	13	2087	14	1046	15	491	16	205	17	89	18	35	19	12	20	7	21	1	22	2
863	1	129	2	657	3	2033	4	4634	5	8310	6	12368	7	15272	8	15451	9	13767	10	10710	11	7291	12	4486	13	2554	14	1288	15	588	16	269	17	122	18	41	19	14	20	12	21	2	22	1	25	1
864	1	114	2	652	3	2045	4	4430	5	8339	6	12266	7	14869	8	15544	9	14080	10	10766	11	7358	12	4565	13	2489	14	1322	15	651	16	300	17	124	18	55	19	21	20	4	21	3	22	3
865	1	106	2	533	3	1709	4	4103	5	7629	6	11659	7	14751	8	15685	9	14215	10	11325	11	7922	12	4698	13	2855	14	1501	15	764	16	317	17	162	18	43	19	12	20	7	21	2	22	2
866	1	104	2	499	3	1615	4	3665	5	7239	6	10885	7	14083	8	15280	9	14171	10	11683	11	8417	12	5568	13	3331	14	1806	15	901	16	436	17	181	18	81	19	38	20	8	21	3	22	5	24	1
867	1	67	2	402	3	1379	4	3472	5	6649	6	10749	7	13610	8	15212	9	14808	10	12063	11	8744	12	5808	13	3473	14	1838	15	949	16	441	17	210	18	73	19	36	20	4	21	7	22	3	23	1	24	1	27	1
868	1	71	2	400	3	1266	4	3177	5	6341	6	10016	7	13323	8	14795	9	14618	10	12531	11	9328	12	6170	13	3774	14	2159	15	1109	16	509	17	237	18	123	19	31	20	11	21	4	22	5	23	1	24	1
869	1	45	2	316	3	1108	4	2855	5	5874	6	9459	7	12835	8	14906	9	14626	10	12726	11	9965	12	6471	13	4112	14	2356	15	1235	16	648	17	262	18	117	19	48	20	27	21	6	23	2	24	1
870	1	47	2	318	3	1062	4	2904	5	5537	6	9276	7	12551	8	14675	9	14774	10	12913	11	9868	12	6974	13	4317	14	2385	15	1237	16	632	17	303	18	130	19	52	20	23	21	13	22	4	23	3	24	2
871	1	39	2	259	3	933	4	2301	5	4992	6	8434	7	11932	8	14362	9	14998	10	13176	11	10663	12	7448	13	4834	14	2713	15	1485	16	750	17	373	18	178	19	61	20	39	21	15	22	7	23	3	24	3	25	2
872	1	37	2	232	3	848	4	2155	5	4661	6	7883	7	11410	8	13882	9	14653	10	13476	11	10960	12	7964	13	5211	14	3193	15	1760	16	910	17	420	18	178	19	102	20	42	21	14	22	5	23	3	24	1
873	1	17	2	191	3	711	4	1961	5	4320	6	7693	7	10994	8	13883	9	14625	10	13636	11	11105	12	8359	13	5333	14	3420	15	1885	16	955	17	491	18	233	19	107	20	40	21	24	22	9	23	6	24	1	25	1
874	1	29	2	189	3	644	4	1782	5	3943	6	6975	7	10437	8	13138	9	14598	10	13799	11	11658	12	8717	13	6026	14	3712	15	2171	16	1167	17	549	18	267	19	120	20	44	21	20	22	12	23	1	25	2
875	1	16	2	118	3	534	4	1555	5	3472	6	6648	7	10104	8	13055	9	14369	10	14149	11	12082	12	9009	13	6179	14	4047	15	2292	16	1210	17	642	18	303	19	105	20	67	21	26	22	10	23	2	24	4	25	1	29	1
876	1	12	2	145	3	507	4	1477	5	3292	6	5984	7	9373	8	12390	9	14044	10	13764	11	12260	12	9776	13	6811	14	4512	15	2702	16	1477	17	787	18	381	19	179	20	82	21	27	22	11	23	3	24	2	25	1	27	1
877	1	15	2	70	3	367	4	1129	5	2653	6	5122	7	8479	8	11595	9	13822	10	14114	11	12901	12	10490	13	7627	14	5045	15	3035	16	1726	17	971	18	440	19	215	20	98	21	49	22	16	23	18	25	2	26	1
878	1	5	2	82	3	363	4	1050	5	2419	6	4784	7	7781	8	10884	9	13060	10	13971	11	12952	12	10882	13	8219	14	5745	15	3496	16	2087	17	1120	18	606	19	300	20	115	21	48	22	21	23	4	24	3	25	2	26	1
879	1	8	2	68	3	269	4	913	5	2213	6	4575	7	7640	8	10636	9	13252	10	14068	11	13144	12	11124	13	8442	14	5619	15	3650	16	2099	17	1178	18	580	19	290	20	138	21	66	22	15	23	9	24	1	25	1	26	1	27	1
880	1	7	2	73	3	288	4	905	5	2128	6	4196	7	6992	8	9952	9	12737	10	13753	11	13174	12	11541	13	8779	14	6286	15	4048	16	2395	17	1346	18	732	19	373	20	161	21	80	22	29	23	16	24	4	25	3	26	1	27	1
881	1	6	2	45	3	194	4	620	5	1817	6	3691	7	6651	8	9798	9	12414	10	13669	11	13545	12	11814	13	9215	14	6581	15	4374	16	2691	17	1390	18	767	19	391	20	177	21	87	22	40	23	15	24	6	25	2
882	1	4	2	58	3	265	4	725	5	1880	6	3745	7	6419	8	9452	9	11988	10	13490	11	13182	12	11742	13	9476	14	6818	15	4532	16	2807	17	1699	18	860	19	442	20	222	21	122	22	42	23	15	24	11	25	2	26	1	27	1
883	1	1	2	24	3	157	4	564	5	1475	6	3130	7	5557	8	8742	9	11457	10	13250	11	13509	12	12207	13	10016	14	7546	15	5065	16	3334	17	1861	18	1052	19	534	20	287	21	129	22	61	23	26	24	6	25	6	26	2	27	2
884	1	4	2	48	3	172	4	537	5	1383	6	2910	7	5365	8	8110	9	10851	10	12857	11	13173	12	12442	13	10303	14	7974	15	5568	16	3600	17	2157	18	1257	19	634	20	365	21	161	22	65	23	40	24	9	25	9	26	3	27	2	28	1
885	1	1	2	24	3	109	4	361	5	1092	6	2531	7	4947	8	7587	9	10485	10	12475	11	13412	12	12660	13	10756	14	8558	15	5906	16	3874	17	2388	18	1303	19	749	20	408	21	197	22	106	23	41	24	21	25	1	26	2	27	5	28	1
886	1	4	2	26	3	125	4	407	5	1138	6	2490	7	4385	8	7153	9	10185	10	12345	11	12740	12	12586	13	11141	14	8630	15	6305	16	4342	17	2638	18	1613	19	838	20	460	21	244	22	120	23	53	24	21	25	8	26	1	27	1	28	1
887	2	5	3	82	4	274	5	820	6	2019	7	3873	8	6572	9	9589	10	11853	11	13167	12	13071	13	11528	14	9355	15	6725	16	4483	17	2925	18	1740	19	958	20	518	21	248	22	107	23	40	24	22	25	12	26	8	27	4	28	2
888	1	1	2	16	3	84	4	288	5	754	6	1833	7	3530	8	5904	9	8700	10	11165	11	12646	12	12956	13	11701	14	9926	15	7556	16	5212	17	3278	18	2020	19	1146	20	629	21	335	22	176	23	85	24	32	25	15	26	4	27	4	28	3	30	1
889	1	2	2	21	3	87	4	318	5	831	6	1890	7	3548	8	6092	9	8950	10	11241	11	12442	12	12852	13	11782	14	9711	15	7246	16	5124	17	3392	18	2075	19	1160	20	627	21	330	22	140	23	72	24	43	25	14	26	4	27	3	28	1	30	1	34	1
890	1	7	2	27	3	104	4	315	5	814	6	1777	7	3390	8	5618	9	8288	10	10633	11	12183	12	12838	13	11694	14	10063	15	7885	16	5586	17	3558	18	2241	19	1384	20	784	21	399	22	187	23	127	24	50	25	18	26	18	27	9	28	1	29	1	30	1
891	1	3	2	18	3	65	4	197	5	587	6	1390	7	2832	8	4948	9	7434	10	9898	11	12004	12	12535	13	12074	14	10621	15	8470	16	6375	17	4301	18	2831	19	1598	20	888	21	457	22	229	23	136	24	58	25	27	26	17	27	3	28	2	29	2
892	1	9	2	32	3	87	4	269	5	659	6	1449	7	2990	8	4874	9	7300	10	9778	11	11892	12	12683	13	12071	14	10596	15	8552	16	6266	17	4265	18	2729	19	1662	20	870	21	472	22	248	23	133	24	63	25	31	26	9	27	4	28	5	29	2
893	1	3	2	8	3	39	4	156	5	405	6	1024	7	2207	8	3884	9	6306	10	8808	11	11208	12	12393	13	12491	14	11340	15	9585	16	7210	17	5052	18	3269	19	2058	20	1243	21	647	22	329	23	172	24	91	25	34	26	24	27	6	28	6	29	1	30	1
894	1	3	2	19	3	60	4	182	5	461	6	1079	7	2245	8	3885	9	6104	10	8485	11	10701	12	12312	13	12395	14	11330	15	9364	16	7490	17	5315	18	3507	19	2227	20	1310	21	769	22	406	23	201	24	76	25	39	26	21	27	3	28	6	29	1	30	4
895	1	1	2	4	3	32	4	95	5	301	6	787	7	1777	8	3392	9	5612	10	8144	11	10459	12	12136	13	12501	14	11571	15	10058	16	7659	17	5833	18	3943	19	2490	20	1502	21	815	22	458	23	236	24	93	25	48	26	20	27	20	28	10	29	3
896	1	2	2	10	3	46	4	158	5	381	6	786	7	1650	8	2988	9	4925	10	7364	11	9612	12	11396	13	12175	14	11707	15	10528	16	8353	17	6433	18	4449	19	2959	20	1792	21	1042	22	570	23	336	24	163	25	91	26	46	27	16	28	16	29	5	31	1
897	2	8	3	20	4	78	5	227	6	565	7	1431	8	2688	9	4688	10	6944	11	9490	12	11324	13	12140	14	11915	15	10737	16	8765	17	6680	18	4741	19	3112	20	2022	21	1155	22	611	23	342	24	162	25	77	26	45	27	20	28	6	29	6	33	1
898	1	1	2	7	3	25	4	97	5	291	6	643	7	1395	8	2555	9	4505	10	6418	11	8913	12	10843	13	11952	14	11752	15	10888	16	8981	17	6956	18	5122	19	3467	20	2203	21	1368	22	777	23	394	24	209	25	121	26	68	27	27	28	15	29	1	30	3	31	2	32	1
899	3	17	4	36	5	145	6	395	7	949	8	2093	9	3611	10	5795	11	8185	12	10515	13	11777	14	12060	15	11280	16	9763	17	7768	18	5628	19	3978	20	2486	21	1520	22	906	23	522	24	288	25	142	26	73	27	33	28	21	29	7	30	4	31	2	33	1
900	1	2	2	3	3	25	4	103	5	228	6	533	7	1161	8	2133	9	3538	10	5669	11	7873	12	9885	13	11337	14	11816	15	11243	16	9835	17	7860	18	5932	19	4167	20	2744	21	1700	22	992	23	577	24	309	25	159	26	95	27	40	28	21	29	9	30	8	31	2	32	1
901	2	1	3	5	4	26	5	113	6	285	7	741	8	1586	9	2942	10	4925	11	7086	12	9346	13	11100	14	11771	15	11421	16	10527	17	8675	18	6631	19	4769	20	3249	21	2044	22	1215	23	716	24	387	25	208	26	112	27	54	28	36	29	14	30	8	31	4	32	2	35	1
902	2	1	3	12	4	41	5	137	6	347	7	761	8	1468	9	2658	10	4318	11	6408	12	8629	13	10543	14	11645	15	11684	16	10659	17	9068	18	7180	19	5301	20	3566	21	2366	22	1370	23	864	24	445	25	255	26	139	27	60	28	44	29	17	30	4	31	4	32	3	33	2	34	1
903	2	4	3	3	4	15	5	56	6	220	7	552	8	1176	9	2334	10	4035	11	6279	12	8339	13	10196	14	11570	15	11789	16	10996	17	9292	18	7427	19	5550	20	3885	21	2585	22	1570	23	966	24	555	25	287	26	156	27	80	28	44	29	23	30	7	31	4	32	4	33	1
904	1	1	2	3	3	23	4	56	5	115	6	308	7	658	8	1250	9	2329	10	3769	11	5779	12	7841	13	9768	14	11190	15	11327	16	10746	17	9599	18	7988	19	5894	20	4263	21	2920	22	1755	23	1016	24	668	25	342	26	193	27	112	28	47	29	23	30	5	31	6	32	2	33	1	34	1	35	1	40	1
905	3	2	4	8	5	39	6	132	7	364	8	827	9	1672	10	3160	11	5042	12	7210	13	9296	14	10938	15	11544	16	11336	17	10186	18	8349	19	6757	20	4853	21	3213	22	2074	23	1275	24	819	25	412	26	230	27	131	28	68	29	34	30	11	31	7	32	7	33	1	34	2	37	1
906	1	1	3	8	4	27	5	80	6	197	7	452	8	894	9	1644	10	2992	11	4628	12	6561	13	8760	14	10413	15	11372	16	11175	17	10417	18	8883	19	6934	20	5240	21	3581	22	2327	23	1472	24	885	25	482	26	297	27	128	28	76	29	43	30	15	31	10	32	4	33	1	34	1
907	3	1	4	11	5	24	6	102	7	253	8	621	9	1304	10	2511	11	4171	12	6218	13	8396	14	10074	15	10955	16	11402	17	10785	18	9261	19	7350	20	5791	21	3910	22	2651	23	1781	24	1051	25	633	26	354	27	188	28	96	29	54	30	23	31	11	32	11	33	6	34	1
908	2	1	3	6	4	24	5	65	6	139	7	290	8	643	9	1181	10	2141	11	3435	12	5276	13	7307	14	9295	15	10630	16	11250	17	10790	18	9754	19	8072	20	6317	21	4705	22	3296	23	2157	24	1340	25	854	26	480	27	237	28	148	29	81	30	42	31	27	32	9	33	3	34	4	38	1
909	4	7	5	18	6	57	7	173	8	428	9	965	10	1792	11	3146	12	4967	13	6918	14	8945	15	10483	16	11094	17	10850	18	10148	19	8587	20	6827	21	4904	22	3633	23	2380	24	1489	25	946	26	554	27	301	28	200	29	90	30	43	31	24	32	12	33	6	34	4	35	4	36	3	37	1	39	1
910	2	1	3	5	4	20	5	66	6	143	7	280	8	598	9	1183	10	2036	11	3373	12	4837	13	6658	14	8602	15	10256	16	10949	17	10891	18	9986	19	8445	20	6843	21	5074	22	3656	23	2284	24	1533	25	941	26	613	27	368	28	186	29	82	30	54	31	19	32	12	33	2	34	3	38	1
911	4	7	5	17	6	56	7	166	8	443	9	903	10	1662	11	2959	12	4692	13	6606	14	8638	15	10119	16	10879	17	10848	18	10224	19	8746	20	7084	21	5279	22	3895	23	2725	24	1627	25	1067	26	582	27	330	28	216	29	113	30	49	31	33	32	16	33	11	34	5	35	2	39	1
912	3	7	4	16	5	47	6	111	7	229	8	416	9	781	10	1523	11	2467	12	3940	13	5779	14	7587	15	9342	16	10303	17	10827	18	10469	19	9245	20	7896	21	6109	22	4566	23	3135	24	2050	25	1284	26	806	27	507	28	270	29	142	30	78	31	27	32	17	33	7	34	9	35	4	36	1	37	2	38	1
913	4	4	5	11	6	34	7	82	8	251	9	595	10	1147	11	2098	12	3450	13	5213	14	6966	15	8857	16	10135	17	10791	18	10618	19	9667	20	8418	21	6641	22	5087	23	3519	24	2492	25	1572	26	988	27	581	28	365	29	186	30	109	31	60	32	33	33	22	34	3	35	4	36	1
914	3	1	4	14	5	31	6	70	7	153	8	329	9	658	10	1214	11	2136	12	3231	13	4961	14	6720	15	8638	16	9669	17	10621	18	10659	19	9773	20	8323	21	6815	22	5396	23	3692	24	2690	25	1686	26	1039	27	650	28	378	29	215	30	98	31	71	32	33	33	21	34	7	35	5	36	1	37	1	38	1
915	4	1	5	7	6	15	7	60	8	182	9	424	10	803	11	1643	12	2810	13	4329	14	6114	15	8042	16	9538	17	10652	18	10814	19	10076	20	8862	21	7362	22	5860	23	4356	24	2973	25	2010	26	1321	27	728	28	451	29	261	30	149	31	75	32	45	33	17	34	12	35	4	36	1	37	1	38	1	42	1
916	3	2	4	15	5	24	6	63	7	133	8	248	9	534	10	897	11	1514	12	2603	13	3986	14	5724	15	7288	16	8979	17	10169	18	10473	19	10254	20	9227	21	7847	22	6100	23	4736	24	3283	25	2272	26	1424	27	881	28	586	29	325	30	198	31	106	32	54	33	23	34	14	35	15	36	2	37	1
917	5	4	6	12	7	36	8	113	9	243	10	609	11	1194	12	2026	13	3435	14	5164	15	6781	16	8599	17	10038	18	10734	19	10391	20	9475	21	8538	22	6721	23	5251	24	3762	25	2560	26	1743	27	1109	28	659	29	363	30	211	31	101	32	52	33	35	34	20	35	14	36	2	37	2	38	1	39	2
918	4	6	5	10	6	40	7	102	8	200	9	314	10	595	11	1096	12	1828	13	2990	14	4409	15	6079	16	7765	17	9305	18	10091	19	10550	20	9715	21	9009	22	7468	23	5731	24	4397	25	2996	26	2087	27	1298	28	759	29	505	30	283	31	161	32	94	33	49	34	34	35	17	36	6	37	4	38	3	39	2	40	2
919	5	1	6	6	7	24	8	64	9	175	10	388	11	908	12	1529	13	2659	14	4059	15	5880	16	7663	17	9218	18	10276	19	10361	20	10162	21	9208	22	7719	23	6149	24	4486	25	3237	26	2211	27	1462	28	913	29	559	30	297	31	170	32	111	33	50	34	30	35	14	36	6	37	4	41	1
920	2	1	3	3	4	7	5	25	6	30	7	84	8	141	9	262	10	509	11	871	12	1442	13	2414	14	3686	15	5208	16	6913	17	8604	18	9655	19	10192	20	10131	21	9145	22	8108	23	6434	24	5107	25	3823	26	2599	27	1789	28	1083	29	711	30	435	31	281	32	133	33	74	34	53	35	25	36	14	37	3	38	1	39	3	41	1
921	6	2	7	14	8	25	9	96	10	260	11	538	12	1023	13	1923	14	3163	15	4704	16	6527	17	8129	18	9298	19	10215	20	10393	21	9661	22	8487	23	7249	24	5696	25	4162	26	3023	27	2065	28	1293	29	904	30	507	31	273	32	187	33	89	34	44	35	26	36	11	37	5	38	3	39	2	40	3
922	3	1	4	1	5	8	6	24	7	58	8	100	9	187	10	319	11	624	12	946	13	1689	14	2801	15	4187	16	5534	17	7479	18	8609	19	9677	20	9988	21	9851	22	9001	23	7735	24	6239	25	4765	26	3515	27	2434	28	1615	29	1026	30	689	31	383	32	233	33	130	34	79	35	21	36	29	37	7	38	8	39	3	40	2	41	1	42	2
923	5	2	6	2	7	11	8	24	9	62	10	180	11	375	12	798	13	1422	14	2363	15	3724	16	5276	17	7039	18	8502	19	9748	20	10108	21	9799	22	9409	23	8107	24	6681	25	5020	26	3856	27	2755	28	1744	29	1149	30	721	31	494	32	277	33	145	34	105	35	40	36	25	37	14	38	9	39	8	40	3	41	1	42	2
924	1	1	3	1	4	3	5	10	6	15	7	51	8	95	9	165	10	311	11	550	12	975	13	1525	14	2423	15	3668	16	5254	17	6844	18	8317	19	9379	20	9961	21	9963	22	9229	23	7907	24	6589	25	5229	26	3895	27	2764	28	1840	29	1230	30	756	31	442	32	286	33	145	34	77	35	41	36	30	37	9	38	8	39	4	40	3	41	2	42	2	43	1
925	6	1	7	4	8	20	9	42	10	102	11	259	12	547	13	1057	14	1978	15	3058	16	4549	17	6101	18	7706	19	9197	20	10031	21	10116	22	9697	23	8553	24	7216	25	5938	26	4396	27	3167	28	2327	29	1500	30	999	31	580	32	396	33	208	34	112	35	62	36	41	37	22	38	8	39	7	40	2	41	1
926	4	1	5	3	6	7	7	27	8	72	9	124	10	184	11	358	12	598	13	1012	14	1507	15	2491	16	3896	17	5350	18	6748	19	8305	20	9521	21	9782	22	9827	23	9076	24	7890	25	6509	26	5062	27	3815	28	2748	29	1842	30	1266	31	793	32	515	33	288	34	172	35	93	36	51	37	38	38	12	39	5	40	5	41	4	43	1	44	1	47	1
927	7	5	8	9	9	27	10	88	11	144	12	383	13	763	14	1447	15	2374	16	3598	17	5281	18	6773	19	8193	20	9254	21	10010	22	9737	23	9218	24	8287	25	6766	26	5372	27	3994	28	2933	29	1960	30	1289	31	863	32	530	33	279	34	193	35	111	36	55	37	32	38	12	39	10	40	2	41	5	42	3
928	3	2	4	1	5	5	6	16	7	29	8	62	9	99	10	182	11	283	12	496	13	723	14	1283	15	1886	16	3003	17	4367	18	5854	19	7295	20	8781	21	9351	22	9657	23	9625	24	8538	25	7515	26	5999	27	4726	28	3439	29	2341	30	1656	31	1097	32	693	33	427	34	230	35	148	36	72	37	50	38	29	39	22	40	11	41	2	42	2	43	2	45	1
929	7	1	8	5	9	11	10	41	11	96	12	276	13	516	14	953	15	1730	16	2651	17	4034	18	5561	19	7011	20	8419	21	9417	22	9807	23	9656	24	8785	25	7906	26	6411	27	5037	28	3777	29	2753	30	1886	31	1314	32	728	33	494	34	331	35	170	36	97	37	57	38	26	39	20	40	13	41	5	42	1	43	2	44	1	48	1
930	5	3	6	6	7	16	8	49	9	83	10	133	11	192	12	338	13	549	14	910	15	1485	16	2299	17	3443	18	4776	19	6372	20	7663	21	8786	22	9574	23	9621	24	9054	25	8273	26	6968	27	5571	28	4404	29	3187	30	2280	31	1502	32	988	33	615	34	378	35	198	36	134	37	71	38	37	39	17	40	11	41	6	42	5	43	3
931	6	1	8	2	9	9	10	29	11	51	12	138	13	312	14	600	15	1146	16	1884	17	3038	18	4446	19	5778	20	7401	21	8577	22	9599	23	9640	24	9538	25	8546	26	7435	27	6158	28	4771	29	3624	30	2470	31	1755	32	1150	33	759	34	471	35	298	36	160	37	121	38	49	39	17	40	14	41	5	42	3	43	1	44	2	45	1	46	1
932	2	1	4	2	5	3	6	11	7	16	8	37	9	65	10	89	11	168	12	262	13	425	14	647	15	1083	16	1670	17	2652	18	3864	19	5125	20	6552	21	7976	22	8745	23	9192	24	9384	25	8918	26	8041	27	6692	28	5411	29	3991	30	2975	31	2091	32	1417	33	990	34	553	35	388	36	242	37	138	38	82	39	42	40	27	41	14	42	8	43	3	44	2	45	4	46	1	47	1
933	7	1	8	3	9	6	10	11	11	23	12	88	13	193	14	400	15	754	16	1280	17	2106	18	3350	19	4705	20	6089	21	7593	22	8642	23	9547	24	9584	25	9150	26	8414	27	7224	28	5874	29	4549	30	3404	31	2390	32	1637	33	1147	34	730	35	458	36	279	37	159	38	85	39	59	40	34	41	19	42	5	43	4	44	2	45	1	46	1
934	4	1	6	4	7	11	8	38	9	51	10	107	11	149	12	223	13	328	14	517	15	863	16	1301	17	2004	18	3041	19	4401	20	5827	21	7152	22	8558	23	9149	24	9405	25	9212	26	8430	27	7343	28	6083	29	4736	30	3527	31	2585	32	1795	33	1166	34	742	35	491	36	324	37	170	38	105	39	68	40	33	41	29	42	16	43	6	44	7	45	1	46	1
935	9	3	10	5	11	16	12	49	13	139	14	300	15	491	16	960	17	1615	18	2610	19	3730	20	5132	21	6701	22	8001	23	9031	24	9517	25	9294	26	8855	27	7978	28	6531	29	5329	30	4231	31	3073	32	2179	33	1541	34	1037	35	670	36	391	37	239	38	154	39	91	40	47	41	24	42	17	43	9	44	2	45	5	46	1	47	1	48	1
936	2	1	3	2	5	3	6	6	7	12	8	26	9	44	10	84	11	125	12	188	13	291	14	403	15	603	16	1018	17	1554	18	2510	19	3436	20	4859	21	6231	22	7515	23	8490	24	9097	25	9237	26	8787	27	8029	28	6946	29	5614	30	4451	31	3324	32	2483	33	1752	34	1098	35	683	36	453	37	279	38	159	39	86	40	45	41	44	42	16	43	7	44	6	45	2	46	1
937	10	6	11	16	12	21	13	64	14	159	15	330	16	626	17	1167	18	1864	19	2921	20	4110	21	5692	22	7018	23	8340	24	9121	25	9476	26	9189	27	8556	28	7645	29	6381	30	4919	31	3832	32	2794	33	1941	34	1418	35	926	36	567	37	354	38	239	39	132	40	86	41	36	42	19	43	18	44	12	45	3	47	2
938	4	1	7	3	8	9	9	25	10	51	11	100	12	113	13	186	14	285	15	393	16	631	17	956	18	1578	19	2406	20	3439	21	4795	22	6227	23	7475	24	8495	25	9082	26	9284	27	8829	28	7957	29	6911	30	5684	31	4395	32	3393	33	2457	34	1748	35	1127	36	750	37	447	38	298	39	193	40	123	41	66	42	40	43	23	44	17	46	3	47	2	48	2	56	1
939	10	4	11	5	12	13	13	37	14	107	15	226	16	426	17	738	18	1282	19	2143	20	3194	21	4440	22	5857	23	7131	24	8484	25	9059	26	9245	27	8877	28	8344	29	7326	30	6067	31	4908	32	3731	33	2775	34	1824	35	1395	36	886	37	563	38	352	39	243	40	135	41	70	42	51	43	26	44	15	45	13	46	3	47	2	48	1	50	1	53	1
940	5	3	6	3	7	7	8	15	9	22	10	41	11	82	12	95	13	161	14	222	15	299	16	454	17	714	18	1221	19	1712	20	2579	21	3696	22	5079	23	6389	24	7663	25	8511	26	9222	27	8922	28	8607	29	7774	30	6630	31	5478	32	4292	33	3236	34	2233	35	1594	36	1122	37	711	38	444	39	285	40	205	41	111	42	69	43	44	44	20	45	16	46	7	47	5	48	4	49	1
941	11	3	12	7	13	17	14	52	15	93	16	217	17	413	18	833	19	1398	20	2214	21	3300	22	4463	23	5855	24	7206	25	8255	26	8866	27	9302	28	8789	29	8142	30	7420	31	6003	32	4833	33	3767	34	2792	35	1987	36	1365	37	923	38	547	39	379	40	239	41	131	42	93	43	52	44	27	45	8	46	5	47	1	49	2	51	1
942	6	1	7	2	8	8	9	16	10	26	11	50	12	106	13	128	14	190	15	270	16	328	17	495	18	780	19	1268	20	1947	21	2788	22	4069	23	5490	24	6693	25	7790	26	8834	27	9010	28	9080	29	8326	30	7358	31	6349	32	5206	33	4019	34	3046	35	2143	36	1465	37	1002	38	640	39	430	40	263	41	169	42	88	43	61	44	24	45	18	46	9	47	7	48	7	49	1
943	12	1	13	13	14	29	15	55	16	127	17	294	18	522	19	978	20	1623	21	2474	22	3542	23	4821	24	6155	25	7236	26	8244	27	8919	28	9332	29	8669	30	7836	31	6984	32	5806	33	4606	34	3678	35	2705	36	1830	37	1349	38	771	39	563	40	313	41	228	42	134	43	75	44	33	45	30	46	10	47	8	48	5	49	1	50	1
944	3	1	5	1	6	6	7	2	8	10	9	17	10	27	11	52	12	68	13	103	14	134	15	216	16	268	17	376	18	596	19	881	20	1333	21	2126	22	2974	23	4029	24	5402	25	6599	26	7728	27	8405	28	8858	29	8719	30	8463	31	7500	32	6302	33	5108	34	4002	35	3026	36	2235	37	1572	38	1010	39	679	40	450	41	288	42	169	43	88	44	81	45	41	46	29	47	11	48	3	49	2	50	4	51	4	52	1	56	1
945	12	3	13	4	14	13	15	31	16	90	17	191	18	327	19	677	20	1119	21	1697	22	2618	23	3657	24	4900	25	6278	26	7288	27	8365	28	8749	29	8823	30	8501	31	7852	32	6846	33	5673	34	4574	35	3524	36	2597	37	1843	38	1258	39	932	40	590	41	394	42	231	43	140	44	80	45	64	46	35	47	13	48	11	49	4	50	3	51	2	52	1	53	2
946	8	1	9	6	10	20	11	33	12	54	13	85	14	144	15	166	16	229	17	287	18	332	19	547	20	866	21	1396	22	2085	23	3075	24	4256	25	5371	26	6739	27	7819	28	8767	29	8683	30	8578	31	8249	32	7308	33	6327	34	5046	35	3963	36	2902	37	2078	38	1531	39	1128	40	711	41	446	42	269	43	195	44	124	45	77	46	46	47	20	48	19	49	9	50	7	51	2	52	1	53	1	54	1	55	1
947	13	7	14	9	15	14	16	45	17	78	18	230	19	407	20	670	21	1165	22	1828	23	2844	24	3885	25	5092	26	6357	27	7510	28	8592	29	8915	30	8918	31	8534	32	7500	33	6556	34	5534	35	4355	36	3260	37	2478	38	1756	39	1153	40	838	41	567	42	363	43	220	44	111	45	96	46	41	47	38	48	13	49	8	50	5	51	4	52	3	53	1
948	3	1	5	1	6	1	7	2	8	6	9	5	10	20	11	26	12	56	13	82	14	95	15	138	16	228	17	232	18	336	19	460	20	747	21	1051	22	1640	23	2455	24	3519	25	4698	26	5855	27	7175	28	8100	29	8452	30	8797	31	8326	32	7801	33	6891	34	5842	35	4675	36	3671	37	2789	38	1910	39	1364	40	936	41	590	42	398	43	258	44	132	45	104	46	54	47	34	48	19	49	12	50	8	51	1	52	1	53	3	54	2	56	1
949	12	1	13	1	14	2	15	8	16	31	17	57	18	121	19	245	20	394	21	727	22	1220	23	1842	24	2839	25	3921	26	4972	27	6386	28	7540	29	8210	30	8667	31	8758	32	8395	33	7705	34	6593	35	5616	36	4402	37	3386	38	2581	39	1840	40	1247	41	824	42	505	43	387	44	246	45	126	46	89	47	52	48	26	49	15	50	8	51	10	53	5
950	7	1	8	1	9	4	10	7	11	17	12	28	13	53	14	99	15	115	16	183	17	198	18	214	19	270	20	453	21	616	22	1017	23	1554	24	2387	25	3319	26	4594	27	5764	28	6992	29	7974	30	8416	31	8743	32	8350	33	7831	34	6984	35	5808	36	4872	37	3771	38	2828	39	2134	40	1479	41	998	42	742	43	439	44	280	45	183	46	123	47	63	48	44	49	24	50	11	51	8	52	2	53	7
951	15	3	16	7	17	33	18	77	19	146	20	259	21	463	22	823	23	1274	24	2066	25	3036	26	3989	27	5266	28	6449	29	7667	30	8337	31	8886	32	8645	33	8142	34	7429	35	6375	36	5321	37	4239	38	3254	39	2501	40	1792	41	1278	42	816	43	544	44	341	45	204	46	155	47	63	48	42	49	39	50	14	51	10	52	4	53	5	54	3	56	1	57	1	59	1
952	4	1	5	1	7	4	8	5	9	6	10	15	11	12	12	24	13	51	14	76	15	106	16	144	17	176	18	179	19	220	20	340	21	477	22	695	23	1174	24	1794	25	2526	26	3403	27	4733	28	5675	29	6952	30	7904	31	8413	32	8552	33	8335	34	7645	35	6774	36	5733	37	4702	38	3775	39	2878	40	2122	41	1438	42	1017	43	689	44	448	45	287	46	205	47	114	48	67	49	45	50	22	51	20	52	10	53	7	54	4	55	4	57	1
953	14	1	15	1	16	8	17	14	18	20	19	52	20	129	21	268	22	467	23	811	24	1348	25	2041	26	2795	27	4163	28	5261	29	6431	30	7373	31	8058	32	8544	33	8754	34	8133	35	7460	36	6448	37	5429	38	4426	39	3522	40	2519	41	1713	42	1299	43	878	44	604	45	389	46	247	47	156	48	83	49	58	50	46	51	23	52	9	53	4	54	4	55	5	56	3	58	3
954	8	4	9	1	10	3	11	11	12	23	13	32	14	35	15	88	16	118	17	145	18	177	19	194	20	234	21	303	22	402	23	616	24	1033	25	1617	26	2313	27	3292	28	4384	29	5692	30	6810	31	7791	32	8454	33	8564	34	8357	35	7848	36	6875	37	5945	38	4978	39	3935	40	2956	41	2118	42	1599	43	1016	44	733	45	481	46	314	47	190	48	124	49	69	50	46	51	29	52	14	53	13	54	10	55	1	56	3	57	4	58	3	59	3
955	17	10	18	10	19	39	20	79	21	126	22	246	23	463	24	826	25	1396	26	1984	27	2910	28	3857	29	5139	30	6378	31	7214	32	8097	33	8576	34	8520	35	8339	36	7378	37	6517	38	5499	39	4439	40	3436	41	2621	42	1892	43	1321	44	953	45	665	46	381	47	261	48	189	49	100	50	61	51	27	52	22	53	15	54	7	55	3	56	3	61	1
956	7	4	9	4	10	3	11	9	12	20	13	26	14	34	15	63	16	95	17	134	18	131	19	177	20	204	21	253	22	311	23	474	24	697	25	1103	26	1666	27	2325	28	3247	29	4409	30	5478	31	6491	32	7477	33	8102	34	8433	35	8162	36	7852	37	6963	38	5984	39	5050	40	4049	41	3090	42	2313	43	1624	44	1168	45	820	46	565	47	373	48	243	49	159	50	73	51	66	52	29	53	20	54	9	55	8	56	5	57	2	58	2	59	1
957	16	2	17	3	18	13	19	18	20	35	21	111	22	194	23	304	24	552	25	955	26	1402	27	2091	28	3116	29	4238	30	5150	31	6366	32	7263	33	7909	34	8272	35	8418	36	7973	37	7341	38	6248	39	5441	40	4422	41	3513	42	2568	43	1971	44	1356	45	953	46	661	47	413	48	280	49	188	50	94	51	68	52	42	53	20	54	10	55	13	56	7	57	3	58	2	59	1
958	9	1	11	2	12	6	13	14	14	25	15	52	16	60	17	130	18	150	19	189	20	146	21	183	22	217	23	253	24	361	25	642	26	1000	27	1479	28	2300	29	3230	30	4195	31	5496	32	6491	33	7633	34	8182	35	8368	36	8205	37	7702	38	7014	39	6165	40	5159	41	4099	42	3145	43	2288	44	1695	45	1190	46	879	47	576	48	390	49	273	50	141	51	98	52	69	53	47	54	26	55	14	56	11	57	6	58	1	59	1	60	1
959	17	1	18	8	19	11	20	27	21	44	22	86	23	164	24	304	25	594	26	876	27	1457	28	2027	29	2965	30	3892	31	5008	32	6122	33	7152	34	7878	35	8083	36	8298	37	7967	38	7414	39	6518	40	5334	41	4643	42	3657	43	2776	44	2072	45	1477	46	1056	47	744	48	427	49	360	50	210	51	130	52	84	53	58	54	32	55	9	56	17	57	10	59	3	60	3	61	2
960	6	1	8	4	9	2	10	8	11	9	12	15	13	22	14	24	15	59	16	69	17	87	18	116	19	156	20	200	21	171	22	207	23	233	24	287	25	462	26	684	27	1026	28	1580	29	2248	30	3087	31	4167	32	5262	33	6151	34	7255	35	7740	36	8175	37	8164	38	7843	39	6944	40	6160	41	5268	42	4132	43	3312	44	2590	45	1983	46	1346	47	949	48	651	49	424	50	294	51	148	52	118	53	73	54	43	55	19	56	11	57	9	58	7	59	1	60	2	61	2
961	16	1	18	2	19	2	20	6	21	23	22	45	23	88	24	166	25	299	26	475	27	867	28	1242	29	1885	30	2773	31	3642	32	4750	33	5950	34	6722	35	7670	36	8210	37	8322	38	7953	39	7406	40	6677	41	5787	42	4766	43	3865	44	3038	45	2249	46	1585	47	1167	48	812	49	562	50	344	51	246	52	146	53	106	54	58	55	42	56	18	57	17	58	4	59	7	60	2	61	2	66	1
962	9	1	10	1	11	3	12	2	13	5	14	15	15	29	16	49	17	93	18	95	19	112	20	152	21	141	22	171	23	175	24	192	25	245	26	359	27	582	28	975	29	1524	30	2229	31	3169	32	4131	33	5177	34	6319	35	7349	36	7783	37	8189	38	8079	39	7799	40	6958	41	6314	42	5258	43	4350	44	3302	45	2573	46	1979	47	1373	48	918	49	630	50	448	51	252	52	200	53	114	54	71	55	46	56	31	57	18	58	3	59	6	60	4	61	3	63	2	64	1	68	1
963	17	1	18	1	19	6	20	4	21	16	22	26	23	57	24	95	25	189	26	329	27	534	28	868	29	1338	30	1898	31	2705	32	3757	33	4714	34	5841	35	6736	36	7412	37	8060	38	8092	39	7885	40	7648	41	6734	42	5788	43	4701	44	3956	45	3050	46	2195	47	1652	48	1225	49	804	50	585	51	403	52	257	53	169	54	103	55	63	56	37	57	19	58	17	59	11	60	7	61	5	62	2	63	3	65	1	66	1
964	7	1	8	1	9	4	10	6	11	1	12	5	13	7	14	16	15	32	16	38	17	63	18	85	19	103	20	131	21	145	22	152	23	188	24	173	25	229	26	298	27	446	28	662	29	1028	30	1499	31	2072	32	3079	33	4007	34	5046	35	5829	36	6857	37	7528	38	7905	39	8064	40	7665	41	7144	42	6383	43	5458	44	4526	45	3532	46	2758	47	2047	48	1573	49	1043	50	755	51	504	52	323	53	206	54	146	55	93	56	41	57	39	58	25	59	13	60	9	61	6	62	5	63	3	64	2	66	1
965	19	2	20	4	21	10	22	15	23	14	24	57	25	103	26	169	27	261	28	494	29	761	30	1227	31	1769	32	2520	33	3453	34	4525	35	5524	36	6556	37	7294	38	7892	39	7891	40	7940	41	7603	42	6831	43	6014	44	4964	45	4095	46	3364	47	2469	48	1853	49	1384	50	950	51	709	52	456	53	289	54	212	55	123	56	78	57	43	58	35	59	13	60	14	61	5	62	8	63	4	65	2	70	1
966	12	2	13	11	14	9	15	22	16	31	17	53	18	65	19	114	20	124	21	148	22	155	23	169	24	151	25	132	26	157	27	234	28	331	29	527	30	818	31	1300	32	1906	33	2819	34	3808	35	4798	36	5819	37	6704	38	7478	39	7876	40	7992	41	7989	42	7175	43	6509	44	5731	45	4640	46	3741	47	2901	48	2255	49	1648	50	1205	51	834	52	599	53	382	54	232	55	145	56	107	57	76	58	27	59	20	60	16	61	5	62	6	63	2	64	2
967	20	1	21	2	22	10	23	13	24	28	25	54	26	95	27	169	28	252	29	414	30	758	31	1016	32	1583	33	2225	34	3112	35	4161	36	5100	37	6125	38	7054	39	7689	40	7909	41	7985	42	7652	43	7086	44	6204	45	5404	46	4534	47	3570	48	2736	49	2071	50	1593	51	1116	52	752	53	509	54	365	55	247	56	160	57	88	58	65	59	37	60	24	61	12	62	6	63	7	64	1	65	2	66	1	68	2	70	1
968	4	1	7	1	8	2	10	1	11	2	12	2	13	9	14	13	15	16	16	29	17	46	18	59	19	75	20	100	21	147	22	160	23	173	24	176	25	167	26	215	27	206	28	304	29	385	30	622	31	877	32	1360	33	1994	34	2813	35	3701	36	4658	37	5608	38	6331	39	7257	40	7719	41	7815	42	7643	43	7150	44	6525	45	5630	46	4784	47	3834	48	3130	49	2412	50	1747	51	1292	52	922	53	652	54	427	55	284	56	185	57	125	58	75	59	48	60	40	61	23	62	10	63	8	64	2	65	5	66	1	67	1	69	1
969	20	1	21	3	22	1	23	4	24	18	25	30	26	60	27	90	28	154	29	267	30	453	31	720	32	1072	33	1579	34	2251	35	3138	36	4128	37	5098	38	6074	39	6787	40	7496	41	7895	42	7936	43	7604	44	6913	45	6353	46	5370	47	4540	48	3786	49	2850	50	2199	51	1592	52	1161	53	806	54	536	55	374	56	210	57	155	58	103	59	76	60	36	61	46	62	16	63	9	64	4	65	3	67	1	69	1	71	1
970	11	1	12	1	14	7	15	8	16	11	17	31	18	42	19	63	20	92	21	114	22	140	23	169	24	139	25	164	26	144	27	128	28	166	29	148	30	257	31	407	32	687	33	1082	34	1551	35	2381	36	3109	37	4111	38	5208	39	6297	40	7115	41	7650	42	7682	43	7779	44	7542	45	6892	46	6094	47	5245	48	4307	49	3498	50	2687	51	2001	52	1516	53	1108	54	743	55	512	56	366	57	216	58	140	59	92	60	67	61	37	62	15	63	14	64	7	65	7	66	3	67	3	68	1	71	2	74	1
971	20	1	23	7	24	9	25	14	26	28	27	54	28	92	29	146	30	276	31	394	32	635	33	1011	34	1390	35	2061	36	2853	37	3493	38	4757	39	5671	40	6494	41	7241	42	7748	43	7865	44	7733	45	7196	46	6503	47	5775	48	4792	49	3934	50	3264	51	2498	52	1817	53	1360	54	914	55	626	56	431	57	331	58	221	59	128	60	75	61	66	62	24	63	26	64	18	65	13	66	7	67	4	68	2	69	1	72	1
972	8	1	9	2	10	2	11	1	12	6	13	7	14	10	15	8	16	11	17	20	18	33	19	52	20	83	21	117	22	101	23	148	24	164	25	147	26	148	27	140	28	145	29	178	30	202	31	313	32	462	33	728	34	1105	35	1560	36	2240	37	3165	38	4016	39	4810	40	5746	41	6693	42	7230	43	7645	44	7632	45	7373	46	6824	47	6350	48	5505	49	4540	50	3671	51	2887	52	2273	53	1635	54	1230	55	901	56	578	57	407	58	258	59	175	60	120	61	82	62	48	63	29	64	16	65	9	66	6	67	6	68	2	69	2	71	1	72	1
973	24	3	25	7	26	7	27	18	28	45	29	68	30	122	31	212	32	342	33	530	34	846	35	1164	36	1715	37	2431	38	3282	39	4208	40	5249	41	6146	42	6936	43	7347	44	7925	45	7831	46	7475	47	7099	48	5885	49	5339	50	4380	51	3532	52	2793	53	2044	54	1602	55	1059	56	743	57	586	58	362	59	248	60	150	61	94	62	65	63	43	64	25	65	21	66	10	67	4	68	3	69	1	70	2	71	1
974	13	1	14	1	15	4	16	17	17	14	18	17	19	27	20	62	21	69	22	109	23	110	24	149	25	138	26	152	27	133	28	107	29	94	30	99	31	142	32	204	33	318	34	496	35	839	36	1219	37	1904	38	2642	39	3541	40	4453	41	5543	42	6391	43	7043	44	7539	45	7803	46	7524	47	7169	48	6666	49	5943	50	4934	51	4074	52	3269	53	2537	54	1909	55	1374	56	1045	57	705	58	486	59	342	60	225	61	145	62	99	63	62	64	38	65	27	66	15	67	11	68	11	69	3	70	2	71	2	72	1	75	1	78	1
975	19	1	22	1	23	3	24	3	25	6	26	8	27	15	28	26	29	32	30	88	31	134	32	214	33	302	34	522	35	792	36	1153	37	1702	38	2254	39	3006	40	3819	41	4959	42	5820	43	6730	44	7115	45	7526	46	7732	47	7484	48	7026	49	6331	50	5465	51	4686	52	3816	53	3004	54	2339	55	1768	56	1283	57	899	58	664	59	431	60	287	61	200	62	131	63	88	64	57	65	29	66	16	67	12	68	7	69	6	70	2	71	3	72	2	73	1
976	6	1	7	1	9	2	11	2	12	3	13	6	14	6	15	8	16	10	17	10	18	17	19	24	20	39	21	55	22	89	23	103	24	142	25	139	26	154	27	169	28	158	29	126	30	146	31	135	32	207	33	251	34	382	35	583	36	831	37	1212	38	1795	39	2286	40	3261	41	4043	42	4986	43	5846	44	6680	45	7229	46	7586	47	7513	48	7367	49	6801	50	6052	51	5243	52	4292	53	3551	54	2815	55	2118	56	1657	57	1212	58	847	59	595	60	430	61	298	62	172	63	119	64	76	65	61	66	13	67	21	68	12	69	3	70	2	71	3	72	1	74	3
977	23	2	26	3	27	11	28	13	29	30	30	39	31	83	32	98	33	214	34	291	35	466	36	718	37	1007	38	1536	39	2083	40	2750	41	3551	42	4519	43	5384	44	6239	45	6905	46	7503	47	7456	48	7630	49	7106	50	6534	51	5830	52	5021	53	4153	54	3373	55	2644	56	1993	57	1476	58	1030	59	781	60	553	61	328	62	228	63	128	64	93	65	76	66	45	67	36	68	17	69	8	70	2	71	4	72	3	73	4	74	1	75	1	76	1
978	15	1	17	6	18	13	19	28	20	27	21	37	22	57	23	89	24	121	25	136	26	163	27	139	28	155	29	121	30	95	31	76	32	69	33	109	34	138	35	213	36	371	37	604	38	943	39	1449	40	2150	41	2791	42	3822	43	4560	44	5583	45	6274	46	7031	47	7491	48	7631	49	7597	50	6988	51	6271	52	5674	53	4897	54	3940	55	3143	56	2445	57	1906	58	1422	59	995	60	735	61	542	62	327	63	238	64	133	65	102	66	68	67	44	68	20	69	8	70	3	71	4	72	2	73	1	74	1	77	1
979	23	1	27	5	28	7	29	9	30	22	31	32	32	67	33	109	34	167	35	242	36	360	37	545	38	784	39	1156	40	1648	41	2292	42	3089	43	3959	44	4835	45	5757	46	6458	47	7309	48	7445	49	7515	50	7289	51	7034	52	6297	53	5531	54	4625	55	3880	56	3029	57	2452	58	1797	59	1285	60	948	61	639	62	444	63	327	64	207	65	146	66	93	67	52	68	46	69	23	70	20	71	9	72	7	73	3	74	1	75	1	78	1	79	1
980	10	2	11	1	12	4	13	2	14	6	15	9	16	4	17	10	18	5	19	11	20	21	21	41	22	49	23	73	24	81	25	128	26	119	27	159	28	132	29	166	30	146	31	110	32	119	33	118	34	168	35	224	36	317	37	415	38	622	39	934	40	1325	41	1884	42	2446	43	3262	44	4140	45	5053	46	5714	47	6604	48	7118	49	7424	50	7351	51	7177	52	6677	53	5860	54	5201	55	4340	56	3615	57	2902	58	2187	59	1650	60	1203	61	870	62	609	63	429	64	267	65	175	66	110	67	86	68	44	69	27	70	22	71	11	72	9	73	4	74	3	75	3	77	1	78	1
981	23	2	25	1	26	1	27	6	28	6	29	4	30	15	31	20	32	35	33	65	34	99	35	165	36	234	37	375	38	525	39	741	40	1144	41	1543	42	2091	43	2888	44	3583	45	4624	46	5358	47	6243	48	6937	49	7281	50	7472	51	7325	52	6976	53	6543	54	5725	55	4868	56	4066	57	3335	58	2626	59	1966	60	1475	61	1167	62	789	63	537	64	383	65	247	66	195	67	117	68	74	69	57	70	31	71	19	72	9	73	7	74	1	75	2	76	1	79	1
982	12	1	16	2	17	4	18	5	19	9	20	17	21	23	22	36	23	48	24	76	25	103	26	119	27	150	28	147	29	154	30	124	31	104	32	108	33	73	34	72	35	76	36	91	37	138	38	240	39	380	40	608	41	929	42	1396	43	1950	44	2738	45	3676	46	4529	47	5360	48	6256	49	6846	50	7059	51	7628	52	7489	53	7169	54	6521	55	5694	56	4839	57	4171	58	3375	59	2658	60	1919	61	1421	62	1026	63	740	64	599	65	356	66	255	67	178	68	103	69	89	70	49	71	38	72	11	73	12	74	3	75	4	76	4	77	1	78	1
983	26	1	27	1	28	1	29	4	30	8	31	13	32	33	33	35	34	59	35	103	36	130	37	202	38	307	39	462	40	660	41	885	42	1335	43	1863	44	2372	45	3318	46	3943	47	4929	48	5555	49	6442	50	6917	51	7307	52	7541	53	7124	54	6767	55	6256	56	5410	57	4588	58	3728	59	2993	60	2348	61	1784	62	1375	63	980	64	682	65	518	66	360	67	233	68	146	69	100	70	69	71	47	72	29	73	12	74	5	75	7	76	5	77	3	78	3	79	1	81	1
984	8	1	9	1	11	1	13	3	14	2	15	6	16	6	17	7	18	3	19	12	20	9	21	25	22	31	23	34	24	60	25	71	26	92	27	130	28	168	29	139	30	129	31	134	32	114	33	110	34	99	35	113	36	107	37	174	38	229	39	343	40	449	41	680	42	996	43	1455	44	1901	45	2569	46	3307	47	4229	48	4992	49	5789	50	6382	51	6948	52	7296	53	7270	54	7031	55	6579	56	5848	57	5199	58	4310	59	3568	60	2833	61	2207	62	1756	63	1266	64	868	65	623	66	444	67	275	68	202	69	128	70	97	71	59	72	36	73	20	74	12	75	8	76	8	77	4	78	1	79	1	82	1
985	29	1	30	1	31	5	32	13	33	9	34	17	35	31	36	53	37	90	38	145	39	197	40	290	41	460	42	615	43	927	44	1320	45	1805	46	2422	47	3342	48	4127	49	5095	50	5899	51	6701	52	7108	53	7296	54	7486	55	7312	56	6725	57	6001	58	5366	59	4399	60	3655	61	2920	62	2278	63	1649	64	1305	65	895	66	643	67	461	68	308	69	207	70	154	71	104	72	56	73	45	74	27	75	14	76	10	77	4	78	1	79	1	80	3	81	1	82	1
986	17	1	18	3	19	5	20	10	21	13	22	17	23	40	24	45	25	73	26	65	27	104	28	131	29	135	30	150	31	126	32	119	33	87	34	86	35	74	36	54	37	56	38	68	39	90	40	128	41	217	42	398	43	643	44	925	45	1387	46	1946	47	2524	48	3488	49	4249	50	5166	51	5951	52	6782	53	7208	54	7379	55	7340	56	7084	57	6706	58	5897	59	5100	60	4181	61	3481	62	2688	63	2175	64	1540	65	1186	66	867	67	651	68	382	69	245	70	186	71	134	72	82	73	41	74	28	75	25	76	18	77	10	78	7	79	1	80	1	82	1
987	27	1	28	1	29	3	30	4	31	8	32	4	33	10	34	21	35	36	36	50	37	80	38	96	39	167	40	222	41	345	42	457	43	646	44	924	45	1193	46	1635	47	2256	48	2895	49	3797	50	4515	51	5287	52	6115	53	6826	54	6975	55	7263	56	7120	57	6770	58	6372	59	5626	60	4830	61	4044	62	3429	63	2664	64	2030	65	1604	66	1164	67	834	68	561	69	360	70	273	71	182	72	113	73	81	74	49	75	26	76	16	77	8	78	6	79	3	80	1	81	2
988	11	1	13	1	14	1	15	2	16	3	17	4	18	5	19	7	20	1	21	3	22	15	23	15	24	22	25	41	26	64	27	106	28	92	29	150	30	153	31	136	32	121	33	126	34	131	35	111	36	83	37	93	38	87	39	126	40	162	41	232	42	296	43	463	44	590	45	865	46	1202	47	1677	48	2242	49	2848	50	3665	51	4493	52	5182	53	6022	54	6732	55	7046	56	7322	57	7008	58	6732	59	6256	60	5618	61	4845	62	3917	63	3309	64	2563	65	1918	66	1482	67	1109	68	789	69	554	70	379	71	270	72	165	73	116	74	87	75	61	76	30	77	20	78	12	79	8	80	11	81	2
989	29	1	30	1	31	3	32	2	33	6	34	14	35	19	36	26	37	34	38	66	39	79	40	143	41	192	42	276	43	342	44	475	45	713	46	1043	47	1375	48	1857	49	2475	50	3077	51	3943	52	4749	53	5542	54	6170	55	6737	56	7219	57	7211	58	7124	59	6838	60	5968	61	5361	62	4666	63	3967	64	3136	65	2423	66	1894	67	1432	68	1057	69	734	70	510	71	367	72	262	73	183	74	102	75	61	76	51	77	35	78	15	79	9	80	6	81	4	82	4	83	1
990	15	1	18	1	19	1	20	4	21	1	22	12	23	18	24	28	25	37	26	45	27	64	28	117	29	111	30	135	31	133	32	132	33	122	34	95	35	94	36	70	37	78	38	53	39	41	40	42	41	51	42	93	43	117	44	221	45	353	46	576	47	876	48	1244	49	1764	50	2491	51	3197	52	4066	53	4841	54	5646	55	6304	56	6852	57	7169	58	7243	59	7003	60	6628	61	6144	62	5294	63	4555	64	3791	65	3000	66	2423	67	1841	68	1375	69	1039	70	738	71	526	72	362	73	244	74	194	75	108	76	81	77	44	78	27	79	17	80	8	81	6	82	8	83	2	84	3
991	31	1	32	4	33	2	34	10	35	5	36	11	37	20	38	33	39	43	40	66	41	117	42	149	43	203	44	274	45	378	46	524	47	681	48	1023	49	1339	50	1901	51	2511	52	3279	53	3959	54	4854	55	5781	56	6384	57	6835	58	7178	59	7234	60	6964	61	6619	62	6089	63	5241	64	4487	65	3718	66	3045	67	2514	68	1853	69	1372	70	956	71	758	72	514	73	356	74	259	75	178	76	105	77	67	78	40	79	31	80	13	81	8	82	5	83	5	84	3	89	1
992	9	1	10	1	12	1	15	3	17	5	18	4	19	11	20	9	21	4	22	13	23	8	24	13	25	23	26	43	27	54	28	47	29	83	30	89	31	132	32	121	33	161	34	118	35	132	36	99	37	91	38	84	39	96	40	94	41	93	42	139	43	194	44	250	45	324	46	423	47	563	48	821	49	1097	50	1559	51	1995	52	2542	53	3170	54	4128	55	4773	56	5432	57	6237	58	6740	59	7141	60	7018	61	6720	62	6368	63	6043	64	4988	65	4436	66	3628	67	3028	68	2295	69	1702	70	1321	71	1009	72	731	73	518	74	349	75	230	76	169	77	109	78	63	79	41	80	25	81	14	82	9	83	11	84	4	85	6	86	2	87	1	95	1
993	28	1	29	2	31	1	32	3	34	4	35	5	36	6	37	13	38	28	39	39	40	41	41	70	42	90	43	134	44	196	45	259	46	331	47	512	48	628	49	893	50	1160	51	1628	52	2175	53	2779	54	3390	55	4100	56	5059	57	5718	58	6320	59	6880	60	7157	61	6954	62	6831	63	6308	64	5756	65	5135	66	4333	67	3590	68	2971	69	2202	70	1835	71	1299	72	998	73	689	74	479	75	354	76	217	77	150	78	117	79	63	80	29	81	23	82	18	83	9	84	12	85	3	86	1	88	1	90	1
994	20	1	21	3	22	2	23	4	24	4	25	17	26	22	27	40	28	63	29	79	30	86	31	134	32	131	33	147	34	145	35	139	36	112	37	99	38	92	39	54	40	43	41	43	42	34	43	35	44	57	45	73	46	99	47	213	48	317	49	479	50	730	51	1023	52	1439	53	2036	54	2642	55	3485	56	4224	57	5042	58	5793	59	6385	60	6659	61	7017	62	7026	63	7005	64	6218	65	5875	66	5194	67	4376	68	3698	69	2909	70	2324	71	1685	72	1305	73	987	74	718	75	472	76	349	77	220	78	154	79	81	80	57	81	28	82	37	83	17	84	8	85	5	86	3	87	4	88	2	91	1
995	31	1	32	2	33	2	34	2	35	4	36	4	37	6	38	10	39	24	40	37	41	51	42	67	43	90	44	114	45	176	46	218	47	336	48	387	49	528	50	704	51	975	52	1193	53	1716	54	2247	55	2797	56	3552	57	4262	58	5193	59	5737	60	6361	61	6676	62	6952	63	6868	64	6788	65	6126	66	5743	67	5008	68	4364	69	3620	70	2784	71	2248	72	1667	73	1261	74	930	75	679	76	496	77	338	78	222	79	161	80	87	81	68	82	40	83	27	84	22	85	8	86	10	87	5	88	2	89	2	90	1	92	1
996	12	2	14	4	15	2	16	3	17	6	18	6	19	2	20	6	21	3	22	6	23	5	24	8	25	11	26	15	27	37	28	33	29	53	30	65	31	103	32	102	33	138	34	142	35	134	36	141	37	103	38	109	39	89	40	82	41	69	42	69	43	61	44	89	45	108	46	162	47	227	48	266	49	402	50	507	51	743	52	917	53	1267	54	1642	55	2089	56	2758	57	3508	58	4157	59	4863	60	5670	61	6372	62	6642	63	6866	64	7068	65	6543	66	6233	67	5616	68	5005	69	4175	70	3445	71	2889	72	2258	73	1719	74	1203	75	892	76	698	77	473	78	316	79	203	80	146	81	91	82	60	83	37	84	18	85	16	86	14	87	8	88	3	91	3	92	2	93	1	95	1
997	35	1	36	2	37	5	38	5	39	6	40	13	41	25	42	35	43	44	44	72	45	89	46	147	47	167	48	213	49	305	50	374	51	506	52	693	53	892	54	1308	55	1699	56	2296	57	2874	58	3469	59	4468	60	5019	61	5716	62	6474	63	6851	64	7067	65	7002	66	6783	67	6163	68	5605	69	4924	70	4204	71	3450	72	2845	73	2251	74	1642	75	1299	76	912	77	637	78	489	79	343	80	202	81	142	82	97	83	69	84	38	85	26	86	14	87	11	88	9	89	5	90	2	95	1
998	19	1	20	2	22	2	23	3	24	6	25	8	26	13	27	20	28	29	29	44	30	58	31	70	32	97	33	103	34	129	35	118	36	124	37	90	38	119	39	79	40	76	41	40	42	50	43	32	44	22	45	30	46	38	47	39	48	72	49	116	50	185	51	251	52	427	53	604	54	889	55	1255	56	1608	57	2199	58	2969	59	3626	60	4424	61	5060	62	5913	63	6409	64	6848	65	7119	66	6890	67	6718	68	5978	69	5543	70	4813	71	4256	72	3431	73	2810	74	2226	75	1669	76	1277	77	860	78	657	79	483	80	344	81	218	82	157	83	91	84	61	85	44	86	21	87	14	88	10	89	5	90	3	91	1	92	3	93	1
999	27	1	33	1	35	2	36	2	37	5	38	12	39	7	40	18	41	26	42	30	43	33	44	58	45	77	46	105	47	112	48	188	49	214	50	280	51	389	52	471	53	635	54	869	55	1065	56	1380	57	1880	58	2421	59	2929	60	3660	61	4263	62	5144	63	5744	64	6351	65	6593	66	6839	67	6736	68	6582	69	6167	70	5459	71	4883	72	4136	73	3440	74	2770	75	2171	76	1627	77	1223	78	914	79	653	80	477	81	339	82	230	83	145	84	81	85	55	86	42	87	22	88	18	89	7	90	8	91	7	92	2	94	2
1000	11	1	12	1	13	1	15	1	16	1	17	4	18	2	19	3	20	6	21	5	22	5	23	6	24	9	25	4	26	11	27	16	28	24	29	22	30	45	31	70	32	72	33	102	34	109	35	109	36	132	37	142	38	115	39	101	40	107	41	84	42	69	43	73	44	80	45	60	46	72	47	85	48	154	49	182	50	229	51	286	52	376	53	483	54	594	55	786	56	1060	57	1308	58	1768	59	2304	60	2977	61	3579	62	4428	63	5121	64	5634	65	6287	66	6589	67	6669	68	6699	69	6426	70	6055	71	5470	72	4882	73	4074	74	3404	75	2693	76	2068	77	1577	78	1233	79	819	80	687	81	438	82	320	83	192	84	149	85	96	86	57	87	39	88	28	89	11	90	9	91	3	92	4	94	2	95	1	96	1
