1	1	100000
2	1	100000
3	1	100000
4	1	100000
5	1	100000
6	1	100000
7	1	100000
8	1	100000
9	1	100000
10	1	100000
11	1	100000
12	1	100000
13	1	100000
14	1	100000
15	1	100000
16	1	100000
17	1	100000
18	1	100000
19	1	100000
20	1	100000
21	1	100000
22	1	100000
23	1	100000
24	1	100000
25	1	100000
26	1	100000
27	1	100000
28	1	100000
29	1	100000
30	1	100000
31	1	100000
32	1	100000
33	1	100000
34	1	100000
35	1	100000
36	1	100000
37	1	100000
38	1	100000
39	1	100000
40	1	100000
41	1	100000
42	1	100000
43	1	100000
44	1	100000
45	1	100000
46	1	100000
47	1	100000
48	1	100000
49	1	100000
50	1	100000
51	1	100000
52	1	100000
53	1	100000
54	1	100000
55	1	100000
56	1	100000
57	1	100000
58	1	100000
59	1	100000
60	1	100000
61	1	100000
62	1	100000
63	1	100000
64	1	100000
65	1	100000
66	1	100000
67	1	100000
68	1	100000
69	1	100000
70	1	100000
71	1	100000
72	1	100000
73	1	100000
74	1	100000
75	1	100000
76	1	100000
77	1	100000
78	1	100000
79	1	100000
80	1	100000
81	1	100000
82	1	100000
83	1	100000
84	1	100000
85	1	100000
86	1	100000
87	1	100000
88	1	100000
89	1	100000
90	1	100000
91	1	100000
92	1	100000
93	1	100000
94	1	100000
95	1	100000
96	1	99999	2	1
97	1	100000
98	1	100000
99	1	100000
100	1	100000
101	1	100000
102	1	100000
103	1	100000
104	1	100000
105	1	100000
106	1	100000
107	1	100000
108	1	100000
109	1	100000
110	1	100000
111	1	100000
112	1	100000
113	1	100000
114	1	100000
115	1	100000
116	1	99999	2	1
117	1	100000
118	1	100000
119	1	100000
120	1	100000
121	1	100000
122	1	100000
123	1	100000
124	1	100000
125	1	100000
126	1	100000
127	1	100000
128	1	100000
129	1	100000
130	1	100000
131	1	100000
132	1	100000
133	1	100000
134	1	100000
135	1	100000
136	1	100000
137	1	100000
138	1	100000
139	1	100000
140	1	100000
141	1	100000
142	1	99999	2	1
143	1	100000
144	1	100000
145	1	100000
146	1	100000
147	1	100000
148	1	100000
149	1	100000
150	1	99999	2	1
151	1	100000
152	1	100000
153	1	100000
154	1	100000
155	1	100000
156	1	100000
157	1	100000
158	1	100000
159	1	100000
160	1	100000
161	1	100000
162	1	100000
163	1	100000
164	1	99999	2	1
165	1	100000
166	1	100000
167	1	100000
168	1	100000
169	1	100000
170	1	99999	2	1
171	1	100000
172	1	100000
173	1	100000
174	1	100000
175	1	100000
176	1	100000
177	1	100000
178	1	100000
179	1	100000
180	1	100000
181	1	100000
182	1	100000
183	1	100000
184	1	100000
185	1	100000
186	1	100000
187	1	100000
188	1	100000
189	1	100000
190	1	100000
191	1	100000
192	1	99999	2	1
193	1	100000
194	1	100000
195	1	100000
196	1	100000
197	1	100000
198	1	99999	2	1
199	1	100000
200	1	100000
201	1	100000
202	1	99999	2	1
203	1	100000
204	1	100000
205	1	100000
206	1	100000
207	1	100000
208	1	100000
209	1	100000
210	1	100000
211	1	100000
212	1	100000
213	1	100000
214	1	100000
215	1	100000
216	1	100000
217	1	100000
218	1	100000
219	1	100000
220	1	100000
221	1	100000
222	1	99999	2	1
223	1	100000
224	1	99999	2	1
225	1	100000
226	1	100000
227	1	100000
228	1	100000
229	1	100000
230	1	99999	2	1
231	1	100000
232	1	100000
233	1	100000
234	1	100000
235	1	100000
236	1	100000
237	1	100000
238	1	100000
239	1	100000
240	1	99999	2	1
241	1	100000
242	1	100000
243	1	100000
244	1	100000
245	1	100000
246	1	99999	2	1
247	1	100000
248	1	99999	2	1
249	1	100000
250	1	100000
251	1	100000
252	1	100000
253	1	100000
254	1	100000
255	1	100000
256	1	100000
257	1	100000
258	1	100000
259	1	99999	2	1
260	1	100000
261	1	100000
262	1	99999	2	1
263	1	100000
264	1	100000
265	1	100000
266	1	100000
267	1	100000
268	1	99999	2	1
269	1	100000
270	1	100000
271	1	100000
272	1	100000
273	1	100000
274	1	100000
275	1	100000
276	1	100000
277	1	100000
278	1	100000
279	1	100000
280	1	100000
281	1	100000
282	1	100000
283	1	100000
284	1	100000
285	1	100000
286	1	100000
287	1	100000
288	1	100000
289	1	100000
290	1	100000
291	1	100000
292	1	100000
293	1	100000
294	1	100000
295	1	100000
296	1	100000
297	1	100000
298	1	100000
299	1	100000
300	1	100000
301	1	100000
302	1	100000
303	1	100000
304	1	99999	2	1
305	1	100000
306	1	100000
307	1	100000
308	1	100000
309	1	100000
310	1	100000
311	1	100000
312	1	100000
313	1	100000
314	1	100000
315	1	100000
316	1	99999	2	1
317	1	100000
318	1	100000
319	1	100000
320	1	100000
321	1	100000
322	1	100000
323	1	100000
324	1	99999	2	1
325	1	100000
326	1	100000
327	1	100000
328	1	100000
329	1	100000
330	1	100000
331	1	100000
332	1	100000
333	1	100000
334	1	100000
335	1	100000
336	1	100000
337	1	100000
338	1	100000
339	1	100000
340	1	100000
341	1	100000
342	1	100000
343	1	100000
344	1	100000
345	1	100000
346	1	100000
347	1	100000
348	1	100000
349	1	100000
350	1	99999	2	1
351	1	100000
352	1	100000
353	1	100000
354	1	100000
355	1	100000
356	1	99999	2	1
357	1	100000
358	1	99999	2	1
359	1	100000
360	1	99997	2	3
361	1	100000
362	1	99999	2	1
363	1	100000
364	1	100000
365	1	100000
366	1	99999	2	1
367	1	100000
368	1	100000
369	1	100000
370	1	99997	2	3
371	1	100000
372	1	100000
373	1	100000
374	1	100000
375	1	100000
376	1	99999	2	1
377	1	99999	2	1
378	1	100000
379	1	100000
380	1	100000
381	1	100000
382	1	100000
383	1	100000
384	1	99999	2	1
385	1	100000
386	1	100000
387	1	100000
388	1	100000
389	1	100000
390	1	99999	2	1
391	1	100000
392	1	100000
393	1	100000
394	1	100000
395	1	100000
396	1	99999	2	1
397	1	100000
398	1	99999	2	1
399	1	100000
400	1	100000
401	1	100000
402	1	100000
403	1	100000
404	1	100000
405	1	100000
406	1	100000
407	1	100000
408	1	99999	2	1
409	1	99999	2	1
410	1	100000
411	1	100000
412	1	99998	2	2
413	1	100000
414	1	99998	2	2
415	1	100000
416	1	100000
417	1	100000
418	1	100000
419	1	100000
420	1	100000
421	1	100000
422	1	100000
423	1	100000
424	1	99999	2	1
425	1	99998	2	2
426	1	99998	2	2
427	1	100000
428	1	99999	2	1
429	1	99999	2	1
430	1	100000
431	1	100000
432	1	100000
433	1	100000
434	1	100000
435	1	99999	2	1
436	1	99999	2	1
437	1	100000
438	1	99999	2	1
439	1	100000
440	1	99998	2	2
441	1	99997	2	3
442	1	100000
443	1	99999	2	1
444	1	99997	2	3
445	1	99999	2	1
446	1	99998	2	2
447	1	100000
448	1	100000
449	1	100000
450	1	99998	2	2
451	1	99998	2	2
452	1	99999	2	1
453	1	100000
454	1	99997	2	3
455	1	99998	2	2
456	1	99996	2	4
457	1	99998	2	2
458	1	100000
459	1	100000
460	1	99997	2	3
461	1	99999	2	1
462	1	99999	2	1
463	1	99999	2	1
464	1	100000
465	1	99999	2	1
466	1	99996	2	4
467	1	99998	2	2
468	1	99997	2	3
469	1	99999	2	1
470	1	99996	2	4
471	1	99995	2	5
472	1	99998	2	2
473	1	99998	2	2
474	1	99997	2	3
475	1	99995	2	5
476	1	99996	2	4
477	1	99998	2	2
478	1	99996	2	4
479	1	99994	2	6
480	1	99997	2	3
481	1	99997	2	3
482	1	99999	2	1
483	1	99996	2	4
484	1	99992	2	8
485	1	99996	2	4
486	1	99991	2	9
487	1	99993	2	7
488	1	99990	2	10
489	1	99993	2	7
490	1	99987	2	13
491	1	99995	2	5
492	1	99982	2	18
493	1	99991	2	9
494	1	99992	2	8
495	1	99990	2	10
496	1	99988	2	12
497	1	99985	2	15
498	1	99993	2	7
499	1	99979	2	21
500	1	99995	2	5
501	1	7016	2	92970	3	14
502	1	13654	2	86335	3	11
503	1	19994	2	79997	3	9
504	1	25511	2	74484	3	5
505	1	30821	2	69164	3	11	4	4
506	1	35779	2	64218	3	3
507	1	40082	2	59912	3	6
508	1	44225	2	55765	3	9	4	1
509	1	48396	2	51594	3	8	4	2
510	1	51790	2	48194	3	11	4	5
511	1	55427	2	44570	3	3
512	1	58805	2	41192	3	2	4	1
513	1	61460	2	38532	3	6	4	2
514	1	64218	2	35775	3	7
515	1	66901	2	33094	3	4	4	1
516	1	69110	2	30881	3	9
517	1	71319	2	28674	3	5	4	2
518	1	73490	2	26497	3	10	4	3
519	1	75286	2	24709	3	3	4	2
520	1	76986	2	23003	3	8	4	3
521	1	78525	2	21466	3	9
522	1	80169	2	19824	3	7
523	1	81663	2	18326	3	11
524	1	82916	2	17078	3	6
525	1	84042	2	15945	3	11	4	2
526	1	85240	2	14751	3	7	4	2
527	1	86070	2	13922	3	7	4	1
528	1	87203	2	12788	3	8	4	1
529	1	88006	2	11987	3	6	4	1
530	1	88982	2	11011	3	6	4	1
531	1	89776	2	10220	3	4
532	1	90634	2	9360	3	6
533	1	91214	2	8781	3	5
534	1	91748	2	8241	3	11
535	1	92313	2	7677	3	10
536	1	92961	2	7033	3	6
537	1	93323	2	6673	3	3	4	1
538	1	93971	2	6026	3	3
539	1	94223	2	5774	3	3
540	1	94804	2	5184	3	11	4	1
541	1	95173	2	4817	3	9	4	1
542	1	95420	2	4577	3	2	4	1
543	1	95661	2	4328	3	11
544	1	96005	2	3987	3	8
545	1	96388	2	3604	3	8
546	1	96584	2	3406	3	10
547	1	96811	2	3186	3	3
548	1	97102	2	2893	3	5
549	1	97131	2	2866	3	3
550	1	97480	2	2510	3	10
551	1	97640	2	2350	3	10
552	1	97748	2	2246	3	6
553	1	97847	2	2147	3	6
554	1	98147	2	1848	3	5
555	1	98194	2	1799	3	7
556	1	98264	2	1727	3	9
557	1	98501	2	1495	3	4
558	1	98569	2	1424	3	7
559	1	98684	2	1311	3	4	4	1
560	1	98774	2	1218	3	8
561	1	98858	2	1134	3	8
562	1	98961	2	1031	3	8
563	1	98952	2	1036	3	12
564	1	99041	2	948	3	9	4	2
565	1	99109	2	882	3	9
566	1	99256	2	736	3	8
567	1	99230	2	764	3	6
568	1	99254	2	736	3	10
569	1	99293	2	695	3	12
570	1	99328	2	658	3	14
571	1	99320	2	670	3	10
572	1	99448	2	546	3	6
573	1	99470	2	520	3	10
574	1	99478	2	509	3	13
575	1	99530	2	459	3	11
576	1	99495	2	501	3	3	4	1
577	1	99567	2	427	3	6
578	1	99583	2	414	3	3
579	1	99610	2	384	3	6
580	1	99606	2	389	3	5
581	1	99616	2	373	3	11
582	1	99633	2	361	3	6
583	1	99623	2	368	3	9
584	1	99643	2	352	3	5
585	1	99655	2	340	3	5
586	1	99669	2	319	3	12
587	1	99635	2	352	3	13
588	1	99657	2	333	3	10
589	1	99679	2	309	3	12
590	1	99714	2	273	3	13
591	1	99718	2	274	3	8
592	1	99712	2	281	3	7
593	1	99707	2	286	3	7
594	1	99688	2	304	3	8
595	1	99679	2	315	3	6
596	1	99710	2	276	3	14
597	1	99708	2	288	3	4
598	1	99701	2	288	3	11
599	1	99673	2	317	3	10
600	1	99696	2	295	3	9
601	1	99646	2	349	3	5
602	1	99645	2	346	3	9
603	1	99626	2	365	3	9
604	1	99559	2	431	3	10
605	1	99615	2	380	3	5
606	1	99638	2	353	3	9
607	1	99627	2	369	3	4
608	1	99596	2	395	3	9
609	1	99606	2	381	3	13
610	1	99590	2	394	3	16
611	1	99578	2	417	3	5
612	1	99557	2	429	3	14
613	1	99581	2	405	3	14
614	1	99582	2	408	3	9	4	1
615	1	99525	2	462	3	12	4	1
616	1	99557	2	432	3	11
617	1	99551	2	434	3	15
618	1	99502	2	486	3	12
619	1	99500	2	486	3	14
620	1	99514	2	475	3	9	4	2
621	1	99465	2	522	3	12	4	1
622	1	99449	2	538	3	13
623	1	99443	2	539	3	18
624	1	99353	2	635	3	12
625	1	99413	2	577	3	10
626	1	99367	2	616	3	16	4	1
627	1	99371	2	614	3	15
628	1	99304	2	682	3	13	4	1
629	1	99328	2	656	3	16
630	1	99319	2	666	3	15
631	1	99250	2	735	3	15
632	1	99227	2	764	3	9
633	1	99239	2	745	3	16
634	1	99146	2	837	3	16	4	1
635	1	99171	2	815	3	14
636	1	99160	2	829	3	11
637	1	99127	2	865	3	8
638	1	99069	2	922	3	9
639	1	99033	2	948	3	19
640	1	99031	2	952	3	17
641	1	98979	2	1009	3	12
642	1	99001	2	985	3	14
643	1	98929	2	1055	3	16
644	1	98816	2	1169	3	15
645	1	98894	2	1093	3	12	4	1
646	1	98771	2	1210	3	19
647	1	98791	2	1196	3	13
648	1	98683	2	1289	3	28
649	1	98708	2	1279	3	13
650	1	98653	2	1337	3	10
651	1	98580	2	1400	3	20
652	1	98518	2	1459	3	23
653	1	98497	2	1479	3	24
654	1	98382	2	1601	3	17
655	1	98381	2	1593	3	25	4	1
656	1	98239	2	1739	3	22
657	1	98292	2	1693	3	15
658	1	98124	2	1845	3	31
659	1	98078	2	1890	3	32
660	1	97863	2	2105	3	32
661	1	97897	2	2072	3	31
662	1	97686	2	2284	3	30
663	1	97679	2	2289	3	32
664	1	97289	2	2675	3	36
665	1	97427	2	2532	3	41
666	1	96806	2	3140	3	53	4	1
667	1	98475	2	1501	3	24
668	1	97963	2	2006	3	31
669	1	98030	2	1941	3	29
670	1	97973	2	2006	3	20	4	1
671	1	97891	2	2082	3	26	4	1
672	1	97386	2	2562	3	51	4	1
673	1	97664	2	2303	3	32	4	1
674	1	97591	2	2369	3	40
675	1	97500	2	2436	3	64
676	1	96991	2	2961	3	46	4	2
677	1	97406	2	2552	3	41	4	1
678	1	97411	2	2535	3	54
679	1	97160	2	2767	3	71	4	2
680	1	96542	2	3387	3	68	4	3
681	1	97006	2	2936	3	57	4	1
682	1	96976	2	2975	3	49
683	1	96839	2	3104	3	56	4	1
684	1	96367	2	3565	3	67	4	1
685	1	96658	2	3271	3	69	4	2
686	1	96759	2	3157	3	83	4	1
687	1	96523	2	3403	3	73	4	1
688	1	95920	2	3979	3	100	4	1
689	1	96310	2	3609	3	79	4	2
690	1	95875	2	4036	3	88	5	1
691	1	95916	2	3982	3	99	4	3
692	1	95557	2	4323	3	120
693	1	95763	2	4151	3	86
694	1	95657	2	4232	3	111
695	1	95416	2	4452	3	130	4	2
696	1	95119	2	4747	3	132	4	2
697	1	95120	2	4739	3	135	4	6
698	1	95176	2	4707	3	116	4	1
699	1	94940	2	4915	3	143	4	2
700	1	94365	2	5465	3	165	4	5
701	1	94567	2	5272	3	154	4	7
702	1	94583	2	5265	3	150	4	2
703	1	94440	2	5413	3	146	4	1
704	1	93326	2	6412	3	250	4	12
705	1	93848	2	5949	3	196	4	6	6	1
706	1	94396	2	5444	3	157	4	3
707	1	93850	2	5965	3	181	4	4
708	1	93220	2	6534	3	239	4	7
709	1	93324	2	6453	3	214	4	9
710	1	93271	2	6476	3	247	4	6
711	1	93007	2	6745	3	239	4	8	5	1
712	1	92540	2	7159	3	293	4	8
713	1	92808	2	6922	3	262	4	8
714	1	92737	2	6963	3	294	4	6
715	1	92099	2	7590	3	297	4	14
716	1	91192	2	8407	3	388	4	13
717	1	91989	2	7656	3	343	4	12
718	1	91563	2	8052	3	374	4	10	5	1
719	1	91545	2	8083	3	361	4	11
720	1	90083	2	9377	3	519	4	20	6	1
721	1	91161	2	8434	3	386	4	18	5	1
722	1	90844	2	8751	3	387	4	18
723	1	90374	2	9166	3	449	4	11
724	1	89772	2	9688	3	518	4	21	5	1
725	1	89395	2	10025	3	559	4	20	5	1
726	1	89226	2	10205	3	542	4	27
727	1	89089	2	10331	3	553	4	26	5	1
728	1	89232	2	10197	3	547	4	23	5	1
729	1	89337	2	10067	3	582	4	14
730	1	89286	2	10064	3	610	4	40
731	1	88540	2	10777	3	657	4	25	5	1
732	1	87732	2	11463	3	780	4	24	5	1
733	1	88236	2	11055	3	674	4	33	5	2
734	1	87367	2	11830	3	771	4	29	5	3
735	1	87160	2	11982	3	825	4	30	5	3
736	1	86228	2	12808	3	923	4	39	5	2
737	1	87183	2	11963	3	816	4	36	5	2
738	1	86233	2	12838	3	892	4	36	5	1
739	1	86183	2	12792	3	979	4	43	5	3
740	1	84821	2	14018	3	1099	4	58	5	4
741	1	85538	2	13382	3	1042	4	37	5	1
742	1	84895	2	13880	3	1175	4	47	5	3
743	1	84866	2	13990	3	1092	4	48	5	4
744	1	84182	2	14583	3	1166	4	69
745	1	83462	2	15058	3	1387	4	89	5	4
746	1	83271	2	15342	3	1322	4	62	5	3
747	1	83353	2	15243	3	1332	4	68	5	3	6	1
748	1	82187	2	16092	3	1608	4	107	5	5	6	1
749	1	82123	2	16171	3	1588	4	113	5	5
750	1	81774	2	16494	3	1624	4	101	5	7
751	1	78395	2	19233	3	2181	4	184	5	6	6	1
752	1	77712	2	19792	3	2282	4	199	5	13	6	2
753	1	77633	2	19828	3	2353	4	178	5	8
754	1	77594	2	19722	3	2471	4	198	5	15
755	1	76868	2	20284	3	2602	4	224	5	21	6	1
756	1	76222	2	20841	3	2702	4	217	5	17	6	1
757	1	77455	2	19790	3	2516	4	218	5	19	6	1	7	1
758	1	75986	2	20875	3	2864	4	258	5	17
759	1	75122	2	21494	3	3058	4	296	5	28	6	2
760	1	75040	2	21539	3	3124	4	269	5	28
761	1	74919	2	21713	3	3050	4	299	5	18	6	1
762	1	74727	2	21738	3	3196	4	312	5	27
763	1	73827	2	22337	3	3476	4	326	5	30	6	4
764	1	73213	2	22927	3	3475	4	364	5	18	6	3
765	1	73287	2	22833	3	3486	4	357	5	34	6	3
766	1	72360	2	23483	3	3704	4	416	5	34	6	3
767	1	71663	2	23776	3	4079	4	450	5	32
768	1	70350	2	24732	3	4334	4	532	5	48	6	4
769	1	70022	2	24962	3	4450	4	514	5	46	6	6
770	1	70980	2	24246	3	4271	4	460	5	37	6	5	7	1
771	1	70404	2	24691	3	4328	4	519	5	53	6	4	8	1
772	1	69523	2	25320	3	4540	4	572	5	37	6	8
773	1	68515	2	25879	3	4901	4	641	5	60	6	4
774	1	67211	2	26837	3	5193	4	684	5	65	6	10
775	1	66977	2	26913	3	5293	4	731	5	80	6	5	7	1
776	1	66910	2	26917	3	5386	4	708	5	72	6	6	7	1
777	1	65816	2	27510	3	5790	4	780	5	96	6	8
778	1	65908	2	27395	3	5816	4	798	5	78	6	5
779	1	64845	2	28210	3	5996	4	848	5	91	6	10
780	1	63371	2	28973	3	6585	4	964	5	95	6	11	7	1
781	1	63716	2	28755	3	6413	4	1001	5	111	6	4
782	1	61614	2	29828	3	7184	4	1222	5	135	6	15	7	1	8	1
783	1	62340	2	29461	3	6947	4	1098	5	139	6	15
784	1	60087	2	30713	3	7698	4	1317	5	172	6	11	7	2
785	1	60458	2	30608	3	7473	4	1279	5	162	6	19	7	1
786	1	58451	2	31384	3	8422	4	1506	5	211	6	20	7	5	8	1
787	1	59329	2	31048	3	8057	4	1389	5	160	6	16	7	1
788	1	57332	2	32100	3	8717	4	1568	5	250	6	28	7	5
789	1	57868	2	31556	3	8692	4	1621	5	236	6	26	7	1
790	1	56306	2	32414	3	9250	4	1753	5	251	6	24	7	2
791	1	55672	2	32712	3	9512	4	1814	5	251	6	34	7	4	8	1
792	1	54138	2	33291	3	10208	4	2024	5	298	6	37	7	4
793	1	53761	2	33508	3	10350	4	2008	5	334	6	30	7	7	8	1	9	1
794	1	51867	2	34050	3	11237	4	2423	5	358	6	52	7	10	8	2	9	1
795	1	51994	2	34285	3	11015	4	2249	5	392	6	59	7	4	8	2
796	1	51152	2	34352	3	11438	4	2578	5	414	6	61	7	3	8	2
797	1	49789	2	34789	3	12108	4	2783	5	457	6	67	7	6	8	1
798	1	48470	2	35311	3	12563	4	3013	5	540	6	91	7	12
799	1	48023	2	35383	3	12952	4	2956	5	604	6	73	7	7	8	1	9	1
800	1	49292	2	34771	3	12304	4	2982	5	566	6	76	7	5	8	3	9	1
801	1	51043	2	33576	3	12021	4	2803	5	478	6	72	7	6	8	1
802	1	50388	2	33822	3	12278	4	2916	5	509	6	78	7	6	8	2	10	1
803	1	49473	2	34342	3	12558	4	2996	5	546	6	76	7	8	9	1
804	1	48296	2	34722	3	12934	4	3325	5	600	6	106	7	15	8	1	9	1
805	1	45891	2	35358	3	14218	4	3652	5	745	6	115	7	18	8	3
806	1	46019	2	35257	3	14177	4	3701	5	717	6	109	7	19	8	1
807	1	44054	2	36058	3	14704	4	4194	5	826	6	139	7	18	8	6	9	1
808	1	43583	2	36101	3	14961	4	4287	5	898	6	148	7	21	8	1
809	1	43274	2	35819	3	15436	4	4340	5	953	6	154	7	22	8	1	9	1
810	1	41957	2	36168	3	15838	4	4744	5	1078	6	188	7	25	8	1	9	1
811	1	40492	2	36410	3	16742	4	4978	5	1130	6	215	7	30	8	3
812	1	40341	2	36426	3	16701	4	5170	5	1113	6	219	7	27	8	3
813	1	38263	2	36780	3	17635	4	5663	5	1361	6	247	7	37	8	7	9	7
814	1	37525	2	36895	3	18177	4	5668	5	1411	6	272	7	45	8	7
815	1	37373	2	36528	3	18253	4	6037	5	1470	6	273	7	60	8	6
816	1	35531	2	36807	3	18989	4	6549	5	1683	6	364	7	69	8	6	9	2
817	1	34968	2	36854	3	19341	4	6662	5	1714	6	378	7	69	8	10	9	4
818	1	34021	2	36843	3	19875	4	6933	5	1873	6	371	7	69	8	12	9	3
819	1	32334	2	36707	3	20817	4	7501	5	2115	6	441	7	67	8	13	9	4	10	1
820	1	32213	2	36706	3	20659	4	7676	5	2173	6	457	7	96	8	19	10	1
821	1	31406	2	36670	3	21209	4	7892	5	2177	6	517	7	116	8	13
822	1	30278	2	36379	3	21885	4	8305	5	2442	6	583	7	109	8	17	9	2
823	1	28578	2	36420	3	22514	4	9009	5	2691	6	633	7	127	8	20	9	7	10	1
824	1	29043	2	36069	3	22215	4	9100	5	2708	6	695	7	145	8	25
825	1	27810	2	35755	3	22808	4	9616	5	3074	6	736	7	158	8	35	9	5	10	3
826	1	27539	2	35801	3	23113	4	9587	5	3042	6	739	7	152	8	23	9	3	10	1
827	1	26260	2	35428	3	23590	4	10329	5	3351	6	822	7	185	8	28	9	6	10	1
828	1	25501	2	35121	3	24122	4	10596	5	3513	6	892	7	211	8	40	9	3	10	1
829	1	24621	2	34932	3	24205	4	11216	5	3783	6	989	7	211	8	37	9	6
830	1	23449	2	34648	3	24535	4	11856	5	4087	6	1122	7	249	8	41	9	9	10	3	11	1
831	1	22959	2	34292	3	24921	4	12052	5	4277	6	1177	7	255	8	57	9	9	10	1
832	1	21902	2	33749	3	25565	4	12567	5	4433	6	1357	7	338	8	68	9	14	10	6	11	1
833	1	21035	2	33524	3	25719	4	12955	5	4851	6	1452	7	369	8	78	9	15	10	2
834	1	19841	2	32381	3	26547	4	13715	5	5343	6	1638	7	428	8	84	9	19	10	4
835	1	19123	2	32272	3	26617	4	14265	5	5522	6	1676	7	395	8	103	9	24	10	3
836	1	17979	2	31843	3	26697	4	14745	5	6159	6	1873	7	522	8	149	9	25	10	7	11	1
837	1	17496	2	31069	3	27084	4	15305	5	6359	6	2010	7	525	8	121	9	29	10	1	11	1
838	1	16861	2	30594	3	27060	4	15647	5	6722	6	2328	7	613	8	134	9	33	10	6	11	1	12	1
839	1	16558	2	30188	3	27517	4	15922	5	6726	6	2259	7	639	8	155	9	29	10	5	11	2
840	1	15334	2	29301	3	27471	4	16898	5	7396	6	2591	7	775	8	176	9	43	10	11	11	4
841	1	14943	2	29129	3	27872	4	16731	5	7525	6	2740	7	798	8	205	9	46	10	10	12	1
842	1	13421	2	27438	3	27923	4	18060	5	8535	6	3301	7	988	8	259	9	54	10	13	11	6	12	1	13	1
843	1	13835	2	28054	3	27755	4	17945	5	8195	6	2959	7	965	8	225	9	55	10	12
844	1	13482	2	27369	3	27655	4	18113	5	8685	6	3306	7	1081	8	237	9	58	10	12	11	2
845	1	12657	2	26497	3	27813	4	18572	5	9337	6	3594	7	1137	8	310	9	61	10	20	11	1	14	1
846	1	11840	2	25922	3	27439	4	19231	5	9907	6	3849	7	1312	8	390	9	79	10	23	11	7	12	1
847	1	11190	2	25412	3	27396	4	19702	5	10183	6	4106	7	1437	8	426	9	116	10	26	11	4	12	2
848	1	10259	2	24191	3	27288	4	20307	5	11015	6	4679	7	1623	8	485	9	117	10	24	11	8	12	1	13	3
849	1	9943	2	23578	3	27422	4	20631	5	11335	6	4785	7	1648	8	508	9	119	10	25	11	4	12	1	13	1
850	1	9478	2	23015	3	27045	4	20978	5	11528	6	5259	7	1888	8	598	9	160	10	44	11	6	12	1
851	1	8837	2	21899	3	26818	4	21388	5	12350	6	5671	7	2134	8	637	9	203	10	49	11	11	12	2	14	1
852	1	8015	2	20997	3	26197	4	21826	5	13257	6	6194	7	2423	8	806	9	218	10	53	11	14
853	1	7833	2	20716	3	26550	4	21863	5	13239	6	6223	7	2427	8	819	9	239	10	69	11	17	12	2	13	3
854	1	7313	2	19828	3	25900	4	22171	5	13928	6	6937	7	2662	8	893	9	259	10	77	11	24	12	7	13	1
855	1	6525	2	18460	3	25585	4	22669	5	14635	6	7427	7	3153	8	1080	9	349	10	95	11	18	12	4
856	1	6065	2	17802	3	24969	4	22739	5	15387	6	7937	7	3355	8	1181	9	399	10	126	11	28	12	9	13	2	15	1
857	1	5660	2	17119	3	24362	4	23065	5	15674	6	8522	7	3647	8	1351	9	440	10	109	11	40	12	9	13	2
858	1	7947	2	19590	3	25251	4	21724	5	14119	6	7118	7	2834	8	973	9	341	10	72	11	22	12	4	13	4	14	1
859	1	6762	2	17713	3	24317	4	22218	5	15350	6	8163	7	3528	8	1355	9	427	10	128	11	24	12	14	13	1
860	1	6636	2	17106	3	23940	4	22518	5	15535	6	8450	7	3758	8	1420	9	451	10	133	11	40	12	9	13	4
861	1	5879	2	16445	3	23282	4	22601	5	16295	6	9022	7	4067	8	1621	9	547	10	171	11	56	12	12	13	2
862	1	5604	2	15346	3	22845	4	22767	5	16637	6	9621	7	4525	8	1770	9	625	10	197	11	48	12	11	13	3	16	1
863	1	4864	2	13972	3	22079	4	22795	5	17324	6	10661	7	5070	8	2132	9	763	10	254	11	69	12	10	13	6	14	1
864	1	4779	2	14328	3	21886	4	22375	5	17302	6	10682	7	5264	8	2245	9	777	10	265	11	72	12	16	13	5	14	4
865	1	4314	2	13194	3	21435	4	22778	5	17790	6	11171	7	5716	8	2353	9	850	10	277	11	88	12	28	13	5	14	1
866	1	3939	2	12343	3	20599	4	22579	5	18238	6	11872	7	6207	8	2713	9	1019	10	333	11	117	12	30	13	9	14	2
867	1	3694	2	11915	3	20019	4	22327	5	18692	6	12189	7	6498	8	3039	9	1073	10	400	11	110	12	31	13	9	14	2	15	2
868	1	3420	2	11274	3	19230	4	21952	5	18877	6	13035	7	7048	8	3233	9	1290	10	455	11	143	12	30	13	9	14	3	15	1
869	1	2953	2	10501	3	18486	4	22067	5	19375	6	13277	7	7577	8	3584	9	1413	10	509	11	197	12	46	13	12	14	3
870	1	2951	2	10307	3	18316	4	22024	5	19258	6	13479	7	7644	8	3572	9	1618	10	564	11	192	12	53	13	11	14	9	15	2
871	1	2576	2	9457	3	17514	4	21615	5	19639	6	14115	7	8259	8	4094	9	1765	10	656	11	215	12	73	13	16	14	6
872	1	2432	2	8836	3	16779	4	21292	5	19597	6	14767	7	8691	8	4544	9	1946	10	753	11	255	12	74	13	24	14	8	15	2
873	1	2261	2	8340	3	16352	4	21004	5	20090	6	14962	7	9142	8	4579	9	2075	10	802	11	268	12	92	13	20	14	9	15	2	16	2
874	1	2054	2	7733	3	15390	4	20147	5	20254	6	15394	7	9932	8	5247	9	2405	10	935	11	358	12	107	13	30	14	11	15	3
875	1	1788	2	7260	3	14673	4	20130	5	20461	6	15622	7	10330	8	5565	9	2606	10	1003	11	389	12	118	13	41	14	9	15	3	16	2
876	1	1530	2	6583	3	13863	4	19348	5	20338	6	16444	7	10886	8	6052	9	2918	10	1269	11	520	12	174	13	54	14	17	15	3	16	1
877	1	1247	2	5567	3	12587	4	18755	5	20320	6	17048	7	11861	8	6807	9	3470	10	1463	11	600	12	176	13	73	14	18	15	8
878	1	1221	2	5358	3	11970	4	17927	5	19703	6	17284	7	12550	8	7343	9	3807	10	1727	11	716	12	273	13	89	14	24	15	8
879	1	1050	2	5078	3	11607	4	17837	5	19786	6	17585	7	12671	8	7568	9	3876	10	1792	11	768	12	249	13	94	14	30	15	7	16	1	17	1
880	1	1001	2	4573	3	10797	4	16960	5	19670	6	17772	7	13375	8	8235	9	4294	10	1968	11	878	12	315	13	112	14	34	15	11	16	1	17	4
881	1	856	2	4150	3	10323	4	16414	5	19360	6	18059	7	13669	8	8765	9	4738	10	2228	11	922	12	349	13	113	14	42	15	10	16	1	17	1
882	1	879	2	4192	3	10060	4	16090	5	19036	6	17964	7	13697	8	9048	9	4950	10	2409	11	1050	12	410	13	143	14	48	15	17	16	6	18	1
883	1	664	2	3667	3	9152	4	15518	5	18771	6	18144	7	14429	8	9561	9	5444	10	2710	11	1207	12	491	13	162	14	58	15	16	16	1	17	5
884	1	712	2	3356	3	8491	4	14645	5	18329	6	18392	7	14889	8	10010	9	5942	10	2966	11	1315	12	604	13	223	14	86	15	25	16	7	17	5	18	3
885	1	512	2	2838	3	7905	4	14016	5	17964	6	18352	7	15270	8	10792	9	6464	10	3351	11	1516	12	646	13	246	14	87	15	29	16	10	17	2
886	1	527	2	2883	3	7639	4	13325	5	17430	6	18173	7	15530	8	11033	9	6819	10	3685	11	1742	12	766	13	293	14	91	15	42	16	18	17	3	21	1
887	1	432	2	2311	3	6768	4	12593	5	17090	6	18613	7	15845	8	11629	9	7308	10	4035	11	1904	12	932	13	345	14	144	15	33	16	10	17	7	18	1
888	1	380	2	2184	3	6230	4	11448	5	16625	6	17951	7	16335	8	12346	9	7928	10	4434	11	2386	12	1091	13	423	14	168	15	53	16	13	17	3	18	1	19	1
889	1	517	2	2454	3	6633	4	11986	5	16529	6	18052	7	16124	8	11790	9	7644	10	4335	11	2222	12	1039	13	395	14	185	15	60	16	25	17	7	18	2	19	1
890	1	476	2	2262	3	6135	4	11460	5	15996	6	17803	7	16240	8	12321	9	8162	10	4751	11	2534	12	1156	13	455	14	158	15	61	16	17	17	9	18	4
891	1	349	2	1843	3	5133	4	10129	5	15246	6	17425	7	16530	8	13325	9	9271	10	5460	11	2901	12	1412	13	616	14	219	15	89	16	39	17	11	18	1	19	1
892	1	393	2	1894	3	5420	4	10401	5	15017	6	17365	7	16363	8	13009	9	9080	10	5656	11	2952	12	1413	13	642	14	237	15	105	16	37	17	8	18	5	19	2	20	1
893	1	250	2	1365	3	4239	4	8790	5	13947	6	17018	7	16725	8	14091	9	10289	10	6505	11	3521	12	1823	13	849	14	374	15	143	16	37	17	20	18	11	19	3
894	1	261	2	1479	3	4357	4	8715	5	13497	6	16492	7	16494	8	14226	9	10473	10	6659	11	3762	12	1979	13	957	14	401	15	144	16	74	17	18	18	7	19	4	20	1
895	1	190	2	1185	3	3720	4	8181	5	12889	6	16357	7	16864	8	14501	9	10879	10	7135	11	4219	12	2154	13	1017	14	430	15	176	16	69	17	21	18	7	19	4	20	1	21	1
896	1	183	2	1106	3	3400	4	7246	5	11949	6	15297	7	16511	8	14985	9	11774	10	7956	11	4732	12	2580	13	1284	14	606	15	236	16	94	17	42	18	8	19	10	20	1
897	1	140	2	867	3	3025	4	6812	5	11218	6	15285	7	16598	8	15276	9	12120	10	8420	11	5105	12	2812	13	1278	14	606	15	286	16	100	17	37	18	10	19	5
898	1	154	2	891	3	3003	4	6412	5	10980	6	14681	7	16222	8	15277	9	12376	10	8754	11	5391	12	3015	13	1600	14	744	15	320	16	122	17	33	18	17	19	6	21	2
899	1	96	2	638	3	2321	4	5603	5	9992	6	13993	7	16070	8	15739	9	13123	10	9400	11	6153	12	3531	13	1829	14	877	15	369	16	166	17	64	18	25	19	6	20	5
900	1	128	2	739	3	2412	4	5466	5	9727	6	13571	7	15899	8	15313	9	13238	10	9761	11	6255	12	3856	13	1937	14	992	15	407	16	205	17	55	18	19	19	16	20	2	21	2
901	1	69	2	495	3	1758	4	4608	5	8499	6	12841	7	15468	8	15725	9	13931	10	10697	11	7171	12	4259	13	2336	14	1213	15	541	16	228	17	101	18	48	19	9	20	1	21	1	22	1
902	1	70	2	489	3	1771	4	4095	5	7837	6	11911	7	14898	8	15661	9	14229	10	11103	11	7794	12	4931	13	2708	14	1360	15	657	16	293	17	114	18	50	19	17	20	7	21	2	22	2	23	1
903	1	38	2	367	3	1467	4	3840	5	7504	6	11442	7	14720	8	15610	9	14467	10	11627	11	7946	12	5297	13	2926	14	1504	15	706	16	323	17	129	18	53	19	21	20	12	21	1
904	1	63	2	417	3	1400	4	3733	5	7138	6	10915	7	14187	8	15179	9	14510	10	11796	11	8554	12	5466	13	3318	14	1751	15	885	16	403	17	166	18	72	19	26	20	13	21	7	22	1
905	1	21	2	262	3	1019	4	2954	5	6142	6	10255	7	13578	8	15356	9	14855	10	12573	11	9233	12	6213	13	3609	14	2055	15	1066	16	460	17	206	18	80	19	39	20	17	21	5	22	1	23	1
906	1	31	2	300	3	1067	4	2902	5	5828	6	9665	7	12900	8	14805	9	14689	10	12683	11	9732	12	6705	13	4173	14	2317	15	1204	16	571	17	246	18	110	19	49	20	18	21	3	22	1	24	1
907	1	23	2	168	3	806	4	2405	5	5047	6	8938	7	12406	8	14853	9	14830	10	13097	11	10294	12	7164	13	4646	14	2715	15	1380	16	692	17	299	18	133	19	68	20	24	21	10	22	1	26	1
908	1	40	2	198	3	677	4	2028	5	4517	6	7745	7	11358	8	13817	9	14551	10	13743	11	11252	12	8058	13	5399	14	3237	15	1752	16	869	17	434	18	198	19	85	20	33	21	5	22	3	24	1
909	1	12	2	102	3	554	4	1717	5	3987	6	7344	7	10779	8	13655	9	14673	10	13934	11	11680	12	8524	13	5665	14	3473	15	1927	16	1058	17	517	18	233	19	86	20	46	21	20	22	11	24	3
910	1	41	2	214	3	773	4	2157	5	4510	6	7581	7	11208	8	13363	9	14604	10	13295	11	11188	12	8352	13	5503	14	3416	15	1919	16	1034	17	470	18	209	19	90	20	48	21	13	22	7	23	4	24	1
911	1	23	2	134	3	565	4	1774	5	3954	6	6932	7	10658	8	13430	9	14665	10	13829	11	11678	12	8625	13	6012	14	3566	15	2117	16	1114	17	549	18	205	19	97	20	44	21	17	22	7	23	3	24	2
912	1	22	2	141	3	604	4	1588	5	3360	6	6164	7	9504	8	12478	9	13900	10	13745	11	12085	12	9819	13	6785	14	4439	15	2621	16	1427	17	710	18	347	19	164	20	55	21	19	22	11	23	8	24	1	25	3
913	1	10	2	69	3	375	4	1214	5	2859	6	5488	7	8789	8	11945	9	13746	10	14020	11	12501	12	10051	13	7438	14	4977	15	3033	16	1713	17	941	18	442	19	208	20	91	21	55	22	30	23	3	24	1	25	1
914	1	19	2	107	3	438	4	1274	5	2873	6	5448	7	8348	8	11426	9	13702	10	14068	11	12603	12	10281	13	7515	14	5072	15	3225	16	1806	17	978	18	455	19	239	20	82	21	23	22	8	23	5	24	3	26	1	29	1
915	1	8	2	79	3	304	4	918	5	2281	6	4594	7	7781	8	10799	9	13160	10	13789	11	13222	12	11182	13	8157	14	5885	15	3536	16	2072	17	1214	18	539	19	267	20	116	21	60	22	25	23	11	24	1
916	1	15	2	98	3	337	4	945	5	2286	6	4330	7	7302	8	10236	9	12691	10	13508	11	12945	12	11346	13	8576	14	6208	15	4082	16	2460	17	1301	18	713	19	358	20	159	21	61	22	27	23	8	24	4	25	1	26	2	27	1
917	1	5	2	26	3	195	4	653	5	1788	6	3657	7	6294	8	9451	9	12150	10	13362	11	13576	12	12026	13	9460	14	6796	15	4580	16	2823	17	1526	18	832	19	439	20	197	21	97	22	44	23	13	24	6	25	3	26	1
918	1	5	2	43	3	211	4	645	5	1547	6	3321	7	5726	8	8438	9	11189	10	12876	11	13390	12	12378	13	10190	14	7498	15	5191	16	3394	17	1868	18	1047	19	554	20	276	21	126	22	46	23	25	24	11	25	3	26	1	27	1
919	1	1	2	20	3	132	4	446	5	1288	6	2871	7	5363	8	8351	9	11087	10	12968	11	13640	12	12337	13	10249	14	7926	15	5514	16	3459	17	2067	18	1169	19	588	20	280	21	147	22	52	23	25	24	12	25	7	28	1
920	1	3	2	42	3	176	4	548	5	1310	6	2605	7	4804	8	7577	9	10162	10	12430	11	13166	12	12496	13	10771	14	8329	15	6188	16	3983	17	2447	18	1452	19	784	20	381	21	189	22	94	23	41	24	14	25	5	26	2	27	1
921	1	4	2	15	3	57	4	299	5	842	6	2000	7	4026	8	6688	9	9621	10	11741	11	13249	12	13080	13	11514	14	9301	15	6684	16	4568	17	2947	18	1632	19	842	20	469	21	244	22	104	23	45	24	16	25	9	26	1	29	2
922	1	2	2	14	3	112	4	357	5	922	6	1949	7	3703	8	6085	9	8503	10	10899	11	12591	12	13103	13	11641	14	9721	15	7360	16	5261	17	3367	18	2093	19	1087	20	624	21	327	22	154	23	70	24	30	25	11	26	12	27	2
923	2	7	3	49	4	176	5	667	6	1491	7	3087	8	5538	9	8213	10	10802	11	12428	12	12955	13	12128	14	10288	15	7966	16	5501	17	3743	18	2280	19	1328	20	692	21	348	22	187	23	68	24	23	25	20	26	9	27	3	29	1	31	1	34	1
924	1	1	2	32	3	132	4	324	5	870	6	1816	7	3414	8	5759	9	8339	10	10787	11	12401	12	12734	13	11753	14	10050	15	7764	16	5485	17	3608	18	2131	19	1253	20	697	21	355	22	173	23	66	24	30	25	19	26	5	27	1	29	1
925	2	1	3	38	4	167	5	449	6	1244	7	2639	8	4642	9	7353	10	9866	11	11897	12	12940	13	12423	14	10670	15	8800	16	6448	17	4194	18	2829	19	1607	20	885	21	484	22	230	23	107	24	55	25	19	26	8	27	4	28	1
926	1	5	2	14	3	48	4	235	5	565	6	1169	7	2341	8	4110	9	6546	10	9082	11	11190	12	12131	13	12233	14	11197	15	9272	16	7212	17	4909	18	3353	19	1985	20	1180	21	611	22	305	23	172	24	75	25	29	26	11	27	14	28	3	29	2	30	1
927	1	1	2	3	3	22	4	104	5	325	6	913	7	1931	8	3685	9	5986	10	8724	11	11011	12	12289	13	12286	14	11589	15	9912	16	7528	17	5332	18	3485	19	2213	20	1269	21	730	22	340	23	181	24	72	25	47	26	13	27	6	28	2	29	1
928	1	3	2	13	3	58	4	167	5	435	6	920	7	1847	8	3284	9	5450	10	7768	11	10140	12	11742	13	12238	14	11546	15	10174	16	8120	17	6136	18	4042	19	2658	20	1518	21	877	22	439	23	235	24	107	25	47	26	19	27	10	28	2	29	2	30	1	31	1	32	1
929	1	1	2	2	3	15	4	53	5	197	6	575	7	1386	8	2674	9	4749	10	7448	11	9662	12	11463	13	12385	14	12081	15	10555	16	8612	17	6493	18	4618	19	3026	20	1797	21	1079	22	558	23	281	24	157	25	66	26	35	27	24	28	5	29	1	30	1	31	1
930	2	5	3	24	4	116	5	307	6	611	7	1361	8	2533	9	4222	10	6517	11	8937	12	10741	13	11978	14	12057	15	10930	16	9198	17	7011	18	5092	19	3553	20	2105	21	1238	22	731	23	375	24	195	25	91	26	40	27	18	28	7	29	6	30	1
931	2	1	3	10	4	31	5	94	6	366	7	865	8	1980	9	3642	10	5811	11	8065	12	10478	13	11776	14	12215	15	11383	16	9836	17	7976	18	5754	19	3928	20	2475	21	1535	22	843	23	481	24	218	25	141	26	52	27	23	28	19	30	1	31	1
932	1	1	2	8	3	23	4	76	5	196	6	446	7	1027	8	1766	9	3250	10	5054	11	7532	12	9413	13	11102	14	11980	15	11447	16	10001	17	8489	18	6326	19	4616	20	3050	21	1826	22	1121	23	616	24	324	25	158	26	76	27	46	28	17	29	4	30	6	31	2	33	1
933	3	6	4	15	5	54	6	245	7	660	8	1338	9	2761	10	4542	11	6865	12	9141	13	10967	14	11879	15	11779	16	10624	17	8827	18	6895	19	5105	20	3350	21	2173	22	1233	23	745	24	403	25	211	26	103	27	47	28	19	29	8	30	4	32	1
934	2	3	3	18	4	52	5	166	6	390	7	825	8	1555	9	2746	10	4588	11	6510	12	8691	13	10624	14	11646	15	11557	16	10548	17	8896	18	7224	19	5153	20	3555	21	2238	22	1406	23	761	24	407	25	227	26	109	27	57	28	32	29	9	30	6	31	1
935	2	2	4	17	5	49	6	156	7	453	8	1079	9	2110	10	3789	11	5752	12	7963	13	9905	14	11377	15	11791	16	11141	17	9638	18	7842	19	5954	20	4243	21	2778	22	1728	23	1053	24	602	25	307	26	129	27	65	28	42	29	17	30	13	31	3	35	2
936	2	2	3	30	4	49	5	165	6	319	7	593	8	1240	9	2227	10	3616	11	5499	12	7697	13	9470	14	10972	15	11524	16	11105	17	9863	18	7966	19	6144	20	4426	21	2819	22	1849	23	1106	24	655	25	338	26	170	27	82	28	37	29	20	30	7	31	6	32	3	34	1
937	3	1	4	14	5	31	6	116	7	292	8	733	9	1515	10	2950	11	4481	12	6669	13	9024	14	10675	15	11555	16	11518	17	10506	18	8874	19	7063	20	5153	21	3500	22	2243	23	1367	24	791	25	441	26	260	27	115	28	47	29	43	30	14	31	4	32	1	33	2	34	1	36	1
938	2	2	3	7	4	34	5	93	6	221	7	367	8	713	9	1398	10	2377	11	3789	12	5788	13	7937	14	9707	15	11141	16	11376	17	10721	18	9596	19	7824	20	5812	21	4212	22	2835	23	1745	24	1031	25	620	26	315	27	162	28	95	29	38	30	25	31	11	32	4	33	3	34	1
939	3	1	4	3	5	20	6	67	7	192	8	449	9	1033	10	2090	11	3536	12	5254	13	7431	14	9294	15	10932	16	11569	17	10979	18	10110	19	8071	20	6376	21	4652	22	3170	23	2036	24	1250	25	702	26	394	27	191	28	104	29	45	30	20	31	16	32	7	33	5	35	1
940	2	3	3	12	4	21	5	62	6	149	7	296	8	546	9	1020	10	1866	11	3066	12	4648	13	6465	14	8467	15	10118	16	10939	17	11065	18	10207	19	8873	20	7038	21	5309	22	3619	23	2484	24	1569	25	984	26	580	27	284	28	164	29	70	30	48	31	14	32	6	33	4	34	1	35	1	36	2
941	3	1	4	3	5	6	6	21	7	90	8	240	9	562	10	1272	11	2443	12	3956	13	5874	14	7790	15	9767	16	10926	17	11098	18	10731	19	9485	20	7697	21	6014	22	4296	23	3080	24	1989	25	1177	26	722	27	337	28	208	29	114	30	55	31	27	32	8	33	8	34	2	38	1
942	2	1	3	8	4	14	5	46	6	114	7	248	8	414	9	773	10	1317	11	2318	12	3642	13	5507	14	7452	15	9390	16	10583	17	11018	18	10627	19	9778	20	8041	21	6148	22	4513	23	3137	24	1996	25	1257	26	777	27	432	28	201	29	139	30	57	31	34	32	9	33	5	34	3	39	1
943	5	4	6	17	7	52	8	172	9	410	10	898	11	1782	12	3144	13	4807	14	6911	15	8709	16	9994	17	10794	18	10885	19	10310	20	8773	21	6914	22	5309	23	3702	24	2561	25	1601	26	1073	27	545	28	302	29	154	30	84	31	44	32	31	33	11	34	4	35	2	36	1
944	2	3	3	5	4	18	5	33	6	106	7	180	8	338	9	562	10	980	11	1696	12	2747	13	4184	14	6147	15	7768	16	9364	17	10521	18	10714	19	10226	20	8989	21	7553	22	5849	23	4330	24	2956	25	1874	26	1231	27	742	28	430	29	205	30	124	31	58	32	32	33	18	34	9	35	3	36	3	37	2
945	5	4	6	12	7	34	8	100	9	254	10	577	11	1235	12	2230	13	3586	14	5204	15	7119	16	8972	17	10164	18	11087	19	10556	20	9631	21	8212	22	6443	23	5003	24	3572	25	2378	26	1515	27	906	28	526	29	329	30	182	31	95	32	35	33	20	34	10	35	4	36	4	37	1
946	2	1	3	3	4	6	5	30	6	59	7	121	8	251	9	393	10	631	11	1161	12	1917	13	3084	14	4624	15	6519	16	8240	17	9648	18	10376	19	10631	20	9966	21	8669	22	7223	23	5410	24	3965	25	2745	26	1726	27	1145	28	637	29	408	30	196	31	99	32	56	33	36	34	5	35	11	36	6	37	1	39	1
947	5	1	6	6	7	18	8	49	9	180	10	388	11	862	12	1533	13	2712	14	4405	15	6090	16	7794	17	9404	18	10370	19	10765	20	10287	21	9065	22	7609	23	5917	24	4340	25	3066	26	2061	27	1281	28	782	29	453	30	264	31	145	32	77	33	42	34	16	35	12	36	2	37	2	38	1	39	1
948	2	2	3	6	4	14	5	29	6	46	7	101	8	192	9	343	10	565	11	938	12	1584	13	2555	14	3857	15	5596	16	7333	17	8847	18	10079	19	10695	20	10044	21	9139	22	7930	23	6314	24	4580	25	3362	26	2320	27	1472	28	943	29	508	30	273	31	161	32	83	33	43	34	31	35	8	36	5	37	2
949	6	2	7	7	8	19	9	83	10	215	11	433	12	1000	13	1771	14	2964	15	4633	16	6394	17	7996	18	9516	19	10480	20	10554	21	9994	22	8879	23	7279	24	5767	25	4240	26	2923	27	1908	28	1238	29	740	30	427	31	237	32	154	33	66	34	40	35	15	36	18	37	4	38	3	39	1
950	4	4	5	11	6	31	7	89	8	131	9	260	10	354	11	626	12	1000	13	1602	14	2643	15	3891	16	5580	17	7415	18	9045	19	9985	20	10281	21	10350	22	8964	23	7741	24	6221	25	4612	26	3297	27	2292	28	1469	29	927	30	525	31	298	32	162	33	86	34	49	35	26	36	17	37	11	38	3	39	2
951	5	2	6	1	7	4	8	21	9	53	10	135	11	324	12	661	13	1218	14	2156	15	3443	16	5054	17	6784	18	8437	19	9741	20	10258	21	10309	22	9660	23	8393	24	6980	25	5299	26	3860	27	2641	28	1822	29	1156	30	693	31	412	32	241	33	128	34	50	35	29	36	17	37	10	38	7	39	1
952	1	1	2	1	3	4	4	4	5	21	6	31	7	59	8	118	9	210	10	298	11	460	12	752	13	1246	14	1969	15	2967	16	4321	17	6161	18	7716	19	9036	20	9960	21	10265	22	9721	23	8728	24	7333	25	5696	26	4350	27	3075	28	2162	29	1339	30	840	31	522	32	305	33	171	34	75	35	39	36	23	37	11	38	4	39	4	40	2
953	7	3	8	8	9	24	10	62	11	181	12	376	13	785	14	1340	15	2420	16	3743	17	5277	18	6960	19	8733	20	9729	21	10201	22	10076	23	9295	24	8203	25	6738	26	5175	27	3762	28	2526	29	1756	30	1078	31	668	32	389	33	229	34	121	35	70	36	36	37	19	38	9	39	5	40	1	41	1	43	1
954	4	5	5	6	6	13	7	34	8	65	9	161	10	231	11	318	12	500	13	738	14	1234	15	1896	16	3092	17	4515	18	6130	19	7785	20	9212	21	10038	22	10132	23	9683	24	8526	25	7232	26	5764	27	4374	28	2998	29	2109	30	1276	31	790	32	512	33	280	34	174	35	85	36	49	37	19	38	5	39	12	40	3	41	1	42	1	43	2
955	8	1	9	10	10	38	11	89	12	187	13	432	14	848	15	1548	16	2580	17	3913	18	5525	19	7244	20	8611	21	9846	22	10109	23	10051	24	9040	25	7910	26	6468	27	5057	28	3681	29	2515	30	1764	31	1057	32	627	33	401	34	217	35	117	36	58	37	24	38	13	39	15	40	2	41	1	44	1
956	3	1	5	4	6	18	7	33	8	64	9	105	10	176	11	254	12	370	13	569	14	924	15	1392	16	2222	17	3262	18	4744	19	6166	20	7617	21	8850	22	9673	23	9949	24	9455	25	8326	26	7110	27	5591	28	4357	29	3092	30	2125	31	1371	32	891	33	585	34	297	35	160	36	119	37	60	38	33	39	16	40	7	41	7	42	3	44	2
957	9	5	10	21	11	42	12	114	13	293	14	583	15	1120	16	1865	17	2943	18	4298	19	6015	20	7690	21	8792	22	9674	23	10014	24	9690	25	8706	26	7382	27	6163	28	4801	29	3419	30	2284	31	1602	32	1018	33	631	34	356	35	225	36	134	37	63	38	26	39	16	40	9	41	4	42	1	44	1
958	4	1	5	2	6	6	7	23	8	34	9	97	10	157	11	205	12	295	13	392	14	575	15	907	16	1424	17	2313	18	3452	19	4909	20	6275	21	8047	22	9148	23	9686	24	9798	25	9090	26	8173	27	6866	28	5546	29	4072	30	2962	31	2021	32	1392	33	877	34	538	35	334	36	172	37	100	38	52	39	25	40	22	41	7	42	2	43	1	44	2
959	8	1	9	6	10	8	11	25	12	78	13	173	14	338	15	679	16	1225	17	1933	18	3046	19	4406	20	5843	21	7464	22	8729	23	9362	24	9859	25	9480	26	8743	27	7481	28	5997	29	4739	30	3503	31	2432	32	1644	33	1104	34	730	35	408	36	247	37	141	38	84	39	44	40	22	41	16	42	6	43	2	44	1	45	1
960	5	9	6	12	7	21	8	43	9	72	10	96	11	163	12	217	13	324	14	436	15	639	16	1048	17	1600	18	2347	19	3529	20	4922	21	6307	22	7694	23	8982	24	9577	25	9566	26	9053	27	8081	28	6674	29	5605	30	4169	31	3046	32	2193	33	1395	34	865	35	542	36	311	37	218	38	105	39	63	40	34	41	20	42	12	43	5	44	2	45	2	46	1
961	7	1	10	1	11	18	12	33	13	81	14	188	15	339	16	675	17	1169	18	1970	19	3060	20	4461	21	5963	22	7294	23	8692	24	9424	25	9612	26	9237	27	8723	28	7277	29	6161	30	4756	31	3625	32	2633	33	1765	34	1159	35	728	36	426	37	226	38	150	39	80	40	38	41	17	42	13	43	4	46	1
962	6	4	7	16	8	25	9	37	10	97	11	146	12	194	13	250	14	348	15	427	16	652	17	1001	18	1689	19	2550	20	3811	21	5140	22	6637	23	8004	24	8871	25	9431	26	9403	27	8848	28	7917	29	6590	30	5309	31	4095	32	2922	33	2055	34	1352	35	860	36	568	37	324	38	185	39	114	40	62	41	24	42	22	43	9	44	5	45	1	46	4	48	1
963	8	2	9	1	10	5	11	5	12	17	13	48	14	123	15	239	16	457	17	757	18	1399	19	2257	20	3327	21	4682	22	6164	23	7422	24	8770	25	9332	26	9567	27	9061	28	8363	29	7151	30	5931	31	4647	32	3412	33	2430	34	1659	35	1088	36	703	37	394	38	246	39	161	40	83	41	43	42	22	43	15	44	8	45	4	46	3	47	1	48	1
964	3	1	4	1	6	9	7	12	8	22	9	44	10	72	11	95	12	166	13	231	14	287	15	366	16	496	17	745	18	1107	19	1714	20	2654	21	3741	22	4969	23	6544	24	7680	25	8707	26	9275	27	9223	28	8745	29	7981	30	6730	31	5236	32	4058	33	3057	34	2142	35	1482	36	961	37	600	38	364	39	196	40	126	41	83	42	36	43	25	44	7	45	7	46	1	47	1	48	1
965	11	2	12	8	13	26	14	51	15	123	16	221	17	493	18	817	19	1398	20	2174	21	3270	22	4458	23	6046	24	7210	25	8261	26	9235	27	9270	28	9110	29	8449	30	7136	31	6105	32	4847	33	3675	34	2691	35	1770	36	1240	37	770	38	461	39	301	40	169	41	106	42	55	43	26	44	15	45	4	46	2	47	3	48	1	49	1
966	6	2	7	3	8	13	9	29	10	41	11	87	12	140	13	176	14	230	15	299	16	328	17	447	18	719	19	1080	20	1675	21	2626	22	3768	23	5033	24	6438	25	7655	26	8610	27	9211	28	9145	29	8743	30	7827	31	6563	32	5512	33	4148	34	3178	35	2206	36	1545	37	1036	38	582	39	393	40	245	41	117	42	77	43	33	44	21	45	6	46	6	47	5	48	2
967	10	1	11	2	12	2	13	10	14	35	15	53	16	121	17	256	18	467	19	789	20	1343	21	2174	22	3121	23	4438	24	5596	25	6918	26	8172	27	8977	28	9205	29	9094	30	8402	31	7435	32	6233	33	5070	34	3849	35	2838	36	1957	37	1298	38	851	39	520	40	340	41	190	42	107	43	66	44	30	45	22	46	8	47	4	48	4	52	2
968	4	2	5	3	6	6	7	14	8	16	9	30	10	45	11	61	12	101	13	166	14	224	15	263	16	334	17	453	18	520	19	803	20	1181	21	1893	22	2774	23	3831	24	5020	25	6460	26	7431	27	8377	28	8830	29	8909	30	8537	31	7737	32	6584	33	5471	34	4141	35	3237	36	2276	37	1525	38	1053	39	684	40	428	41	248	42	142	43	86	44	42	45	35	46	15	47	5	48	3	49	2	50	2
969	12	2	13	10	14	16	15	26	16	64	17	150	18	260	19	475	20	884	21	1482	22	2204	23	3276	24	4431	25	5815	26	7133	27	8021	28	8901	29	9146	30	8828	31	8358	32	7293	33	6101	34	4921	35	3842	36	2827	37	1968	38	1328	39	866	40	532	41	337	42	210	43	117	44	78	45	48	46	23	47	13	48	8	49	3	50	2	53	1
970	7	1	8	4	9	8	10	29	11	46	12	86	13	143	14	157	15	220	16	224	17	276	18	314	19	399	20	620	21	950	22	1495	23	2337	24	3381	25	4519	26	6098	27	7177	28	8450	29	8915	30	9171	31	8834	32	8043	33	7072	34	5760	35	4451	36	3484	37	2457	38	1746	39	1160	40	781	41	466	42	310	43	179	44	106	45	61	46	29	47	17	48	15	49	5	50	3	52	1
971	14	10	15	13	16	42	17	67	18	141	19	270	20	517	21	878	22	1372	23	2013	24	3025	25	4124	26	5526	27	6665	28	7743	29	8738	30	8924	31	8996	32	8280	33	7463	34	6361	35	5224	36	4002	37	3124	38	2145	39	1581	40	1006	41	658	42	453	43	263	44	165	45	87	46	50	47	43	48	12	49	10	50	3	51	3	52	1	53	1	54	1
972	4	2	5	1	7	8	8	10	9	19	10	24	11	36	12	69	13	96	14	154	15	179	16	221	17	284	18	322	19	370	20	465	21	748	22	1097	23	1635	24	2472	25	3305	26	4512	27	5818	28	7054	29	7976	30	8607	31	8721	32	8467	33	7914	34	7025	35	5819	36	4841	37	3632	38	2674	39	1896	40	1331	41	813	42	538	43	344	44	224	45	126	46	69	47	29	48	27	49	11	50	9	51	3	52	2	53	1
973	14	2	15	6	16	11	17	28	18	66	19	144	20	218	21	428	22	725	23	1196	24	1930	25	2745	26	3819	27	5109	28	6245	29	7547	30	8398	31	9003	32	8816	33	8437	34	7776	35	6667	36	5590	37	4458	38	3248	39	2441	40	1704	41	1242	42	787	43	488	44	299	45	191	46	103	47	55	48	42	49	13	50	11	51	3	52	5	53	3	56	1
974	8	1	9	7	10	12	11	33	12	41	13	64	14	104	15	179	16	190	17	219	18	231	19	300	20	290	21	369	22	536	23	835	24	1350	25	2039	26	3020	27	4073	28	5449	29	6703	30	7679	31	8542	32	8826	33	8766	34	8159	35	7294	36	6341	37	5100	38	4035	39	2892	40	2123	41	1520	42	1024	43	662	44	414	45	257	46	154	47	74	48	43	49	25	50	11	51	8	52	2	53	3	55	1
975	14	2	15	3	16	9	17	26	18	41	19	78	20	167	21	260	22	470	23	740	24	1184	25	1899	26	2721	27	3680	28	4756	29	5868	30	7213	31	8114	32	8795	33	8831	34	8478	35	7816	36	6808	37	5777	38	4569	39	3588	40	2522	41	1904	42	1321	43	906	44	540	45	375	46	243	47	115	48	87	49	38	50	22	51	19	52	8	53	3	54	2	55	2
976	4	1	6	2	7	3	8	10	9	16	10	16	11	25	12	30	13	63	14	78	15	131	16	145	17	188	18	235	19	266	20	298	21	351	22	400	23	632	24	946	25	1399	26	2135	27	2937	28	3993	29	5040	30	6344	31	7329	32	8067	33	8672	34	8431	35	8000	36	7348	37	6475	38	5356	39	4239	40	3190	41	2359	42	1677	43	1133	44	758	45	514	46	319	47	200	48	111	49	64	50	39	51	19	52	7	53	3	54	3	55	1	56	1	57	1
977	14	2	15	3	16	4	17	10	18	20	19	43	20	65	21	146	22	256	23	442	24	738	25	1161	26	1626	27	2507	28	3412	29	4595	30	5797	31	6773	32	7767	33	8329	34	8623	35	8589	36	8056	37	6992	38	6026	39	4830	40	3812	41	2950	42	2165	43	1510	44	1015	45	689	46	421	47	253	48	164	49	99	50	43	51	34	52	11	53	9	54	4	55	4	56	3	57	1	61	1
978	9	1	10	2	11	12	12	21	13	42	14	70	15	101	16	134	17	152	18	199	19	215	20	208	21	222	22	229	23	283	24	434	25	639	26	1088	27	1644	28	2453	29	3637	30	4747	31	6007	32	7034	33	7937	34	8397	35	8562	36	8418	37	7777	38	6740	39	5890	40	4542	41	3721	42	2689	43	1909	44	1386	45	931	46	595	47	372	48	239	49	149	50	72	51	46	52	28	53	11	54	6	55	6	56	2	57	1
979	15	1	16	3	17	4	18	6	19	25	20	33	21	60	22	123	23	228	24	358	25	539	26	878	27	1424	28	2138	29	2891	30	3883	31	5214	32	6338	33	7307	34	8023	35	8637	36	8659	37	8155	38	7405	39	6575	40	5565	41	4425	42	3367	43	2516	44	1840	45	1242	46	796	47	526	48	326	49	204	50	121	51	70	52	42	53	26	54	12	55	5	56	2	57	5	58	3
980	7	1	8	2	9	10	10	15	11	13	12	17	13	31	14	39	15	65	16	107	17	149	18	183	19	213	20	243	21	246	22	264	23	287	24	375	25	500	26	769	27	1124	28	1684	29	2405	30	3336	31	4170	32	5466	33	6625	34	7486	35	7976	36	8273	37	8320	38	7670	39	7117	40	6002	41	4984	42	4021	43	3075	44	2230	45	1587	46	1059	47	657	48	480	49	280	50	176	51	119	52	72	53	32	54	22	55	10	56	6	57	1	58	3	59	2	60	1
981	16	2	17	5	18	3	19	14	20	30	21	46	22	77	23	136	24	249	25	367	26	617	27	927	28	1409	29	2015	30	2834	31	3797	32	4963	33	5916	34	6904	35	7771	36	8337	37	8442	38	8182	39	7436	40	6656	41	5778	42	4661	43	3610	44	2718	45	2083	46	1440	47	970	48	614	49	402	50	249	51	143	52	96	53	50	54	25	55	9	56	10	57	2	58	4	59	1
982	8	2	10	3	12	10	13	21	14	26	15	41	16	80	17	125	18	160	19	188	20	199	21	194	22	215	23	210	24	199	25	199	26	285	27	466	28	794	29	1245	30	1871	31	2736	32	3682	33	4805	34	6070	35	6944	36	7892	37	8353	38	8444	39	8171	40	7474	41	6695	42	5706	43	4593	44	3442	45	2604	46	1988	47	1343	48	921	49	622	50	413	51	236	52	147	53	86	54	41	55	33	56	11	57	7	58	3	59	1	60	2	62	1	65	1
983	16	1	17	3	18	5	19	8	20	18	21	26	22	38	23	85	24	154	25	199	26	318	27	529	28	830	29	1229	30	1792	31	2493	32	3328	33	4277	34	5499	35	6352	36	7415	37	7859	38	8347	39	8354	40	7851	41	7119	42	6092	43	5172	44	4151	45	3177	46	2345	47	1736	48	1088	49	765	50	512	51	321	52	207	53	136	54	63	55	44	56	28	57	18	58	7	59	4	60	3	61	2
984	3	1	7	2	8	5	9	5	10	6	11	11	12	19	13	21	14	26	15	41	16	64	17	97	18	124	19	145	20	202	21	220	22	210	23	227	24	265	25	278	26	301	27	430	28	617	29	883	30	1256	31	1970	32	2601	33	3504	34	4598	35	5584	36	6544	37	7363	38	7909	39	8324	40	7879	41	7440	42	6848	43	5858	44	4772	45	3736	46	2964	47	2191	48	1520	49	1075	50	730	51	427	52	290	53	167	54	121	55	55	56	37	57	10	58	11	59	6	60	3	61	3	62	1	64	2	67	1
985	19	1	20	6	21	5	22	11	23	28	24	48	25	71	26	133	27	230	28	339	29	559	30	811	31	1300	32	1885	33	2569	34	3584	35	4563	36	5829	37	6623	38	7447	39	8143	40	8425	41	8318	42	7628	43	6960	44	5976	45	4952	46	3867	47	3051	48	2117	49	1558	50	1053	51	690	52	498	53	285	54	164	55	123	56	60	57	42	58	20	59	10	60	11	61	3	62	2	63	1	64	1
986	11	2	12	6	13	8	14	13	15	26	16	43	17	77	18	130	19	131	20	169	21	182	22	213	23	177	24	189	25	157	26	139	27	181	28	216	29	346	30	547	31	822	32	1370	33	2046	34	2795	35	3838	36	4840	37	5811	38	6899	39	7565	40	8124	41	8274	42	8024	43	7351	44	6486	45	5670	46	4690	47	3598	48	2698	49	2053	50	1472	51	957	52	609	53	416	54	286	55	152	56	84	57	54	58	29	59	12	60	12	61	4	62	3	63	1	64	2	66	1
987	16	1	18	2	19	2	20	3	21	7	22	13	23	23	24	33	25	79	26	94	27	187	28	244	29	415	30	608	31	834	32	1254	33	1776	34	2436	35	3283	36	4246	37	5102	38	6176	39	6989	40	7656	41	8014	42	8148	43	7725	44	7072	45	6277	46	5209	47	4324	48	3435	49	2561	50	1936	51	1329	52	924	53	605	54	378	55	232	56	170	57	85	58	58	59	22	60	17	61	6	62	5	63	3	65	2
988	6	1	10	6	11	8	12	8	13	9	14	11	15	18	16	23	17	47	18	76	19	90	20	153	21	153	22	202	23	224	24	204	25	208	26	222	27	195	28	227	29	271	30	440	31	568	32	833	33	1152	34	1690	35	2384	36	3175	37	4128	38	5212	39	6109	40	7032	41	7675	42	7932	43	7936	44	7638	45	6943	46	6007	47	5239	48	4301	49	3206	50	2395	51	1852	52	1406	53	878	54	586	55	368	56	220	57	148	58	89	59	39	60	32	61	12	62	12	63	3	64	2	66	1	67	1
989	16	1	19	2	20	1	21	3	22	7	23	15	24	24	25	30	26	47	27	89	28	125	29	230	30	318	31	496	32	651	33	978	34	1556	35	2097	36	2762	37	3579	38	4666	39	5386	40	6519	41	7097	42	7760	43	7999	44	7889	45	7553	46	6844	47	5937	48	4845	49	3984	50	3043	51	2291	52	1710	53	1194	54	796	55	551	56	368	57	218	58	135	59	79	60	56	61	30	62	18	63	10	64	8	65	2	67	1
990	12	2	13	5	14	5	15	14	16	22	17	35	18	41	19	79	20	106	21	138	22	157	23	176	24	188	25	172	26	181	27	145	28	139	29	133	30	140	31	236	32	328	33	586	34	843	35	1320	36	1871	37	2749	38	3609	39	4487	40	5525	41	6528	42	7437	43	7922	44	8084	45	7804	46	7374	47	6640	48	5865	49	4863	50	3879	51	2898	52	2276	53	1697	54	1126	55	813	56	518	57	327	58	197	59	140	60	74	61	38	62	26	63	22	64	10	65	6	66	2	69	1	72	1
991	20	1	22	2	23	5	24	10	25	20	26	26	27	56	28	69	29	125	30	174	31	260	32	349	33	495	34	771	35	1108	36	1507	37	2046	38	2873	39	3691	40	4796	41	5565	42	6593	43	7302	44	7772	45	7932	46	7852	47	7242	48	6621	49	5719	50	4959	51	3829	52	3101	53	2256	54	1652	55	1141	56	788	57	534	58	318	59	192	60	99	61	72	62	36	63	23	64	10	65	5	66	1	67	1	69	1
992	7	2	8	1	9	1	10	2	11	5	12	7	13	7	14	9	15	17	16	9	17	15	18	42	19	44	20	78	21	99	22	135	23	167	24	188	25	192	26	184	27	212	28	179	29	184	30	197	31	267	32	321	33	433	34	578	35	896	36	1271	37	1684	38	2319	39	2859	40	3790	41	4749	42	5545	43	6499	44	7074	45	7676	46	7666	47	7571	48	6941	49	6396	50	5391	51	4598	52	3775	53	2867	54	2126	55	1608	56	1073	57	765	58	457	59	344	60	210	61	128	62	64	63	40	64	23	65	10	66	6	67	1	68	1	69	2
993	18	1	19	1	20	1	22	3	24	5	25	9	26	13	27	21	28	55	29	56	30	107	31	168	32	221	33	315	34	455	35	693	36	997	37	1258	38	1860	39	2449	40	3090	41	4247	42	4876	43	5801	44	6611	45	7352	46	7631	47	7762	48	7497	49	7037	50	6389	51	5353	52	4590	53	3709	54	2822	55	2090	56	1484	57	1065	58	711	59	469	60	290	61	167	62	118	63	68	64	37	65	19	66	11	67	7	68	4	69	2	70	3
994	13	1	14	2	15	5	16	6	17	13	18	15	19	41	20	46	21	75	22	120	23	148	24	172	25	190	26	188	27	196	28	169	29	170	30	96	31	82	32	98	33	127	34	147	35	301	36	457	37	737	38	1113	39	1632	40	2324	41	3079	42	3943	43	4847	44	5843	45	6849	46	7539	47	7602	48	7821	49	7633	50	7108	51	6214	52	5439	53	4549	54	3597	55	2798	56	2068	57	1461	58	1055	59	708	60	457	61	274	62	178	63	101	64	72	65	37	66	28	67	9	68	7	69	6	70	2	71	5
995	23	4	24	4	25	4	26	8	27	10	28	28	29	35	30	69	31	82	32	136	33	228	34	312	35	409	36	537	37	769	38	1014	39	1452	40	1927	41	2631	42	3390	43	4142	44	4942	45	5906	46	6771	47	7121	48	7728	49	7751	50	7535	51	6850	52	6210	53	5151	54	4395	55	3471	56	2699	57	1992	58	1463	59	1031	60	636	61	431	62	304	63	173	64	96	65	80	66	40	67	17	68	10	69	2	70	1	71	1	72	2
996	9	2	11	5	12	7	13	10	14	8	15	7	16	12	17	10	18	19	19	18	20	42	21	43	22	92	23	115	24	155	25	166	26	183	27	206	28	215	29	170	30	162	31	175	32	140	33	189	34	222	35	291	36	389	37	543	38	690	39	1047	40	1393	41	1911	42	2500	43	3285	44	4033	45	4919	46	5884	47	6671	48	7143	49	7387	50	7635	51	7195	52	6825	53	5987	54	5261	55	4244	56	3466	57	2615	58	1968	59	1405	60	1054	61	708	62	413	63	321	64	188	65	113	66	57	67	31	68	29	69	12	70	6	71	4	72	2	73	1	75	1
997	22	1	24	2	25	1	26	5	27	4	28	15	29	19	30	34	31	49	32	81	33	91	34	152	35	209	36	296	37	395	38	568	39	803	40	1111	41	1470	42	2082	43	2573	44	3411	45	4255	46	5238	47	6045	48	6788	49	7237	50	7648	51	7575	52	7331	53	6735	54	6143	55	5140	56	4301	57	3380	58	2622	59	1949	60	1411	61	963	62	660	63	477	64	305	65	156	66	107	67	66	68	39	69	26	70	12	71	11	72	1	73	2	74	1	75	2	76	1	77	1
998	12	1	13	1	14	2	15	3	16	4	17	12	18	13	19	28	20	28	21	39	22	76	23	82	24	121	25	136	26	186	27	163	28	190	29	146	30	134	31	144	32	124	33	98	34	90	35	86	36	122	37	168	38	283	39	454	40	647	41	960	42	1359	43	1977	44	2698	45	3419	46	4218	47	5011	48	5970	49	6629	50	7412	51	7613	52	7702	53	7231	54	6765	55	5996	56	5161	57	4292	58	3334	59	2572	60	1874	61	1408	62	992	63	662	64	447	65	282	66	162	67	112	68	62	69	36	70	31	71	16	72	7	73	4	74	2	75	2	77	1
999	21	1	24	1	25	6	26	8	27	7	28	13	29	23	30	31	31	43	32	58	33	86	34	127	35	159	36	212	37	262	38	388	39	456	40	752	41	966	42	1253	43	1646	44	2110	45	2843	46	3401	47	4351	48	5114	49	6036	50	6731	51	7135	52	7527	53	7507	54	7230	55	6581	56	5910	57	5098	58	4080	59	3273	60	2571	61	1961	62	1391	63	905	64	659	65	403	66	274	67	169	68	95	69	67	70	37	71	19	72	11	73	5	74	3	75	4	79	1
1000	7	1	11	3	12	3	13	6	14	4	15	6	16	10	17	8	18	12	19	9	20	22	21	29	22	39	23	55	24	83	25	105	26	132	27	165	28	176	29	191	30	185	31	164	32	157	33	143	34	147	35	175	36	164	37	212	38	318	39	378	40	478	41	697	42	946	43	1190	44	1631	45	2146	46	2712	47	3455	48	4295	49	5004	50	5881	51	6494	52	7268	53	7368	54	7340	55	7049	56	6490	57	5682	58	5001	59	4119	60	3281	61	2549	62	1822	63	1265	64	998	65	650	66	394	67	270	68	198	69	85	70	61	71	29	72	22	73	13	74	4	75	5	76	4	77	2
