1	1	100000
2	1	100000
3	1	100000
4	1	100000
5	1	100000
6	1	100000
7	1	100000
8	1	100000
9	1	100000
10	1	100000
11	1	100000
12	1	100000
13	1	100000
14	1	100000
15	1	100000
16	1	100000
17	1	100000
18	1	100000
19	1	100000
20	1	100000
21	1	100000
22	1	100000
23	1	100000
24	1	100000
25	1	100000
26	1	100000
27	1	100000
28	1	100000
29	1	100000
30	1	100000
31	1	100000
32	1	100000
33	1	100000
34	1	100000
35	1	100000
36	1	100000
37	1	100000
38	1	100000
39	1	100000
40	1	100000
41	1	100000
42	1	100000
43	1	100000
44	1	100000
45	1	100000
46	1	100000
47	1	100000
48	1	100000
49	1	100000
50	1	100000
51	1	100000
52	1	100000
53	1	100000
54	1	100000
55	1	100000
56	1	100000
57	1	100000
58	1	100000
59	1	100000
60	1	100000
61	1	100000
62	1	100000
63	1	100000
64	1	100000
65	1	100000
66	1	100000
67	1	100000
68	1	100000
69	1	100000
70	1	100000
71	1	100000
72	1	100000
73	1	100000
74	1	100000
75	1	100000
76	1	100000
77	1	100000
78	1	99999	2	1
79	1	100000
80	1	100000
81	1	100000
82	1	100000
83	1	100000
84	1	100000
85	1	100000
86	1	100000
87	1	100000
88	1	100000
89	1	100000
90	1	100000
91	1	100000
92	1	100000
93	1	100000
94	1	100000
95	1	100000
96	1	100000
97	1	100000
98	1	100000
99	1	100000
100	1	100000
101	1	100000
102	1	100000
103	1	100000
104	1	99999	2	1
105	1	100000
106	1	100000
107	1	100000
108	1	100000
109	1	100000
110	1	100000
111	1	100000
112	1	100000
113	1	100000
114	1	100000
115	1	100000
116	1	99999	2	1
117	1	100000
118	1	100000
119	1	100000
120	1	100000
121	1	100000
122	1	99999	2	1
123	1	100000
124	1	100000
125	1	100000
126	1	100000
127	1	100000
128	1	100000
129	1	100000
130	1	99999	2	1
131	1	100000
132	1	100000
133	1	100000
134	1	100000
135	1	100000
136	1	100000
137	1	100000
138	1	100000
139	1	100000
140	1	100000
141	1	100000
142	1	100000
143	1	100000
144	1	100000
145	1	100000
146	1	99999	2	1
147	1	100000
148	1	99999	2	1
149	1	100000
150	1	99999	2	1
151	1	100000
152	1	99998	2	2
153	1	100000
154	1	100000
155	1	100000
156	1	100000
157	1	100000
158	1	99999	2	1
159	1	100000
160	1	99999	2	1
161	1	100000
162	1	100000
163	1	100000
164	1	100000
165	1	100000
166	1	99998	2	2
167	1	100000
168	1	100000
169	1	100000
170	1	99999	2	1
171	1	100000
172	1	100000
173	1	100000
174	1	100000
175	1	100000
176	1	100000
177	1	100000
178	1	100000
179	1	100000
180	1	100000
181	1	100000
182	1	99999	2	1
183	1	100000
184	1	100000
185	1	100000
186	1	99999	2	1
187	1	100000
188	1	100000
189	1	100000
190	1	99999	2	1
191	1	100000
192	1	99998	2	2
193	1	100000
194	1	100000
195	1	100000
196	1	100000
197	1	100000
198	1	100000
199	1	100000
200	1	100000
201	1	100000
202	1	100000
203	1	100000
204	1	99999	2	1
205	1	100000
206	1	99999	2	1
207	1	100000
208	1	100000
209	1	100000
210	1	100000
211	1	100000
212	1	100000
213	1	100000
214	1	100000
215	1	100000
216	1	99999	2	1
217	1	100000
218	1	100000
219	1	100000
220	1	100000
221	1	100000
222	1	99999	2	1
223	1	100000
224	1	100000
225	1	100000
226	1	100000
227	1	100000
228	1	99998	2	2
229	1	100000
230	1	99999	2	1
231	1	100000
232	1	100000
233	1	100000
234	1	99999	2	1
235	1	100000
236	1	99998	2	2
237	1	100000
238	1	100000
239	1	100000
240	1	100000
241	1	100000
242	1	99998	2	2
243	1	100000
244	1	99999	2	1
245	1	100000
246	1	99997	2	3
247	1	100000
248	1	99999	2	1
249	1	100000
250	1	100000
251	1	100000
252	1	99998	2	2
253	1	100000
254	1	99999	2	1
255	1	100000
256	1	99996	2	4
257	1	100000
258	1	99997	2	3
259	1	99999	2	1
260	1	99998	2	2
261	1	100000
262	1	99999	2	1
263	1	100000
264	1	99999	2	1
265	1	100000
266	1	99998	2	2
267	1	100000
268	1	100000
269	1	100000
270	1	99999	2	1
271	1	100000
272	1	99998	2	2
273	1	100000
274	1	100000
275	1	100000
276	1	100000
277	1	100000
278	1	100000
279	1	100000
280	1	99999	2	1
281	1	100000
282	1	100000
283	1	100000
284	1	99999	2	1
285	1	100000
286	1	99999	2	1
287	1	100000
288	1	100000
289	1	100000
290	1	99998	2	2
291	1	100000
292	1	99999	2	1
293	1	100000
294	1	99998	2	2
295	1	100000
296	1	100000
297	1	100000
298	1	100000
299	1	100000
300	1	99997	2	3
301	1	100000
302	1	100000
303	1	100000
304	1	100000
305	1	100000
306	1	100000
307	1	100000
308	1	99998	2	2
309	1	100000
310	1	99999	2	1
311	1	100000
312	1	100000
313	1	100000
314	1	99999	2	1
315	1	100000
316	1	99999	2	1
317	1	100000
318	1	99999	2	1
319	1	100000
320	1	99999	2	1
321	1	100000
322	1	99999	2	1
323	1	100000
324	1	99997	2	3
325	1	100000
326	1	100000
327	1	100000
328	1	99999	2	1
329	1	100000
330	1	99998	2	2
331	1	100000
332	1	99997	2	3
333	1	100000
334	1	99994	2	6
335	1	99999	2	1
336	1	99997	2	3
337	1	100000
338	1	99998	2	2
339	1	100000
340	1	99997	2	3
341	1	100000
342	1	99998	2	2
343	1	100000
344	1	99998	2	2
345	1	100000
346	1	99999	2	1
347	1	100000
348	1	100000
349	1	100000
350	1	99998	2	2
351	1	100000
352	1	99995	2	5
353	1	100000
354	1	99998	2	2
355	1	100000
356	1	100000
357	1	100000
358	1	99997	2	3
359	1	100000
360	1	99994	2	6
361	1	100000
362	1	99996	2	4
363	1	100000
364	1	99999	2	1
365	1	100000
366	1	99998	2	2
367	1	100000
368	1	99998	2	2
369	1	99999	2	1
370	1	99996	2	4
371	1	100000
372	1	99999	2	1
373	1	100000
374	1	99996	2	4
375	1	100000
376	1	99995	2	5
377	1	100000
378	1	99997	2	3
379	1	100000
380	1	99998	2	2
381	1	100000
382	1	99998	2	2
383	1	100000
384	1	99997	2	3
385	1	99998	2	2
386	1	99996	2	4
387	1	100000
388	1	99998	2	2
389	1	100000
390	1	99999	2	1
391	1	100000
392	1	99996	2	4
393	1	100000
394	1	99997	2	3
395	1	100000
396	1	99996	2	4
397	1	99998	2	2
398	1	100000
399	1	99999	2	1
400	1	99998	2	2
401	1	99999	2	1
402	1	99999	2	1
403	1	100000
404	1	99998	2	2
405	1	99999	2	1
406	1	99995	2	5
407	1	100000
408	1	99996	2	4
409	1	99999	2	1
410	1	99998	2	2
411	1	99998	2	2
412	1	99996	2	4
413	1	99999	2	1
414	1	99996	2	4
415	1	99999	2	1
416	1	99997	2	3
417	1	100000
418	1	99995	2	5
419	1	99998	2	2
420	1	99997	2	3
421	1	99997	2	3
422	1	99994	2	6
423	1	99997	2	3
424	1	99995	2	5
425	1	99998	2	2
426	1	99998	2	2
427	1	99999	2	1
428	1	99996	2	4
429	1	99996	2	4
430	1	99992	2	8
431	1	99998	2	2
432	1	99994	2	6
433	1	100000
434	1	99998	2	2
435	1	99997	2	3
436	1	99998	2	2
437	1	99996	2	4
438	1	99993	2	7
439	1	99994	2	6
440	1	99998	2	2
441	1	99998	2	2
442	1	99993	2	7
443	1	99994	2	6
444	1	99989	2	11
445	1	99997	2	3
446	1	99995	2	5
447	1	99994	2	6
448	1	99994	2	6
449	1	99993	2	7
450	1	99991	2	9
451	1	99997	2	3
452	1	99994	2	6
453	1	99996	2	4
454	1	99989	2	11
455	1	99990	2	10
456	1	99990	2	10
457	1	99992	2	8
458	1	99992	2	8
459	1	99993	2	7
460	1	99986	2	14
461	1	99992	2	8
462	1	99994	2	6
463	1	99993	2	7
464	1	99992	2	8
465	1	99990	2	10
466	1	99992	2	8
467	1	99985	2	15
468	1	99989	2	11
469	1	99989	2	11
470	1	99985	2	15
471	1	99993	2	7
472	1	99983	2	17
473	1	99994	2	6
474	1	99987	2	13
475	1	99981	2	19
476	1	99985	2	15
477	1	99989	2	11
478	1	99981	2	19
479	1	99983	2	17
480	1	99972	2	28
481	1	99976	2	24
482	1	99986	2	14
483	1	99991	2	9
484	1	99971	2	29
485	1	99985	2	15
486	1	99978	2	22
487	1	99980	2	20
488	1	99972	2	28
489	1	99976	2	24
490	1	99967	2	33
491	1	99969	2	31
492	1	99959	2	41
493	1	99960	2	40
494	1	99957	2	43
495	1	99968	2	32
496	1	99936	2	64
497	1	99965	2	35
498	1	99954	2	46
499	1	99947	2	53
500	1	99965	2	35
501	1	6287	2	93659	3	54
502	1	12054	2	87897	3	48	4	1
503	1	17793	2	82153	3	53	4	1
504	1	23006	2	76964	3	28	4	2
505	1	27830	2	72116	3	36	4	18
506	1	32242	2	67719	3	34	4	5
507	1	36673	2	63301	3	22	4	4
508	1	40928	2	59039	3	30	4	3
509	1	44370	2	55586	3	31	4	13
510	1	48065	2	51888	3	30	4	17
511	1	51280	2	48701	3	15	4	4
512	1	54039	2	45936	3	21	4	4
513	1	57058	2	42908	3	26	4	8
514	1	59819	2	40148	3	27	4	6
515	1	62498	2	37475	3	9	4	18
516	1	64543	2	35418	3	33	4	6
517	1	67212	2	32761	3	19	4	8
518	1	69063	2	30907	3	27	4	3
519	1	70839	2	29138	3	20	4	3
520	1	72878	2	27085	3	31	4	6
521	1	74340	2	25632	3	26	4	1	5	1
522	1	75939	2	24036	3	17	4	8
523	1	77582	2	22387	3	29	4	2
524	1	79343	2	20629	3	26	4	2
525	1	80272	2	19696	3	29	4	3
526	1	81440	2	18532	3	23	4	5
527	1	82632	2	17332	3	34	4	2
528	1	83769	2	16208	3	20	4	3
529	1	84954	2	15020	3	22	4	4
530	1	85724	2	14227	3	46	4	3
531	1	86700	2	13274	3	22	4	4
532	1	87485	2	12489	3	26
533	1	88330	2	11640	3	26	4	4
534	1	88861	2	11109	3	29	4	1
535	1	89663	2	10298	3	30	4	9
536	1	90360	2	9607	3	28	4	5
537	1	91030	2	8937	3	32	4	1
538	1	91609	2	8362	3	25	4	4
539	1	92099	2	7868	3	28	4	5
540	1	92737	2	7210	3	48	4	5
541	1	92874	2	7090	3	36
542	1	93458	2	6502	3	39	4	1
543	1	93915	2	6052	3	32	4	1
544	1	94295	2	5671	3	32	4	2
545	1	94556	2	5386	3	55	4	3
546	1	94810	2	5154	3	34	4	2
547	1	95176	2	4794	3	28	4	2
548	1	95538	2	4441	3	21
549	1	95888	2	4081	3	30	4	1
550	1	96022	2	3946	3	31	4	1
551	1	96372	2	3592	3	36
552	1	96412	2	3549	3	39
553	1	96661	2	3310	3	29
554	1	96884	2	3086	3	30
555	1	97133	2	2838	3	29
556	1	97244	2	2725	3	31
557	1	97331	2	2641	3	28
558	1	97467	2	2484	3	49
559	1	97703	2	2266	3	29	4	2
560	1	97831	2	2132	3	37
561	1	97828	2	2133	3	37	4	2
562	1	98087	2	1876	3	37
563	1	98113	2	1851	3	36
564	1	98098	2	1868	3	34
565	1	98364	2	1600	3	34	4	2
566	1	98413	2	1551	3	36
567	1	98581	2	1379	3	39	4	1
568	1	98552	2	1409	3	38	4	1
569	1	98575	2	1392	3	32	4	1
570	1	98597	2	1358	3	44	4	1
571	1	98668	2	1303	3	29
572	1	98814	2	1146	3	39	4	1
573	1	98832	2	1143	3	24	4	1
574	1	98979	2	990	3	30	4	1
575	1	98939	2	1028	3	32	4	1
576	1	98920	2	1055	3	25
577	1	99014	2	964	3	22
578	1	99029	2	933	3	38
579	1	99031	2	930	3	39
580	1	99061	2	903	3	34	4	2
581	1	99069	2	891	3	40
582	1	99106	2	858	3	36
583	1	99134	2	827	3	38	4	1
584	1	99069	2	899	3	32
585	1	99136	2	837	3	27
586	1	99099	2	861	3	39	4	1
587	1	99059	2	904	3	37
588	1	99097	2	859	3	44
589	1	99150	2	813	3	37
590	1	99124	2	836	3	39	4	1
591	1	99200	2	761	3	39
592	1	99130	2	829	3	41
593	1	99174	2	791	3	35
594	1	99135	2	824	3	40	4	1
595	1	99107	2	861	3	32
596	1	99148	2	823	3	29
597	1	99143	2	822	3	35
598	1	99035	2	924	3	41
599	1	99104	2	862	3	34
600	1	99019	2	938	3	43
601	1	99012	2	954	3	33	4	1
602	1	98909	2	1047	3	44
603	1	98871	2	1087	3	42
604	1	98802	2	1162	3	36
605	1	98908	2	1038	3	53	4	1
606	1	98891	2	1060	3	49
607	1	98896	2	1068	3	36
608	1	98705	2	1245	3	48	4	2
609	1	98921	2	1036	3	42	4	1
610	1	98760	2	1205	3	34	4	1
611	1	98717	2	1238	3	44	4	1
612	1	98634	2	1316	3	49	4	1
613	1	98710	2	1252	3	38
614	1	98674	2	1273	3	51	4	2
615	1	98548	2	1405	3	46	4	1
616	1	98618	2	1327	3	54	4	1
617	1	98660	2	1287	3	52	4	1
618	1	98601	2	1349	3	48	4	2
619	1	98541	2	1405	3	54
620	1	98365	2	1576	3	59
621	1	98528	2	1413	3	59
622	1	98383	2	1538	3	79
623	1	98355	2	1565	3	80
624	1	98257	2	1670	3	73
625	1	98325	2	1624	3	51
626	1	98189	2	1730	3	81
627	1	98027	2	1893	3	79	4	1
628	1	97937	2	1994	3	69
629	1	98122	2	1812	3	64	4	2
630	1	97990	2	1935	3	74	4	1
631	1	97844	2	2076	3	77	4	3
632	1	97815	2	2114	3	70	4	1
633	1	97791	2	2155	3	52	4	2
634	1	97837	2	2098	3	63	4	2
635	1	97788	2	2155	3	55	4	2
636	1	97689	2	2251	3	59	4	1
637	1	97494	2	2432	3	73	4	1
638	1	97524	2	2399	3	76	4	1
639	1	97313	2	2601	3	85	4	1
640	1	97298	2	2630	3	71	4	1
641	1	97318	2	2602	3	77	4	3
642	1	97179	2	2748	3	71	4	2
643	1	97139	2	2788	3	73
644	1	96860	2	3033	3	105	4	2
645	1	96890	2	3029	3	80	4	1
646	1	96814	2	3096	3	88	4	2
647	1	96729	2	3178	3	90	4	3
648	1	96437	2	3454	3	108	4	1
649	1	96624	2	3282	3	94
650	1	96506	2	3412	3	80	4	2
651	1	96273	2	3623	3	104
652	1	96115	2	3768	3	116	4	1
653	1	96101	2	3786	3	113
654	1	95920	2	3968	3	111	4	1
655	1	95872	2	4011	3	117
656	1	95596	2	4273	3	129	4	2
657	1	95505	2	4373	3	121	4	1
658	1	95329	2	4516	3	152	4	3
659	1	95208	2	4626	3	161	4	5
660	1	94709	2	5119	3	170	4	2
661	1	94909	2	4928	3	158	4	5
662	1	94362	2	5458	3	177	4	3
663	1	94496	2	5324	3	170	4	10
664	1	93532	2	6236	3	215	4	17
665	1	93843	2	5928	3	224	4	5
666	1	92876	2	6837	3	277	4	10
667	1	95972	2	3912	3	115	4	1
668	1	95085	2	4795	3	118	4	2
669	1	94901	2	4922	3	174	4	3
670	1	94811	2	5007	3	173	4	9
671	1	94628	2	5179	3	186	4	6	5	1
672	1	93781	2	5991	3	225	4	3
673	1	94214	2	5567	3	213	4	6
674	1	94025	2	5733	3	236	4	6
675	1	94026	2	5745	3	224	4	5
676	1	92859	2	6834	3	296	4	11
677	1	93610	2	6099	3	278	4	12	5	1
678	1	93529	2	6220	3	245	4	6
679	1	93253	2	6461	3	276	4	10
680	1	92231	2	7412	3	346	4	11
681	1	92754	2	6966	3	272	4	8
682	1	92700	2	6986	3	304	4	10
683	1	92371	2	7260	3	354	4	14	5	1
684	1	91589	2	8003	3	398	4	10
685	1	92016	2	7620	3	347	4	16	5	1
686	1	92006	2	7649	3	331	4	13	5	1
687	1	91759	2	7845	3	385	4	10	5	1
688	1	90483	2	8998	3	493	4	24	5	2
689	1	91175	2	8338	3	473	4	14
690	1	90614	2	8889	3	483	4	14
691	1	90684	2	8834	3	463	4	18	5	1
692	1	90098	2	9392	3	491	4	18	5	1
693	1	90064	2	9405	3	511	4	20
694	1	89941	2	9498	3	537	4	23	5	1
695	1	89419	2	9968	3	587	4	26
696	1	89111	2	10287	3	578	4	23	5	1
697	1	89010	2	10379	3	582	4	28	5	1
698	1	89045	2	10270	3	656	4	27	5	2
699	1	88900	2	10389	3	673	4	37	5	1
700	1	87670	2	11496	3	790	4	40	5	4
701	1	87854	2	11328	3	781	4	37
702	1	87810	2	11373	3	786	4	31
703	1	87501	2	11630	3	831	4	36	5	2
704	1	86020	2	12914	3	1001	4	63	5	2
705	1	86557	2	12456	3	947	4	36	5	4
706	1	87407	2	11745	3	801	4	42	5	5
707	1	86234	2	12784	3	922	4	57	5	3
708	1	85548	2	13372	3	1020	4	59	5	1
709	1	85509	2	13335	3	1091	4	63	5	2
710	1	85557	2	13312	3	1084	4	44	5	3
711	1	84678	2	14127	3	1135	4	59	5	1
712	1	84062	2	14480	3	1364	4	88	5	6
713	1	84554	2	14189	3	1185	4	67	5	5
714	1	84003	2	14667	3	1240	4	87	5	3
715	1	83357	2	15195	3	1357	4	87	5	4
716	1	81922	2	16392	3	1578	4	102	5	6
717	1	82868	2	15647	3	1379	4	97	5	9
718	1	82643	2	15673	3	1569	4	108	5	7
719	1	82153	2	16093	3	1639	4	109	5	5	6	1
720	1	79846	2	18031	3	1952	4	164	5	7
721	1	81632	2	16587	3	1663	4	112	5	6
722	1	81101	2	17026	3	1749	4	114	5	9	6	1
723	1	80352	2	17552	3	1921	4	163	5	12
724	1	79270	2	18528	3	2041	4	149	5	12
725	1	78896	2	18783	3	2157	4	155	5	9
726	1	78336	2	19152	3	2317	4	177	5	17	6	1
727	1	77573	2	19759	3	2427	4	220	5	19	6	2
728	1	78623	2	18894	3	2313	4	159	5	11
729	1	78259	2	19181	3	2388	4	155	5	15	6	2
730	1	78029	2	19325	3	2429	4	207	5	9	6	1
731	1	77114	2	20089	3	2562	4	222	5	13
732	1	75896	2	20898	3	2937	4	253	5	14	6	2
733	1	76473	2	20530	3	2742	4	237	5	18
734	1	75786	2	20996	3	2917	4	277	5	20	6	3	8	1
735	1	75092	2	21644	3	2966	4	282	5	15	7	1
736	1	73252	2	22932	3	3457	4	338	5	20	6	1
737	1	74744	2	21772	3	3166	4	293	5	23	6	2
738	1	73487	2	22594	3	3532	4	355	5	30	6	2
739	1	72867	2	23175	3	3582	4	341	5	32	6	3
740	1	71638	2	23872	3	3992	4	453	5	43	6	2
741	1	72182	2	23614	3	3771	4	403	5	28	6	2
742	1	71734	2	23933	3	3848	4	450	5	34	6	1
743	1	71112	2	24447	3	3963	4	439	5	34	6	5
744	1	69882	2	25357	3	4203	4	515	5	43
745	1	69106	2	25732	3	4554	4	561	5	42	6	5
746	1	68582	2	26037	3	4731	4	592	5	54	6	3	8	1
747	1	68810	2	25829	3	4729	4	568	5	56	6	7	7	1
748	1	67225	2	26830	3	5233	4	654	5	54	6	4
749	1	67204	2	26926	3	5169	4	624	5	73	6	4
750	1	66603	2	27226	3	5421	4	693	5	51	6	6
751	1	62553	2	29634	3	6757	4	964	5	80	6	12
752	1	61414	2	30278	3	7096	4	1072	5	131	6	9
753	1	61360	2	30281	3	7125	4	1085	5	135	6	13	8	1
754	1	61116	2	30343	3	7224	4	1157	5	143	6	16	7	1
755	1	60278	2	30738	3	7537	4	1278	5	147	6	21	7	1
756	1	59207	2	31346	3	7919	4	1352	5	160	6	14	7	1	8	1
757	1	60258	2	30672	3	7642	4	1259	5	155	6	11	7	3
758	1	58465	2	31652	3	8238	4	1398	5	220	6	24	7	3
759	1	58088	2	31826	3	8372	4	1495	5	198	6	19	7	2
760	1	57243	2	32171	3	8717	4	1645	5	193	6	28	7	3
761	1	56855	2	32289	3	9011	4	1589	5	225	6	27	7	3	8	1
762	1	56858	2	32060	3	9095	4	1709	5	246	6	31	7	1
763	1	55850	2	32562	3	9458	4	1811	5	283	6	32	7	4
764	1	55203	2	32777	3	9801	4	1905	5	282	6	32
765	1	54750	2	33328	3	9724	4	1898	5	258	6	37	7	4	8	1
766	1	53794	2	33490	3	10298	4	2062	5	310	6	42	7	3	8	1
767	1	52927	2	33651	3	10839	4	2170	5	364	6	40	7	6	8	3
768	1	51428	2	34200	3	11331	4	2536	5	436	6	53	7	15	9	1
769	1	50625	2	34812	3	11486	4	2575	5	444	6	49	7	7	8	2
770	1	51862	2	34154	3	11090	4	2413	5	415	6	58	7	8
771	1	51025	2	34622	3	11303	4	2560	5	432	6	50	7	6	8	2
772	1	50448	2	34355	3	11907	4	2734	5	479	6	69	7	5	8	3
773	1	49039	2	34978	3	12370	4	2967	5	554	6	78	7	13	8	1
774	1	47856	2	35067	3	13146	4	3227	5	611	6	79	7	13	8	1
775	1	47210	2	35727	3	13159	4	3214	5	576	6	95	7	19
776	1	47181	2	35520	3	13203	4	3381	5	600	6	99	7	14	8	1	9	1
777	1	45856	2	35992	3	13696	4	3670	5	679	6	90	7	16	8	1
778	1	45796	2	35764	3	13961	4	3611	5	727	6	126	7	11	8	3	9	1
779	1	44873	2	36042	3	14309	4	3874	5	744	6	135	7	17	8	6
780	1	43035	2	36496	3	15252	4	4156	5	891	6	143	7	25	8	1	9	1
781	1	42910	2	36488	3	15180	4	4353	5	883	6	153	7	26	8	7
782	1	40963	2	36661	3	16311	4	4755	5	1058	6	211	7	34	8	7
783	1	41738	2	36553	3	15930	4	4591	5	988	6	163	7	33	8	3	10	1
784	1	39715	2	36784	3	16902	4	5160	5	1169	6	224	7	36	8	8	9	1	10	1
785	1	40079	2	36675	3	16646	4	5201	5	1170	6	201	7	20	8	5	9	2	10	1
786	1	37842	2	36784	3	17935	4	5711	5	1409	6	265	7	43	8	11
787	1	38640	2	36708	3	17559	4	5532	5	1258	6	251	7	44	8	5	9	3
788	1	36629	2	37015	3	18442	4	6029	5	1525	6	310	7	37	8	12	9	1
789	1	36798	2	36986	3	18358	4	6031	5	1468	6	303	7	48	8	6	9	1	10	1
790	1	34991	2	37301	3	19066	4	6537	5	1694	6	335	7	61	8	12	9	2	10	1
791	1	34356	2	37143	3	19414	4	6800	5	1817	6	380	7	76	8	9	9	5
792	1	33057	2	36968	3	20165	4	7268	5	2012	6	426	7	83	8	15	9	3	10	3
793	1	32931	2	36716	3	20284	4	7514	5	1996	6	455	7	82	8	18	9	3	10	1
794	1	31308	2	36551	3	21126	4	7966	5	2359	6	564	7	107	8	17	9	2
795	1	31334	2	36442	3	21240	4	8009	5	2265	6	566	7	123	8	16	9	4	10	1
796	1	30035	2	36264	3	21912	4	8507	5	2517	6	609	7	126	8	23	9	7
797	1	28912	2	36089	3	22488	4	9014	5	2679	6	640	7	141	8	33	9	4
798	1	27701	2	36034	3	22808	4	9571	5	2965	6	723	7	163	8	31	9	3	10	1
799	1	27856	2	36088	3	22555	4	9482	5	3055	6	745	7	179	8	34	9	6
800	1	28817	2	35327	3	22454	4	9546	5	2911	6	761	7	149	8	29	9	5	10	1
801	1	30554	2	34667	3	21690	4	9192	5	2953	6	775	7	136	8	30	9	2	10	1
802	1	30081	2	34853	3	22016	4	9213	5	2947	6	709	7	151	8	24	9	4	10	2
803	1	28914	2	35081	3	22375	4	9684	5	2975	6	751	7	187	8	29	9	3	10	1
804	1	28126	2	34512	3	22907	4	10098	5	3293	6	850	7	177	8	33	9	3	10	1
805	1	26165	2	33999	3	23656	4	11045	5	3771	6	1096	7	220	8	43	9	4	10	1
806	1	26344	2	34210	3	23534	4	10915	5	3728	6	970	7	247	8	41	9	9	10	2
807	1	24451	2	33640	3	24429	4	11759	5	4132	6	1193	7	329	8	50	9	16	10	1
808	1	23977	2	33519	3	24453	4	12052	5	4345	6	1276	7	309	8	58	9	8	10	3
809	1	23337	2	33275	3	24949	4	12338	5	4434	6	1261	7	322	8	72	9	11	10	1
810	1	22279	2	33048	3	25095	4	12677	5	4948	6	1469	7	383	8	79	9	19	10	3
811	1	21435	2	32567	3	25495	4	13264	5	5143	6	1580	7	404	8	89	9	17	10	6
812	1	21116	2	32160	3	25649	4	13664	5	5191	6	1655	7	443	8	102	9	14	10	5	11	1
813	1	19370	2	31626	3	26202	4	14306	5	5898	6	1959	7	490	8	118	9	24	10	5	11	2
814	1	19032	2	31276	3	26234	4	14747	5	5943	6	2069	7	544	8	110	9	34	10	9	11	1	12	1
815	1	18512	2	30923	3	26653	4	14822	5	6201	6	2135	7	580	8	145	9	25	10	2	11	2
816	1	17466	2	30124	3	26872	4	15512	5	6764	6	2382	7	663	8	164	9	43	10	9	11	1
817	1	16781	2	29640	3	26976	4	15997	5	7209	6	2436	7	729	8	190	9	36	10	6
818	1	16218	2	29664	3	27005	4	16329	5	7220	6	2577	7	741	8	191	9	44	10	8	11	3
819	1	15353	2	28418	3	27028	4	17137	5	7990	6	2941	7	852	8	218	9	49	10	11	11	1	12	2
820	1	14958	2	28365	3	27093	4	17209	5	8072	6	2969	7	997	8	263	9	56	10	14	11	4
821	1	14343	2	28306	3	27236	4	17424	5	8249	6	3161	7	955	8	242	9	70	10	11	11	2	12	1
822	1	13563	2	27135	3	27419	4	18191	5	8787	6	3379	7	1117	8	316	9	66	10	22	11	4	12	1
823	1	12517	2	26394	3	27190	4	18988	5	9420	6	3743	7	1285	8	357	9	82	10	19	11	5
824	1	12809	2	26197	3	27512	4	18622	5	9360	6	3792	7	1269	8	337	9	75	10	20	11	5	12	2
825	1	11631	2	25759	3	27367	4	19049	5	10087	6	4207	7	1381	8	392	9	93	10	26	11	7	12	1
826	1	11658	2	24998	3	27198	4	19376	5	10265	6	4388	7	1516	8	428	9	130	10	34	11	7	12	2
827	1	10920	2	24599	3	26922	4	19917	5	10833	6	4556	7	1580	8	504	9	124	10	32	11	10	12	1	13	2
828	1	10491	2	23646	3	27304	4	19930	5	11268	6	4915	7	1728	8	521	9	149	10	36	11	12
829	1	9896	2	23099	3	27067	4	20674	5	11446	6	5111	7	1898	8	580	9	176	10	41	11	8	12	4
830	1	9341	2	22073	3	26560	4	20979	5	12126	6	5766	7	2184	8	679	9	225	10	51	11	12	12	2	13	1	14	1
831	1	8850	2	21663	3	26561	4	21333	5	12639	6	5826	7	2165	8	687	9	207	10	50	11	17	12	1	13	1
832	1	8385	2	21243	3	26110	4	21221	5	13247	6	6213	7	2485	8	787	9	228	10	56	11	17	12	6	13	1	14	1
833	1	7830	2	20493	3	25986	4	21749	5	13612	6	6493	7	2612	8	869	9	272	10	64	11	15	12	3	13	2
834	1	7128	2	19132	3	25610	4	22111	5	14267	6	7248	7	2992	8	1058	9	342	10	81	11	22	12	7	13	2
835	1	6674	2	18637	3	25462	4	22328	5	14780	6	7358	7	3150	8	1118	9	355	10	110	11	23	12	3	13	2
836	1	6307	2	17915	3	24655	4	22614	5	14944	6	8083	7	3557	8	1302	9	456	10	116	11	40	12	9	13	2
837	1	5841	2	17226	3	24839	4	22883	5	15380	6	8172	7	3633	8	1422	9	440	10	124	11	33	12	6	13	1
838	1	5676	2	16760	3	24001	4	22899	5	15759	6	8700	7	3964	8	1479	9	529	10	169	11	46	12	16	14	1	16	1
839	1	5515	2	16290	3	23837	4	22941	5	16189	6	8883	7	4014	8	1551	9	569	10	154	11	44	12	10	13	2	14	1
840	1	4866	2	15268	3	23403	4	22936	5	16725	6	9714	7	4484	8	1748	9	609	10	179	11	45	12	18	13	5
841	1	4661	2	14787	3	23234	4	23152	5	16971	6	9766	7	4640	8	1914	9	636	10	166	11	48	12	20	13	4	14	1
842	1	4137	2	13412	3	21955	4	23238	5	17825	6	10698	7	5286	8	2304	9	759	10	286	11	74	12	18	13	7	15	1
843	1	4184	2	13814	3	22076	4	23234	5	17747	6	10550	7	5109	8	2164	9	790	10	230	11	78	12	16	13	6	14	2
844	1	4024	2	13273	3	21507	4	23283	5	17904	6	10969	7	5456	8	2355	9	829	10	274	11	97	12	22	13	6	14	1
845	1	3670	2	12508	3	20810	4	22762	5	18437	6	11754	7	5973	8	2621	9	994	10	317	11	111	12	36	13	5	14	2
846	1	3297	2	11973	3	20336	4	22629	5	18764	6	12068	7	6484	8	2760	9	1109	10	397	11	127	12	45	13	9	14	2
847	1	2983	2	11121	3	19756	4	22774	5	18958	6	12603	7	6789	8	3134	9	1231	10	437	11	161	12	29	13	20	14	4
848	1	2720	2	10174	3	18865	4	22436	5	19476	6	13353	7	7366	8	3473	9	1404	10	517	11	142	12	57	13	15	14	1	15	1
849	1	2531	2	9982	3	18461	4	22062	5	19746	6	13580	7	7777	8	3591	9	1464	10	546	11	178	12	62	13	13	14	4	15	1	16	2
850	1	2539	2	9522	3	17896	4	22116	5	19715	6	13735	7	8063	8	3856	9	1643	10	637	11	201	12	48	13	17	14	8	15	3	16	1
851	1	2164	2	8841	3	17184	4	21395	5	20170	6	14626	7	8549	8	4159	9	1823	10	715	11	271	12	69	13	27	14	4	15	2	16	1
852	1	1944	2	7986	3	16323	4	21179	5	20301	6	15192	7	9154	8	4619	9	2052	10	810	11	285	12	99	13	44	14	9	15	2	16	1
853	1	1893	2	7912	3	16025	4	20951	5	20323	6	15276	7	9247	8	4809	9	2199	10	891	11	314	12	118	13	33	14	9
854	1	1693	2	7232	3	15123	4	20535	5	20466	6	15792	7	9890	8	5324	9	2440	10	989	11	365	12	112	13	22	14	15	16	1	18	1
855	1	1475	2	6640	3	14163	4	19936	5	20347	6	16420	7	10590	8	5728	9	2921	10	1149	11	403	12	157	13	46	14	23	15	1	16	1
856	1	1348	2	6087	3	13376	4	19231	5	20233	6	16750	7	11154	8	6588	9	3132	10	1287	11	535	12	199	13	56	14	17	15	4	16	2	18	1
857	1	1186	2	5674	3	12902	4	18710	5	20196	6	16951	7	11852	8	6760	9	3344	10	1551	11	580	12	195	13	69	14	20	15	9	16	1
858	1	2146	2	7588	3	14441	4	19403	5	19783	6	15889	7	10441	8	5781	9	2752	10	1084	11	463	12	155	13	51	14	19	15	4
859	1	1770	2	6447	3	13125	4	18413	5	19891	6	16584	7	11467	8	6618	9	3306	10	1487	11	584	12	205	13	73	14	24	15	4	16	1	18	1
860	1	1706	2	6028	3	12664	4	17991	5	19692	6	16836	7	11816	8	7046	9	3565	10	1654	11	637	12	231	13	86	14	29	15	17	16	1	17	1
861	1	1438	2	5527	3	11802	4	17543	5	19518	6	17411	7	12347	8	7495	9	3977	10	1750	11	779	12	279	13	92	14	26	15	12	16	3	17	1
862	1	1285	2	5223	3	11253	4	16869	5	19374	6	17582	7	12970	8	7936	9	4189	10	1968	11	854	12	332	13	118	14	35	15	8	16	2	17	1	19	1
863	1	1093	2	4464	3	10142	4	15986	5	19030	6	17941	7	13691	8	8767	9	4817	10	2391	11	1066	12	391	13	156	14	49	15	9	16	5	17	2
864	1	1062	2	4418	3	10175	4	16075	5	18780	6	17813	7	13777	8	8920	9	4955	10	2397	11	1038	12	410	13	128	14	31	15	17	16	4
865	1	874	2	3994	3	9399	4	15387	5	18727	6	17932	7	14262	8	9451	9	5369	10	2743	11	1133	12	455	13	188	14	57	15	22	16	3	17	3	19	1
866	1	852	2	3654	3	8848	4	14304	5	18099	6	17962	7	14874	8	10124	9	5973	10	2999	11	1389	12	573	13	230	14	79	15	28	16	8	17	2	18	1	20	1
867	1	713	2	3313	3	8247	4	14054	5	17910	6	18281	7	15057	8	10395	9	6201	10	3265	11	1541	12	657	13	240	14	88	15	23	16	10	17	3	18	2
868	1	635	2	3130	3	7639	4	13602	5	17685	6	18021	7	15239	8	10795	9	6756	10	3578	11	1762	12	723	13	266	14	116	15	39	16	10	17	4
869	1	560	2	2664	3	7176	4	12692	5	17235	6	18154	7	15831	8	11363	9	7149	10	3927	11	1901	12	813	13	351	14	117	15	49	16	13	17	5
870	1	540	2	2705	3	7118	4	12526	5	16937	6	18182	7	15912	8	11374	9	7292	10	3942	11	1994	12	910	13	344	14	147	15	54	16	15	17	5	18	3
871	1	432	2	2249	3	6447	4	11642	5	16234	6	18076	7	16183	8	12328	9	7923	10	4444	11	2291	12	1075	13	428	14	176	15	46	16	17	17	6	18	2	20	1
872	1	457	2	2071	3	5844	4	11152	5	15513	6	17528	7	16422	8	12896	9	8428	10	5056	11	2585	12	1191	13	524	14	221	15	74	16	28	17	8	18	2
873	1	360	2	1878	3	5467	4	10669	5	15171	6	17615	7	16623	8	13095	9	8948	10	5281	11	2728	12	1255	13	544	14	246	15	77	16	30	17	12	18	1
874	1	335	2	1735	3	5232	4	9885	5	14669	6	17252	7	16526	8	13333	9	9420	10	5744	11	3169	12	1507	13	716	14	317	15	108	16	37	17	8	18	7
875	1	246	2	1521	3	4608	4	9446	5	14241	6	17020	7	16955	8	13859	9	9987	10	6047	11	3201	12	1677	13	747	14	289	15	105	16	29	17	11	18	4	19	4	20	2	21	1
876	1	210	2	1316	3	4222	4	8616	5	13501	6	16613	7	16699	8	14410	9	10515	10	6740	11	3825	12	1885	13	836	14	370	15	148	16	65	17	18	18	6	19	4	20	1
877	1	168	2	1122	3	3552	4	7738	5	12363	6	16298	7	17040	8	14735	9	11221	10	7271	11	4373	12	2293	13	1062	14	450	15	196	16	70	17	30	18	11	19	6	20	1
878	1	166	2	958	3	3247	4	7165	5	11747	6	15431	7	16751	8	15228	9	11646	10	7969	11	4919	12	2576	13	1222	14	603	15	235	16	97	17	24	18	10	19	5	20	1
879	1	146	2	929	3	3046	4	6937	5	11627	6	15154	7	16827	8	15287	9	11955	10	8152	11	4959	12	2623	13	1299	14	622	15	269	16	106	17	42	18	13	19	4	20	2	22	1
880	1	138	2	838	3	2737	4	6347	5	10852	6	14774	7	16399	8	15686	9	12338	10	8663	11	5321	12	3042	13	1550	14	767	15	352	16	121	17	40	18	26	19	7	20	2
881	1	102	2	684	3	2532	4	5786	5	10280	6	14467	7	16349	8	15598	9	12840	10	9173	11	5834	12	3280	13	1678	14	800	15	354	16	160	17	55	18	18	19	9	20	1
882	1	112	2	709	3	2495	4	5842	5	10096	6	14010	7	15952	8	15458	9	12995	10	9398	11	6065	12	3413	13	1806	14	893	15	466	16	176	17	80	18	17	19	11	20	2	21	2	22	2
883	1	73	2	564	3	2039	4	5035	5	9301	6	13318	7	15918	8	15773	9	13531	10	9988	11	6677	12	3952	13	2034	14	961	15	483	16	214	17	80	18	37	19	10	20	8	21	3	22	1
884	1	73	2	539	3	1952	4	4643	5	8688	6	12636	7	15183	8	15854	9	13714	10	10562	11	7146	12	4333	13	2476	14	1231	15	566	16	233	17	103	18	45	19	15	20	6	21	2
885	1	51	2	404	3	1612	4	4153	5	8143	6	12277	7	15054	8	15779	9	14105	10	10835	11	7708	12	4737	13	2654	14	1346	15	667	16	281	17	124	18	49	19	15	20	5	23	1
886	1	51	2	445	3	1616	4	4071	5	7716	6	11465	7	14663	8	15411	9	14035	10	11576	11	8035	12	5115	13	2916	14	1510	15	800	16	323	17	151	18	66	19	27	20	5	21	1	23	2
887	1	52	2	293	3	1231	4	3432	5	7021	6	11031	7	14400	8	15388	9	14638	10	11897	11	8566	12	5523	13	3212	14	1747	15	878	16	392	17	165	18	89	19	31	20	8	21	3	22	1	23	1	24	1
888	1	36	2	292	3	1188	4	3138	5	6256	6	9914	7	13526	8	15237	9	14713	10	12459	11	9247	12	6217	13	3689	14	2152	15	1073	16	488	17	234	18	69	19	44	20	17	21	6	22	5
889	1	62	2	377	3	1366	4	3355	5	6803	6	10526	7	13603	8	15162	9	14561	10	11973	11	9077	12	5836	13	3559	14	1950	15	970	16	472	17	189	18	109	19	33	20	8	21	4	22	3	23	2
890	1	70	2	338	3	1190	4	3046	5	6163	6	9725	7	12926	8	15042	9	14635	10	12538	11	9492	12	6382	13	3981	14	2314	15	1160	16	560	17	260	18	96	19	59	20	15	21	5	23	1	24	1	25	1
891	1	35	2	266	3	926	4	2441	5	5473	6	8868	7	12457	8	14532	9	14754	10	12857	11	10309	12	7171	13	4546	14	2632	15	1496	16	652	17	330	18	147	19	60	20	30	21	13	22	3	23	2
892	1	51	2	263	3	1052	4	2629	5	5423	6	8700	7	12213	8	14311	9	14836	10	13118	11	10264	12	7189	13	4549	14	2644	15	1498	16	679	17	331	18	149	19	51	20	27	21	17	22	4	23	1	24	1
893	1	20	2	146	3	678	4	2012	5	4250	6	7674	7	11107	8	13998	9	14841	10	13729	11	11207	12	8175	13	5510	14	3162	15	1756	16	937	17	437	18	204	19	88	20	35	21	22	22	10	23	2
894	1	29	2	210	3	759	4	2090	5	4242	6	7407	7	10858	8	13478	9	14375	10	13521	11	11433	12	8427	13	5701	14	3532	15	1961	16	1037	17	534	18	234	19	93	20	42	21	21	22	11	23	2	24	1	25	2
895	1	17	2	124	3	525	4	1612	5	3849	6	6832	7	10425	8	13111	9	14599	10	14080	11	11712	12	8983	13	6052	14	3783	15	2153	16	1161	17	550	18	220	19	131	20	55	21	16	22	1	23	5	24	3	26	1
896	1	21	2	144	3	546	4	1502	5	3356	6	6181	7	9475	8	12367	9	14034	10	13817	11	12175	12	9566	13	6871	14	4376	15	2594	16	1503	17	775	18	376	19	182	20	83	21	36	22	15	23	2	24	3
897	1	15	2	105	3	392	4	1219	5	3046	6	5653	7	8944	8	12180	9	13898	10	14034	11	12536	12	9905	13	7330	14	4671	15	2826	16	1648	17	865	18	403	19	193	20	80	21	33	22	12	23	8	24	2	25	2
898	1	19	2	103	3	435	4	1267	5	2923	6	5304	7	8533	8	11613	9	13459	10	13995	11	12719	12	10332	13	7545	14	4978	15	3133	16	1781	17	972	18	484	19	215	20	114	21	40	22	16	23	13	24	4	25	1	26	1	28	1
899	1	11	2	59	3	258	4	893	5	2215	6	4638	7	7720	8	11002	9	13323	10	13914	11	13055	12	11189	13	8251	14	5663	15	3624	16	2051	17	1098	18	536	19	283	20	134	21	51	22	22	23	5	24	4	25	1
900	1	13	2	94	3	357	4	1062	5	2378	6	4544	7	7583	8	10436	9	12870	10	13927	11	12921	12	11048	13	8459	14	5815	15	3854	16	2252	17	1204	18	602	19	335	20	143	21	50	22	33	23	13	24	2	25	4	26	1
901	1	5	2	32	3	197	4	704	5	1757	6	3696	7	6629	8	9680	9	12324	10	13617	11	13525	12	11846	13	9423	14	6554	15	4415	16	2614	17	1469	18	763	19	396	20	217	21	77	22	28	23	20	24	5	25	4	28	1	29	1	32	1
902	1	10	2	59	3	241	4	620	5	1669	6	3479	7	6087	8	8977	9	11682	10	13305	11	13223	12	12073	13	9775	14	7292	15	4847	16	3088	17	1725	18	944	19	486	20	238	21	100	22	48	23	24	25	4	26	3	28	1
903	1	1	2	23	3	144	4	524	5	1402	6	3241	7	5669	8	8499	9	11564	10	13093	11	13491	12	12314	13	10073	14	7547	15	5143	16	3291	17	1906	18	1049	19	511	20	298	21	114	22	50	23	29	24	12	25	7	26	2	27	3
904	1	7	2	38	3	174	4	592	5	1452	6	2984	7	5501	8	8242	9	10706	10	12688	11	13295	12	12140	13	10350	14	7905	15	5724	16	3620	17	2130	18	1202	19	616	20	361	21	138	22	80	23	31	24	10	25	10	27	3	28	1
905	1	1	2	17	3	86	4	328	5	954	6	2197	7	4562	8	7225	9	10335	10	12431	11	13457	12	12855	13	11124	14	8682	15	6181	16	4109	17	2490	18	1434	19	816	20	398	21	172	22	83	23	33	24	16	25	8	26	4	28	1	30	1
906	1	2	2	31	3	125	4	381	5	1127	6	2306	7	4246	8	6849	9	9532	10	11946	11	12928	12	12796	13	11430	14	9075	15	6557	16	4474	17	2711	18	1683	19	905	20	446	21	265	22	96	23	49	24	23	25	12	26	2	27	3
907	1	1	2	7	3	69	4	263	5	755	6	1813	7	3659	8	6324	9	9031	10	11576	11	12849	12	12912	13	11794	14	9452	15	7218	16	4926	17	3189	18	1969	19	1097	20	559	21	287	22	138	23	66	24	22	25	10	26	10	27	2	28	1	29	1
908	1	2	2	22	3	86	4	270	5	676	6	1591	7	3194	8	5306	9	8028	10	10705	11	12450	12	12792	13	11788	14	10394	15	7987	16	5583	17	3859	18	2452	19	1341	20	761	21	389	22	184	23	72	24	43	25	13	26	5	27	1	28	2	29	2	30	1	31	1
909	2	9	3	37	4	168	5	554	6	1302	7	2846	8	5008	9	7499	10	10386	11	11977	12	12780	13	12294	14	10463	15	8567	16	5994	17	4184	18	2667	19	1503	20	887	21	437	22	239	23	112	24	50	25	27	26	5	27	3	28	2
910	2	15	3	104	4	272	5	745	6	1618	7	3060	8	5135	9	7703	10	10196	11	11771	12	12718	13	11784	14	10357	15	8197	16	5997	17	4232	18	2754	19	1536	20	877	21	470	22	253	23	113	24	57	25	18	26	12	27	3	28	2	31	1
911	1	1	2	9	3	40	4	175	5	564	6	1228	7	2735	8	4752	9	7345	10	9745	11	11766	12	12613	13	12387	14	10793	15	8630	16	6429	17	4360	18	2874	19	1638	20	942	21	493	22	241	23	112	24	74	25	30	26	16	27	3	28	5
912	1	6	2	18	3	66	4	183	5	530	6	1167	7	2345	8	4061	9	6275	10	8752	11	11007	12	12252	13	12106	14	11183	15	9333	16	7356	17	5251	18	3460	19	2061	20	1211	21	675	22	346	23	183	24	85	25	46	26	25	27	10	28	3	29	4
913	1	1	2	5	3	31	4	84	5	295	6	868	7	1961	8	3549	9	5810	10	8147	11	10785	12	11994	13	12211	14	11500	15	9824	16	7928	17	5656	18	3872	19	2389	20	1414	21	808	22	430	23	232	24	101	25	53	26	23	27	16	28	5	29	3	30	2	32	2	33	1
914	1	2	2	6	3	48	4	157	5	396	6	946	7	1976	8	3479	9	5535	10	7850	11	10012	12	11652	13	12183	14	11712	15	10042	16	7934	17	5859	18	4093	19	2678	20	1571	21	923	22	467	23	239	24	134	25	50	26	31	27	10	28	9	29	4	31	1	32	1
915	1	1	2	4	3	21	4	69	5	206	6	649	7	1434	8	2836	9	4803	10	7360	11	9624	12	11342	13	12244	14	12065	15	10798	16	8568	17	6378	18	4521	19	3038	20	1825	21	1018	22	587	23	323	24	147	25	74	26	36	27	17	28	7	29	2	30	2	33	1
916	2	8	3	47	4	114	5	308	6	714	7	1523	8	2750	9	4553	10	6681	11	9068	12	10767	13	11778	14	11784	15	10716	16	8888	17	6975	18	4965	19	3300	20	2215	21	1312	22	724	23	402	24	208	25	106	26	53	27	24	28	8	29	7	30	1	36	1
917	2	1	3	5	4	51	5	156	6	446	7	1077	8	2197	9	3876	10	5925	11	8310	12	10520	13	11772	14	12023	15	11177	16	9564	17	7749	18	5576	19	3897	20	2376	21	1424	22	882	23	493	24	251	25	127	26	72	27	37	28	9	29	6	30	1
918	2	5	3	18	4	63	5	212	6	474	7	995	8	2025	9	3350	10	5340	11	7516	12	9829	13	11163	14	11796	15	11346	16	10153	17	8195	18	6093	19	4407	20	2825	21	1818	22	1104	23	612	24	326	25	166	26	104	27	32	28	19	29	9	30	3	31	1	32	1
919	2	1	3	5	4	28	5	104	6	296	7	774	8	1631	9	3081	10	4957	11	7468	12	9367	13	11201	14	11716	15	11660	16	10401	17	8477	18	6463	19	4683	20	3083	21	2034	22	1143	23	660	24	373	25	206	26	107	27	43	28	22	29	8	30	6	31	2
920	1	1	2	4	3	33	4	72	5	174	6	405	7	819	8	1596	9	2794	10	4582	11	6631	12	8651	13	10574	14	11440	15	11387	16	10457	17	9092	18	7046	19	5122	20	3579	21	2373	22	1351	23	854	24	496	25	221	26	124	27	65	28	31	29	14	30	8	31	3	33	1
921	3	3	4	17	5	38	6	165	7	483	8	1075	9	2111	10	3879	11	5925	12	8197	13	10079	14	11398	15	11708	16	10905	17	9717	18	7861	19	5807	20	4086	21	2706	22	1727	23	932	24	566	25	323	26	149	27	70	28	41	29	19	30	9	31	2	32	1	34	1
922	2	1	3	14	4	32	5	118	6	284	7	551	8	1071	9	2005	10	3386	11	5108	12	7414	13	9369	14	10854	15	11600	16	11012	17	10037	18	8131	19	6377	20	4561	21	3274	22	1986	23	1205	24	773	25	377	26	227	27	109	28	67	29	35	30	11	31	7	32	3	33	1
923	3	1	4	5	5	40	6	99	7	361	8	824	9	1639	10	2908	11	4670	12	6850	13	9127	14	10707	15	11482	16	11418	17	10276	18	8606	19	6870	20	5031	21	3487	22	2331	23	1399	24	848	25	505	26	258	27	142	28	69	29	31	30	7	31	6	33	3
924	2	2	3	11	4	27	5	102	6	257	7	490	8	1032	9	1825	10	3054	11	4724	12	6919	13	8915	14	10548	15	11202	16	11288	17	10175	18	8619	19	6835	20	4970	21	3551	22	2324	23	1357	24	795	25	451	26	264	27	136	28	58	29	34	30	23	31	6	32	3	34	1	35	1	36	1
925	4	5	5	26	6	87	7	251	8	604	9	1220	10	2471	11	4034	12	5988	13	8239	14	10028	15	11224	16	11410	17	10631	18	9341	19	7727	20	5693	21	4074	22	2699	23	1839	24	1107	25	628	26	316	27	179	28	89	29	39	30	26	31	12	32	7	33	5	34	1
926	3	11	4	20	5	69	6	151	7	325	8	586	9	1252	10	2185	11	3431	12	5165	13	7063	14	8970	15	10460	16	11113	17	11010	18	9988	19	8164	20	6566	21	4862	22	3374	23	2187	24	1293	25	793	26	459	27	234	28	135	29	70	30	30	31	23	32	4	33	5	34	2
927	4	6	5	12	6	71	7	133	8	400	9	938	10	1853	11	3177	12	5097	13	6873	14	8994	15	10444	16	11086	17	11151	18	9949	19	8574	20	6888	21	5175	22	3531	23	2272	24	1453	25	833	26	517	27	279	28	147	29	72	30	36	31	22	32	11	33	3	34	2	35	1
928	1	1	2	5	3	7	4	17	5	50	6	128	7	232	8	482	9	895	10	1654	11	2736	12	4147	13	6054	14	7954	15	9484	16	10767	17	11134	18	10402	19	8981	20	7638	21	5743	22	4116	23	2947	24	1835	25	1139	26	641	27	366	28	217	29	106	30	62	31	35	32	15	33	5	34	3	35	1	44	1
929	5	9	6	33	7	97	8	233	9	591	10	1271	11	2436	12	3880	13	5717	14	7641	15	9374	16	10508	17	10951	18	10633	19	9557	20	7762	21	6251	22	4726	23	3191	24	2157	25	1267	26	755	27	432	28	246	29	145	30	71	31	32	32	17	33	11	34	3	35	1	36	1	37	1
930	2	1	3	2	4	13	5	41	6	82	7	191	8	388	9	716	10	1223	11	2105	12	3300	13	5050	14	6870	15	8504	16	10049	17	10672	18	10767	19	9955	20	8435	21	6781	22	5102	23	3626	24	2446	25	1535	26	975	27	512	28	306	29	160	30	94	31	52	32	23	33	13	34	3	35	5	36	1	37	2
931	5	3	6	9	7	71	8	166	9	393	10	837	11	1651	12	2805	13	4371	14	6196	15	7968	16	9729	17	10915	18	10724	19	10301	20	9096	21	7355	22	5719	23	4096	24	2862	25	1945	26	1193	27	720	28	402	29	219	30	137	31	52	32	29	33	17	34	11	35	3	36	3	37	2
932	3	4	4	15	5	29	6	59	7	128	8	223	9	497	10	902	11	1511	12	2563	13	3939	14	5527	15	7370	16	9034	17	10001	18	10538	19	10328	20	9415	21	7840	22	6479	23	4553	24	3372	25	2172	26	1460	27	906	28	515	29	271	30	168	31	90	32	47	33	23	34	9	35	7	36	1	37	2	38	1	41	1
933	5	3	6	8	7	25	8	82	9	226	10	540	11	1062	12	2063	13	3428	14	4896	15	7019	16	8690	17	10041	18	10710	19	10592	20	9689	21	8323	22	6806	23	5229	24	3699	25	2559	26	1711	27	1128	28	661	29	390	30	190	31	108	32	64	33	24	34	19	35	8	36	3	37	2	38	1	40	1
934	3	4	4	7	5	22	6	45	7	122	8	230	9	411	10	713	11	1223	12	2066	13	3292	14	4785	15	6630	16	8348	17	9548	18	10485	19	10547	20	9661	21	8429	22	6951	23	5398	24	3808	25	2795	26	1819	27	1095	28	700	29	393	30	235	31	104	32	61	33	30	34	23	35	10	36	5	38	4	40	1
935	4	1	5	1	6	9	7	22	8	63	9	163	10	377	11	887	12	1596	13	2689	14	4109	15	5902	16	7700	17	8985	18	10487	19	10479	20	10062	21	9097	22	7782	23	6090	24	4505	25	3254	26	2190	27	1451	28	861	29	562	30	317	31	165	32	82	33	64	34	23	35	10	36	9	37	2	38	3	40	1
936	2	1	3	3	4	8	5	31	6	49	7	115	8	203	9	327	10	580	11	966	12	1583	13	2602	14	3900	15	5570	16	7231	17	8828	18	9775	19	10186	20	10296	21	9229	22	7858	23	6187	24	4880	25	3416	26	2414	27	1497	28	941	29	597	30	315	31	187	32	109	33	64	34	26	35	17	36	3	37	3	38	1	39	2
937	5	1	6	4	7	10	8	40	9	111	10	261	11	555	12	1064	13	1986	14	3190	15	4736	16	6600	17	8235	18	9692	19	10505	20	10297	21	9806	22	8580	23	7141	24	5408	25	4114	26	2872	27	1894	28	1205	29	750	30	462	31	225	32	112	33	74	34	45	35	13	36	5	37	5	38	1	43	1
938	3	1	4	2	5	7	6	27	7	69	8	110	9	197	10	340	11	596	12	953	13	1661	14	2547	15	4005	16	5689	17	7331	18	8828	19	9989	20	10181	21	9830	22	9203	23	7781	24	6174	25	4719	26	3441	27	2350	28	1586	29	979	30	593	31	384	32	196	33	104	34	62	35	27	36	18	37	16	38	2	39	1	40	1
939	6	3	7	11	8	20	9	54	10	163	11	355	12	753	13	1373	14	2391	15	3606	16	5196	17	7052	18	8623	19	9844	20	10284	21	10066	22	9438	23	8008	24	6705	25	5143	26	3659	27	2710	28	1844	29	1127	30	647	31	419	32	205	33	134	34	88	35	43	36	14	37	11	38	8	39	2	40	1
940	3	3	4	6	5	9	6	34	7	50	8	98	9	166	10	275	11	499	12	798	13	1189	14	1991	15	3062	16	4398	17	6187	18	7707	19	9025	20	9705	21	10034	22	9789	23	8612	24	7193	25	5720	26	4393	27	3193	28	2209	29	1378	30	934	31	583	32	347	33	199	34	101	35	50	36	26	37	12	38	11	39	6	40	3	41	1	42	2	43	1	44	1
941	6	1	7	2	8	9	9	33	10	77	11	194	12	445	13	848	14	1528	15	2487	16	3965	17	5417	18	7128	19	8781	20	9563	21	10108	22	9974	23	9163	24	7884	25	6548	26	4966	27	3681	28	2664	29	1767	30	1123	31	669	32	435	33	223	34	145	35	81	36	49	37	19	38	11	39	7	40	3	41	1	42	1
942	3	1	4	1	5	1	6	12	7	45	8	76	9	143	10	225	11	324	12	594	13	878	14	1471	15	2370	16	3671	17	5033	18	6671	19	8210	20	9246	21	9807	22	9900	23	9308	24	8229	25	6741	26	5328	27	3882	28	2802	29	1948	30	1242	31	775	32	447	33	285	34	140	35	93	36	51	37	24	38	13	39	7	40	3	41	2	43	1
943	7	1	8	3	9	17	10	44	11	143	12	293	13	620	14	1029	15	1921	16	3149	17	4416	18	5981	19	7644	20	9026	21	9767	22	10166	23	9609	24	8612	25	7324	26	5925	27	4683	28	3412	29	2330	30	1474	31	969	32	621	33	368	34	213	35	114	36	60	37	30	38	22	39	5	40	8	41	1
944	2	1	3	1	4	1	5	3	6	23	7	38	8	60	9	112	10	199	11	275	12	404	13	680	14	1069	15	1689	16	2644	17	3820	18	5330	19	6955	20	8219	21	9123	22	9595	23	9621	24	9107	25	7805	26	6583	27	5073	28	3816	29	2699	30	1866	31	1295	32	810	33	460	34	275	35	180	36	67	37	50	38	25	39	13	40	10	41	2	44	1	46	1
945	8	2	9	14	10	17	11	64	12	184	13	350	14	703	15	1277	16	2247	17	3410	18	4815	19	6494	20	7828	21	8986	22	9600	23	9836	24	9333	25	8199	26	6974	27	5840	28	4526	29	3213	30	2232	31	1470	32	935	33	602	34	369	35	217	36	129	37	63	38	38	39	14	40	11	41	2	42	1	43	4	44	1
946	6	13	7	12	8	53	9	69	10	129	11	220	12	279	13	457	14	721	15	1079	16	1801	17	2803	18	3994	19	5567	20	7105	21	8435	22	9327	23	9561	24	9530	25	8804	26	7580	27	6207	28	4997	29	3793	30	2639	31	1794	32	1169	33	760	34	481	35	248	36	162	37	102	38	58	39	26	40	13	41	7	42	3	43	2
947	8	1	9	5	10	11	11	36	12	95	13	227	14	465	15	950	16	1477	17	2536	18	3727	19	5277	20	6628	21	8077	22	9055	23	9694	24	9896	25	9064	26	7980	27	6548	28	5400	29	4113	30	3005	31	2032	32	1496	33	883	34	560	35	344	36	195	37	97	38	57	39	40	40	13	41	6	42	2	43	5	44	1	45	1	47	1
948	4	3	5	4	6	6	7	21	8	45	9	74	10	117	11	165	12	305	13	381	14	605	15	890	16	1482	17	2285	18	3323	19	4688	20	6326	21	7578	22	8749	23	9333	24	9663	25	9102	26	8309	27	7112	28	5695	29	4271	30	3158	31	2251	32	1522	33	988	34	652	35	395	36	206	37	129	38	84	39	43	40	16	41	8	42	2	43	7	44	4	45	1	47	1	48	1
949	9	2	10	5	11	18	12	44	13	101	14	255	15	523	16	963	17	1640	18	2634	19	3765	20	5305	21	6857	22	8441	23	9292	24	9628	25	9476	26	8803	27	7825	28	6563	29	5277	30	3991	31	2964	32	2059	33	1367	34	888	35	538	36	321	37	202	38	124	39	58	40	43	41	14	42	3	43	5	44	2	45	2	46	2
950	5	2	6	3	7	7	8	21	9	56	10	87	11	141	12	195	13	268	14	361	15	569	16	864	17	1376	18	2215	19	3353	20	4639	21	6137	22	7590	23	8690	24	9386	25	9548	26	9033	27	8262	28	6912	29	5649	30	4556	31	3341	32	2316	33	1665	34	1103	35	663	36	414	37	237	38	157	39	81	40	42	41	30	42	16	43	8	44	3	45	1	46	3
951	9	2	10	3	11	9	12	33	13	67	14	148	15	318	16	649	17	1160	18	1849	19	2934	20	4111	21	5551	22	7149	23	8182	24	9252	25	9520	26	9249	27	8618	28	7695	29	6445	30	5065	31	3868	32	2777	33	1903	34	1302	35	882	36	490	37	328	38	183	39	131	40	61	41	31	42	17	43	15	44	1	45	1	48	1
952	3	2	4	3	5	1	6	8	7	11	8	35	9	43	10	80	11	109	12	183	13	228	14	299	15	412	16	619	17	1012	18	1623	19	2545	20	3543	21	4990	22	6194	23	7548	24	8717	25	9346	26	9477	27	8756	28	7958	29	6782	30	5505	31	4267	32	3186	33	2339	34	1523	35	1005	36	631	37	446	38	243	39	127	40	98	41	58	42	23	43	10	44	8	45	6	46	1
953	11	5	12	15	13	33	14	77	15	178	16	354	17	681	18	1167	19	1981	20	2977	21	4289	22	5502	23	7042	24	8269	25	9126	26	9520	27	9403	28	8496	29	7614	30	6247	31	4971	32	3910	33	2761	34	1899	35	1324	36	836	37	552	38	344	39	162	40	117	41	65	42	42	43	19	44	12	45	8	46	1	48	1
954	6	1	7	2	8	9	9	23	10	54	11	81	12	143	13	203	14	239	15	325	16	409	17	662	18	938	19	1561	20	2440	21	3538	22	4884	23	6389	24	7612	25	8681	26	9217	27	9353	28	8781	29	7967	30	6849	31	5501	32	4302	33	3267	34	2256	35	1529	36	1075	37	675	38	426	39	248	40	148	41	102	42	51	43	35	44	11	45	6	46	5	47	2
955	10	1	11	2	12	5	13	12	14	47	15	80	16	212	17	414	18	755	19	1293	20	2004	21	3045	22	4303	23	5690	24	7020	25	8152	26	9130	27	9443	28	9176	29	8541	30	7535	31	6214	32	4972	33	3748	34	2744	35	1919	36	1293	37	873	38	548	39	364	40	202	41	108	42	77	43	37	44	19	45	12	46	4	47	4	48	2
956	2	1	3	1	5	2	6	2	7	12	8	15	9	31	10	35	11	78	12	98	13	152	14	201	15	234	16	384	17	492	18	675	19	1095	20	1721	21	2611	22	3591	23	4974	24	6219	25	7295	26	8235	27	8956	28	9153	29	8679	30	7926	31	6681	32	5562	33	4383	34	3363	35	2492	36	1685	37	1160	38	708	39	448	40	260	41	170	42	99	43	59	44	26	45	23	46	8	47	3	48	1	50	1
957	10	1	11	4	12	4	13	14	14	23	15	64	16	119	17	285	18	533	19	913	20	1463	21	2233	22	3452	23	4573	24	5856	25	7330	26	8310	27	8868	28	9102	29	8804	30	8206	31	7285	32	5912	33	4813	34	3625	35	2718	36	1901	37	1381	38	846	39	549	40	331	41	207	42	105	43	81	44	35	45	28	46	11	47	10	48	1	49	1	50	2	51	1
958	6	1	7	3	8	9	9	11	10	20	11	51	12	85	13	124	14	186	15	218	16	250	17	310	18	444	19	655	20	1084	21	1655	22	2612	23	3631	24	4930	25	6148	26	7347	27	8350	28	9180	29	8993	30	8729	31	7844	32	6721	33	5472	34	4316	35	3342	36	2404	37	1797	38	1161	39	774	40	452	41	280	42	164	43	96	44	75	45	30	46	20	47	13	48	6	49	4	50	3
959	11	1	13	2	14	11	15	28	16	64	17	145	18	280	19	551	20	862	21	1483	22	2376	23	3202	24	4609	25	5764	26	7019	27	8142	28	8711	29	8983	30	8750	31	8306	32	7220	33	6151	34	4803	35	3720	36	2850	37	2037	38	1425	39	968	40	574	41	398	42	238	43	155	44	74	45	47	46	20	47	12	48	10	49	7	50	2
960	5	3	6	3	8	9	9	13	10	27	11	28	12	80	13	100	14	156	15	177	16	192	17	276	18	401	19	462	20	736	21	1125	22	1766	23	2639	24	3599	25	4852	26	5985	27	7202	28	8305	29	8835	30	8952	31	8511	32	7667	33	6687	34	5612	35	4557	36	3423	37	2502	38	1782	39	1192	40	844	41	522	42	342	43	176	44	114	45	61	46	37	47	19	48	14	49	7	51	4	52	1	53	3
961	12	1	14	5	15	20	16	35	17	78	18	134	19	253	20	493	21	827	22	1407	23	2265	24	3195	25	4332	26	5568	27	6772	28	7931	29	8753	30	9033	31	8813	32	8200	33	7292	34	6234	35	5022	36	3822	37	3073	38	2190	39	1484	40	1012	41	692	42	402	43	268	44	157	45	105	46	63	47	30	48	17	49	8	50	5	51	5	52	2	53	1	54	1
962	7	2	8	2	9	4	10	13	11	36	12	76	13	76	14	131	15	184	16	188	17	243	18	272	19	320	20	490	21	646	22	1099	23	1707	24	2652	25	3789	26	4956	27	6137	28	7484	29	8299	30	8812	31	8791	32	8392	33	7668	34	6666	35	5519	36	4236	37	3397	38	2587	39	1759	40	1227	41	804	42	515	43	320	44	215	45	116	46	75	47	41	48	26	49	8	50	9	51	7	52	1	53	2	54	1
963	14	3	15	16	16	20	17	41	18	93	19	194	20	328	21	578	22	883	23	1587	24	2364	25	3337	26	4520	27	5729	28	6828	29	8040	30	8575	31	8980	32	8600	33	8084	34	7074	35	6090	36	5051	37	3822	38	2894	39	2070	40	1479	41	1004	42	645	43	411	44	279	45	151	46	98	47	58	48	31	49	23	50	9	51	7	52	2	53	1	54	1
964	5	2	6	1	7	3	8	5	9	8	10	11	11	29	12	42	13	65	14	101	15	131	16	175	17	220	18	231	19	305	20	357	21	536	22	786	23	1205	24	1762	25	2630	26	3555	27	4628	28	5995	29	7186	30	7944	31	8541	32	8530	33	8448	34	7764	35	6728	36	5571	37	4586	38	3563	39	2643	40	1889	41	1327	42	959	43	567	44	385	45	224	46	146	47	90	48	62	49	28	50	14	51	5	52	7	53	6	54	2	55	1	57	1
965	14	2	15	9	16	4	17	16	18	41	19	89	20	162	21	337	22	566	23	876	24	1524	25	2137	26	3079	27	4293	28	5538	29	6532	30	7575	31	8377	32	8717	33	8619	34	8029	35	7259	36	6314	37	5231	38	4176	39	3294	40	2363	41	1670	42	1127	43	751	44	508	45	311	46	193	47	132	48	54	49	42	50	23	51	12	52	9	53	5	54	3	55	1
966	7	1	8	1	9	2	10	11	11	14	12	33	13	64	14	73	15	112	16	151	17	191	18	204	19	213	20	264	21	290	22	372	23	683	24	1051	25	1710	26	2457	27	3530	28	4769	29	6016	30	7119	31	8010	32	8542	33	8559	34	8259	35	7677	36	6732	37	5746	38	4721	39	3627	40	2716	41	1947	42	1459	43	985	44	647	45	411	46	261	47	154	48	94	49	55	50	32	51	19	52	5	53	6	54	1	55	2	56	1	59	1
967	14	1	15	4	16	1	17	18	18	22	19	41	20	92	21	170	22	306	23	506	24	835	25	1348	26	1969	27	2973	28	3896	29	5144	30	6236	31	7476	32	8183	33	8693	34	8631	35	8142	36	7480	37	6498	38	5533	39	4352	40	3382	41	2540	42	1852	43	1261	44	897	45	576	46	355	47	234	48	156	49	70	50	53	51	31	52	22	53	11	54	8	55	2
968	5	1	7	3	8	2	9	9	10	10	11	18	12	29	13	26	14	64	15	108	16	141	17	169	18	225	19	233	20	272	21	306	22	370	23	544	24	788	25	1225	26	1862	27	2533	28	3397	29	4631	30	5748	31	6807	32	7628	33	8180	34	8486	35	8218	36	7826	37	6620	38	5774	39	4685	40	3720	41	2880	42	2099	43	1542	44	977	45	691	46	435	47	282	48	195	49	90	50	71	51	36	52	25	53	5	54	7	55	3	57	3	59	1
969	15	1	16	2	17	3	18	13	19	18	20	50	21	101	22	172	23	326	24	561	25	912	26	1369	27	2150	28	2933	29	4044	30	5071	31	6287	32	7220	33	8033	34	8510	35	8515	36	8209	37	7434	38	6370	39	5480	40	4384	41	3397	42	2640	43	1971	44	1280	45	951	46	580	47	413	48	244	49	147	50	74	51	57	52	36	53	17	54	13	55	5	56	5	57	1	58	1
970	8	1	9	1	10	1	11	3	12	16	13	28	14	44	15	72	16	105	17	132	18	150	19	190	20	202	21	201	22	211	23	259	24	328	25	539	26	846	27	1429	28	2191	29	3151	30	4134	31	5467	32	6543	33	7456	34	8239	35	8573	36	8411	37	7952	38	7059	39	6147	40	5240	41	4045	42	3137	43	2340	44	1696	45	1186	46	805	47	528	48	352	49	247	50	136	51	89	52	57	53	30	54	14	55	8	56	5	57	1	58	1	59	1	63	1
971	15	1	16	1	17	2	18	9	19	11	20	31	21	55	22	98	23	183	24	310	25	484	26	825	27	1325	28	1887	29	2684	30	3640	31	4800	32	5984	33	6962	34	7763	35	8280	36	8395	37	8102	38	7674	39	6666	40	5784	41	4769	42	3835	43	2850	44	2097	45	1506	46	1052	47	711	48	500	49	301	50	162	51	123	52	60	53	31	54	20	55	13	56	6	57	3	58	3	59	1	60	1
972	7	1	8	5	9	4	10	5	11	10	12	22	13	21	14	27	15	63	16	100	17	106	18	153	19	183	20	202	21	199	22	204	23	247	24	302	25	453	26	638	27	984	28	1458	29	2137	30	3086	31	4150	32	5081	33	6037	34	7270	35	7856	36	8290	37	8297	38	7746	39	7143	40	6304	41	5320	42	4278	43	3316	44	2524	45	1924	46	1314	47	885	48	621	49	394	50	268	51	138	52	96	53	64	54	29	55	20	56	8	57	6	58	6	59	3	60	2
973	19	3	20	9	21	17	22	40	23	72	24	142	25	251	26	435	27	697	28	1149	29	1690	30	2488	31	3346	32	4320	33	5629	34	6662	35	7583	36	8249	37	8476	38	8272	39	7747	40	6992	41	6035	42	5112	43	4051	44	3123	45	2403	46	1643	47	1156	48	817	49	489	50	351	51	217	52	132	53	73	54	52	55	31	56	19	57	9	58	5	59	8	60	3	61	2
974	10	3	11	5	12	8	13	10	14	27	15	49	16	76	17	95	18	136	19	142	20	154	21	198	22	188	23	151	24	175	25	214	26	305	27	451	28	725	29	1197	30	1804	31	2619	32	3601	33	4788	34	5724	35	6824	36	7411	37	8153	38	8297	39	8059	40	7574	41	6648	42	5844	43	4733	44	3708	45	2954	46	2218	47	1542	48	1123	49	748	50	497	51	302	52	202	53	147	54	70	55	52	56	26	57	7	58	4	59	7	60	3	62	1	63	1
975	17	2	18	3	19	5	20	4	21	18	22	33	23	62	24	100	25	160	26	265	27	417	28	706	29	1066	30	1675	31	2268	32	3247	33	4166	34	5322	35	6272	36	6982	37	7828	38	8138	39	8207	40	7926	41	7185	42	6182	43	5187	44	4470	45	3446	46	2575	47	1914	48	1413	49	949	50	661	51	430	52	275	53	180	54	98	55	65	56	41	57	22	58	20	59	6	60	4	61	2	62	2	66	1
976	5	1	7	1	8	1	9	2	10	7	11	6	12	8	13	17	14	18	15	20	16	49	17	81	18	98	19	140	20	163	21	174	22	202	23	198	24	188	25	244	26	281	27	399	28	566	29	818	30	1205	31	1752	32	2508	33	3346	34	4484	35	5366	36	6438	37	7127	38	7903	39	7982	40	7984	41	7439	42	6778	43	5935	44	5001	45	4011	46	3281	47	2398	48	1673	49	1243	50	872	51	599	52	389	53	238	54	131	55	96	56	52	57	29	58	28	59	9	60	7	61	2	62	8	63	2	64	1	66	1
977	18	1	19	3	20	2	21	8	22	11	23	28	24	57	25	95	26	159	27	249	28	426	29	658	30	946	31	1495	32	2078	33	2930	34	3853	35	4823	36	6025	37	6971	38	7558	39	7932	40	8174	41	7944	42	7243	43	6468	44	5641	45	4761	46	3777	47	2877	48	2164	49	1546	50	1041	51	722	52	510	53	317	54	217	55	130	56	68	57	37	58	23	59	19	60	8	61	2	62	1	63	1	64	1
978	8	1	11	1	12	5	13	8	14	6	15	22	16	43	17	58	18	97	19	109	20	147	21	146	22	193	23	167	24	176	25	162	26	165	27	183	28	234	29	343	30	555	31	882	32	1413	33	2079	34	2924	35	3905	36	4948	37	6023	38	6937	39	7765	40	8277	41	8043	42	8030	43	7107	44	6293	45	5451	46	4389	47	3520	48	2677	49	2067	50	1455	51	1022	52	717	53	408	54	307	55	198	56	127	57	93	58	43	59	33	60	24	61	10	62	5	63	3	64	2	65	1	66	1
979	20	1	21	5	22	5	23	16	24	26	25	45	26	77	27	122	28	205	29	312	30	518	31	761	32	1221	33	1675	34	2484	35	3194	36	4324	37	5350	38	6304	39	7124	40	7802	41	8067	42	8038	43	7916	44	6887	45	6009	46	5209	47	4407	48	3403	49	2547	50	1929	51	1344	52	932	53	656	54	388	55	270	56	169	57	103	58	69	59	35	60	22	61	12	62	5	63	7	64	2	65	1	66	2
980	7	2	8	1	9	1	10	4	11	7	12	2	13	7	14	6	15	18	16	18	17	39	18	39	19	70	20	115	21	133	22	163	23	185	24	208	25	184	26	199	27	226	28	228	29	299	30	404	31	617	32	1022	33	1302	34	1983	35	2717	36	3631	37	4471	38	5525	39	6448	40	7164	41	7697	42	7907	43	7954	44	7199	45	6565	46	5798	47	4854	48	3860	49	3078	50	2247	51	1720	52	1212	53	868	54	597	55	379	56	230	57	142	58	93	59	73	60	34	61	22	62	13	63	10	64	1	65	5	66	1	67	1	70	2
981	19	1	20	1	21	2	22	3	23	12	24	18	25	29	26	53	27	84	28	112	29	224	30	362	31	509	32	825	33	1139	34	1723	35	2300	36	3015	37	4135	38	4940	39	6095	40	6724	41	7434	42	7744	43	7849	44	7625	45	7236	46	6462	47	5445	48	4398	49	3683	50	2833	51	2151	52	1508	53	1145	54	750	55	554	56	326	57	211	58	139	59	82	60	52	61	23	62	18	63	9	64	9	65	3	66	1	67	1	68	3
982	11	1	13	1	14	3	15	9	16	20	17	38	18	45	19	50	20	83	21	128	22	159	23	189	24	181	25	191	26	158	27	145	28	113	29	127	30	182	31	201	32	362	33	619	34	910	35	1491	36	2169	37	2919	38	4042	39	5055	40	5998	41	6801	42	7564	43	8015	44	8021	45	7717	46	7056	47	6431	48	5364	49	4508	50	3438	51	2740	52	2030	53	1485	54	1091	55	749	56	501	57	328	58	222	59	146	60	84	61	50	62	28	63	14	64	16	65	5	66	6	68	1
983	21	3	22	2	23	2	24	8	25	17	26	28	27	44	28	71	29	132	30	221	31	302	32	457	33	666	34	957	35	1401	36	1965	37	2799	38	3594	39	4280	40	5332	41	6264	42	7151	43	7618	44	7848	45	7650	46	7402	47	6767	48	6050	49	5051	50	4088	51	3231	52	2480	53	1909	54	1384	55	954	56	657	57	450	58	280	59	182	60	110	61	75	62	45	63	32	64	17	65	13	66	7	67	2	68	2
984	5	1	8	2	9	4	10	4	11	4	12	8	13	5	14	10	15	10	16	15	17	21	18	43	19	52	20	74	21	101	22	128	23	179	24	165	25	175	26	169	27	128	28	168	29	166	30	192	31	257	32	409	33	463	34	685	35	1084	36	1498	37	2172	38	2791	39	3678	40	4597	41	5533	42	6566	43	7167	44	7481	45	7842	46	7497	47	7079	48	6484	49	5537	50	4664	51	3862	52	3031	53	2353	54	1697	55	1259	56	877	57	607	58	354	59	225	60	152	61	107	62	62	63	53	64	22	65	14	66	7	67	7	68	2	69	1
985	21	1	23	1	24	4	25	2	26	10	27	11	28	28	29	57	30	70	31	143	32	205	33	321	34	464	35	670	36	1000	37	1466	38	1979	39	2823	40	3673	41	4575	42	5510	43	6443	44	7222	45	7818	46	8083	47	7743	48	7323	49	6672	50	5764	51	4895	52	4005	53	3154	54	2408	55	1726	56	1259	57	853	58	601	59	383	60	237	61	138	62	101	63	52	64	50	65	29	66	8	67	10	68	5	69	4	70	1
986	12	1	13	1	14	4	15	3	16	10	17	10	18	24	19	38	20	57	21	77	22	108	23	126	24	167	25	171	26	164	27	150	28	138	29	135	30	106	31	90	32	86	33	159	34	269	35	431	36	669	37	1037	38	1552	39	2213	40	3026	41	3805	42	4889	43	5780	44	6691	45	7409	46	7819	47	7547	48	7693	49	7083	50	6417	51	5443	52	4604	53	3612	54	2846	55	2226	56	1561	57	1175	58	792	59	564	60	393	61	235	62	167	63	94	64	64	65	27	66	18	67	12	68	5	69	3	70	3	71	1
987	22	1	23	1	24	1	25	4	26	10	27	14	28	28	29	31	30	64	31	107	32	146	33	249	34	322	35	485	36	684	37	1020	38	1354	39	1877	40	2593	41	3329	42	4244	43	5108	44	5971	45	6705	46	7343	47	7685	48	7886	49	7253	50	6863	51	6156	52	5240	53	4379	54	3422	55	2716	56	2101	57	1432	58	1063	59	722	60	471	61	329	62	216	63	160	64	92	65	55	66	29	67	21	68	8	69	3	70	2	71	2	73	2	74	1
988	8	1	9	1	10	1	12	3	13	6	14	7	15	12	16	14	17	6	18	14	19	19	20	29	21	47	22	78	23	99	24	147	25	167	26	177	27	160	28	164	29	166	30	129	31	147	32	143	33	188	34	236	35	339	36	480	37	621	38	945	39	1394	40	1826	41	2530	42	3222	43	4251	44	5015	45	6079	46	6745	47	7198	48	7607	49	7653	50	7273	51	6634	52	5989	53	5129	54	4332	55	3329	56	2701	57	1931	58	1503	59	1035	60	731	61	454	62	326	63	234	64	133	65	77	66	49	67	25	68	24	69	9	70	7	71	2	72	1	73	2	74	3	77	1
989	22	1	24	2	25	1	26	3	27	11	28	7	29	28	30	45	31	46	32	84	33	122	34	194	35	282	36	391	37	571	38	765	39	1187	40	1587	41	2098	42	2757	43	3690	44	4444	45	5232	46	6215	47	6932	48	7431	49	7692	50	7541	51	7088	52	6527	53	5834	54	4967	55	4105	56	3319	57	2501	58	1932	59	1405	60	965	61	669	62	463	63	328	64	204	65	141	66	75	67	59	68	25	69	14	70	11	71	4	72	3	73	2
990	12	1	14	1	15	5	16	1	17	4	18	5	19	21	20	27	21	39	22	63	23	79	24	101	25	143	26	151	27	152	28	160	29	135	30	139	31	86	32	80	33	72	34	80	35	98	36	144	37	247	38	386	39	656	40	987	41	1430	42	2105	43	2798	44	3707	45	4548	46	5497	47	6381	48	7055	49	7349	50	7618	51	7575	52	7254	53	6460	54	5669	55	4891	56	3985	57	3196	58	2427	59	1832	60	1333	61	926	62	671	63	437	64	283	65	207	66	127	67	80	68	35	69	25	70	20	71	4	72	4	73	2	74	3	75	2	77	1
991	22	1	25	2	26	2	27	3	28	5	29	12	30	27	31	25	32	44	33	66	34	102	35	127	36	209	37	280	38	414	39	521	40	808	41	1119	42	1610	43	2155	44	2817	45	3817	46	4598	47	5505	48	6326	49	7139	50	7457	51	7638	52	7511	53	7056	54	6346	55	5805	56	4871	57	4021	58	3170	59	2314	60	1909	61	1339	62	960	63	670	64	439	65	294	66	192	67	112	68	69	69	30	70	23	71	19	72	11	73	4	74	4	75	1	80	1
992	9	1	10	1	11	4	12	4	13	8	14	5	15	5	16	9	17	14	18	15	19	15	20	13	21	35	22	40	23	66	24	74	25	103	26	127	27	155	28	157	29	158	30	159	31	161	32	130	33	136	34	139	35	175	36	202	37	241	38	344	39	468	40	609	41	876	42	1296	43	1723	44	2332	45	2977	46	3584	47	4541	48	5490	49	6233	50	6862	51	7205	52	7415	53	7359	54	6784	55	6327	56	5554	57	4668	58	3816	59	3004	60	2410	61	1846	62	1304	63	848	64	559	65	420	66	309	67	208	68	102	69	81	70	41	71	30	72	10	73	5	74	3	75	3	76	1	78	1
993	25	1	27	2	28	6	29	9	30	8	31	16	32	24	33	35	34	68	35	109	36	127	37	204	38	280	39	355	40	511	41	731	42	1045	43	1389	44	1886	45	2433	46	3142	47	4029	48	4856	49	5628	50	6457	51	6978	52	7381	53	7343	54	7161	55	6848	56	6291	57	5360	58	4571	59	3750	60	2913	61	2358	62	1771	63	1263	64	947	65	600	66	391	67	286	68	173	69	104	70	66	71	37	72	26	73	11	74	9	75	6	76	3	78	2
994	12	1	14	1	15	3	16	1	17	2	18	2	19	9	20	11	21	24	22	29	23	47	24	73	25	86	26	113	27	133	28	162	29	158	30	157	31	136	32	124	33	100	34	88	35	60	36	51	37	69	38	78	39	133	40	233	41	346	42	509	43	827	44	1239	45	1724	46	2312	47	3094	48	3939	49	4849	50	5741	51	6299	52	6934	53	7447	54	7615	55	7375	56	6928	57	6122	58	5400	59	4638	60	3739	61	3002	62	2305	63	1713	64	1182	65	906	66	642	67	418	68	258	69	152	70	91	71	54	72	43	73	30	74	15	75	15	76	5	77	4	78	1	79	2	81	1
995	25	1	26	1	27	1	28	3	29	4	30	7	31	8	32	13	33	30	34	36	35	52	36	105	37	132	38	184	39	221	40	305	41	458	42	619	43	786	44	1074	45	1471	46	1921	47	2647	48	3408	49	4068	50	4879	51	5570	52	6407	53	6986	54	7200	55	7265	56	7284	57	6672	58	6032	59	5369	60	4450	61	3682	62	3042	63	2208	64	1733	65	1191	66	862	67	567	68	380	69	251	70	177	71	90	72	57	73	42	74	26	75	6	76	8	77	4	78	3	80	1	82	1
996	10	1	11	1	14	7	15	9	16	5	17	6	18	5	19	4	20	9	21	8	22	26	23	35	24	42	25	73	26	78	27	139	28	131	29	157	30	158	31	169	32	173	33	144	34	122	35	115	36	110	37	103	38	108	39	158	40	228	41	318	42	427	43	529	44	786	45	1027	46	1477	47	1863	48	2425	49	3176	50	4014	51	4762	52	5650	53	6482	54	6961	55	7187	56	7273	57	6949	58	6651	59	5985	60	5293	61	4355	62	3651	63	2866	64	2218	65	1606	66	1214	67	831	68	583	69	386	70	266	71	180	72	120	73	58	74	38	75	31	76	17	77	9	78	7	79	1	80	2	81	1	83	1
997	26	1	30	2	31	4	32	5	33	8	34	19	35	28	36	56	37	55	38	105	39	140	40	154	41	258	42	309	43	451	44	596	45	819	46	1107	47	1524	48	1997	49	2692	50	3360	51	4198	52	4939	53	5881	54	6454	55	6941	56	7346	57	7368	58	6910	59	6713	60	6009	61	5195	62	4287	63	3639	64	2827	65	2224	66	1695	67	1188	68	856	69	552	70	364	71	293	72	162	73	108	74	64	75	48	76	24	77	12	78	4	79	4	80	3	81	1	82	1
998	16	1	17	1	18	4	19	7	20	6	21	12	22	22	23	18	24	25	25	50	26	87	27	99	28	108	29	128	30	148	31	151	32	158	33	134	34	115	35	97	36	92	37	65	38	43	39	49	40	45	41	78	42	135	43	227	44	308	45	452	46	717	47	988	48	1514	49	2022	50	2560	51	3337	52	4144	53	5102	54	5664	55	6441	56	7044	57	7233	58	7219	59	7049	60	6510	61	5952	62	5161	63	4344	64	3725	65	2875	66	2146	67	1671	68	1212	69	861	70	580	71	407	72	237	73	172	74	99	75	58	76	34	77	17	78	18	79	11	80	1	81	3	82	3	83	2	86	2
999	26	1	28	1	30	3	31	5	32	9	33	11	34	17	35	26	36	34	37	52	38	75	39	88	40	122	41	191	42	238	43	339	44	408	45	571	46	717	47	947	48	1338	49	1711	50	2151	51	2717	52	3485	53	4246	54	4896	55	5739	56	6424	57	6968	58	7082	59	7170	60	6957	61	6440	62	5803	63	5102	64	4374	65	3501	66	2767	67	2075	68	1637	69	1119	70	841	71	540	72	398	73	247	74	169	75	98	76	52	77	34	78	27	79	16	80	8	81	6	82	3	83	2	84	1	86	1
1000	7	1	8	1	9	1	11	1	12	1	13	5	14	2	15	2	16	3	17	4	18	4	19	7	20	9	21	8	22	16	23	18	24	28	25	38	26	58	27	68	28	98	29	97	30	139	31	152	32	194	33	170	34	141	35	129	36	108	37	114	38	92	39	107	40	120	41	143	42	182	43	245	44	330	45	422	46	553	47	749	48	896	49	1322	50	1661	51	2134	52	2737	53	3395	54	4056	55	5001	56	5639	57	6260	58	6805	59	7024	60	6960	61	6916	62	6325	63	5906	64	4951	65	4096	66	3408	67	2798	68	2047	69	1583	70	1156	71	795	72	572	73	372	74	245	75	144	76	78	77	61	78	34	79	30	80	12	81	4	82	2	83	6	84	6	85	1	89	1	92	1
