1	1	100000
2	1	100000
3	1	100000
4	1	100000
5	1	100000
6	1	100000
7	1	100000
8	1	100000
9	1	100000
10	1	100000
11	1	100000
12	1	100000
13	1	100000
14	1	100000
15	1	100000
16	1	100000
17	1	100000
18	1	100000
19	1	100000
20	1	100000
21	1	100000
22	1	100000
23	1	100000
24	1	100000
25	1	100000
26	1	100000
27	1	100000
28	1	100000
29	1	100000
30	1	100000
31	1	100000
32	1	100000
33	1	100000
34	1	100000
35	1	100000
36	1	100000
37	1	100000
38	1	100000
39	1	100000
40	1	100000
41	1	100000
42	1	100000
43	1	100000
44	1	100000
45	1	100000
46	1	100000
47	1	100000
48	1	100000
49	1	100000
50	1	100000
51	1	100000
52	1	100000
53	1	100000
54	1	100000
55	1	100000
56	1	100000
57	1	100000
58	1	100000
59	1	100000
60	1	100000
61	1	100000
62	1	100000
63	1	100000
64	1	100000
65	1	100000
66	1	100000
67	1	100000
68	1	100000
69	1	100000
70	1	100000
71	1	100000
72	1	100000
73	1	100000
74	1	100000
75	1	100000
76	1	100000
77	1	100000
78	1	100000
79	1	100000
80	1	100000
81	1	100000
82	1	100000
83	1	100000
84	1	100000
85	1	100000
86	1	100000
87	1	100000
88	1	100000
89	1	100000
90	1	100000
91	1	100000
92	1	100000
93	1	100000
94	1	100000
95	1	100000
96	1	100000
97	1	100000
98	1	100000
99	1	100000
100	1	100000
101	1	100000
102	1	100000
103	1	100000
104	1	100000
105	1	100000
106	1	100000
107	1	100000
108	1	100000
109	1	100000
110	1	100000
111	1	100000
112	1	100000
113	1	100000
114	1	100000
115	1	100000
116	1	100000
117	1	100000
118	1	100000
119	1	100000
120	1	100000
121	1	100000
122	1	100000
123	1	100000
124	1	100000
125	1	100000
126	1	100000
127	1	100000
128	1	100000
129	1	100000
130	1	100000
131	1	100000
132	1	100000
133	1	100000
134	1	100000
135	1	100000
136	1	100000
137	1	100000
138	1	100000
139	1	100000
140	1	100000
141	1	100000
142	1	100000
143	1	100000
144	1	100000
145	1	100000
146	1	100000
147	1	100000
148	1	100000
149	1	100000
150	1	100000
151	1	100000
152	1	100000
153	1	100000
154	1	100000
155	1	100000
156	1	100000
157	1	100000
158	1	100000
159	1	100000
160	1	100000
161	1	100000
162	1	100000
163	1	100000
164	1	100000
165	1	100000
166	1	100000
167	1	100000
168	1	100000
169	1	100000
170	1	100000
171	1	100000
172	1	100000
173	1	100000
174	1	100000
175	1	100000
176	1	100000
177	1	100000
178	1	100000
179	1	100000
180	1	100000
181	1	100000
182	1	100000
183	1	100000
184	1	100000
185	1	100000
186	1	100000
187	1	100000
188	1	100000
189	1	100000
190	1	100000
191	1	100000
192	1	100000
193	1	100000
194	1	100000
195	1	100000
196	1	100000
197	1	100000
198	1	100000
199	1	100000
200	1	100000
201	1	100000
202	1	100000
203	1	100000
204	1	100000
205	1	100000
206	1	100000
207	1	100000
208	1	100000
209	1	100000
210	1	100000
211	1	100000
212	1	100000
213	1	100000
214	1	100000
215	1	100000
216	1	100000
217	1	100000
218	1	100000
219	1	100000
220	1	100000
221	1	100000
222	1	100000
223	1	100000
224	1	100000
225	1	100000
226	1	100000
227	1	100000
228	1	100000
229	1	100000
230	1	100000
231	1	100000
232	1	100000
233	1	100000
234	1	100000
235	1	100000
236	1	100000
237	1	100000
238	1	100000
239	1	100000
240	1	100000
241	1	100000
242	1	100000
243	1	100000
244	1	100000
245	1	100000
246	1	100000
247	1	100000
248	1	100000
249	1	100000
250	1	100000
251	1	100000
252	1	100000
253	1	100000
254	1	100000
255	1	100000
256	1	100000
257	1	100000
258	1	100000
259	1	100000
260	1	100000
261	1	100000
262	1	100000
263	1	100000
264	1	100000
265	1	100000
266	1	100000
267	1	100000
268	1	100000
269	1	100000
270	1	100000
271	1	100000
272	1	100000
273	1	100000
274	1	100000
275	1	100000
276	1	100000
277	1	100000
278	1	100000
279	1	100000
280	1	100000
281	1	100000
282	1	100000
283	1	100000
284	1	100000
285	1	100000
286	1	100000
287	1	100000
288	1	100000
289	1	100000
290	1	100000
291	1	100000
292	1	100000
293	1	100000
294	1	100000
295	1	100000
296	1	100000
297	1	100000
298	1	100000
299	1	100000
300	1	100000
301	1	100000
302	1	100000
303	1	100000
304	1	100000
305	1	100000
306	1	100000
307	1	100000
308	1	100000
309	1	100000
310	1	100000
311	1	100000
312	1	100000
313	1	100000
314	1	100000
315	1	100000
316	1	100000
317	1	100000
318	1	100000
319	1	100000
320	1	99999	2	1
321	1	100000
322	1	100000
323	1	100000
324	1	100000
325	1	100000
326	1	100000
327	1	100000
328	1	100000
329	1	100000
330	1	100000
331	1	100000
332	1	100000
333	1	100000
334	1	100000
335	1	100000
336	1	100000
337	1	100000
338	1	100000
339	1	100000
340	1	100000
341	1	100000
342	1	100000
343	1	100000
344	1	100000
345	1	100000
346	1	100000
347	1	100000
348	1	100000
349	1	100000
350	1	100000
351	1	100000
352	1	100000
353	1	100000
354	1	100000
355	1	100000
356	1	100000
357	1	100000
358	1	100000
359	1	100000
360	1	100000
361	1	100000
362	1	100000
363	1	100000
364	1	100000
365	1	100000
366	1	100000
367	1	100000
368	1	100000
369	1	100000
370	1	100000
371	1	100000
372	1	100000
373	1	100000
374	1	100000
375	1	100000
376	1	100000
377	1	100000
378	1	100000
379	1	100000
380	1	100000
381	1	100000
382	1	100000
383	1	100000
384	1	100000
385	1	100000
386	1	100000
387	1	100000
388	1	100000
389	1	100000
390	1	100000
391	1	100000
392	1	100000
393	1	100000
394	1	100000
395	1	100000
396	1	100000
397	1	100000
398	1	100000
399	1	100000
400	1	100000
401	1	100000
402	1	100000
403	1	100000
404	1	100000
405	1	100000
406	1	100000
407	1	100000
408	1	100000
409	1	100000
410	1	100000
411	1	100000
412	1	100000
413	1	100000
414	1	100000
415	1	100000
416	1	100000
417	1	100000
418	1	100000
419	1	100000
420	1	100000
421	1	100000
422	1	100000
423	1	100000
424	1	100000
425	1	100000
426	1	100000
427	1	100000
428	1	100000
429	1	100000
430	1	100000
431	1	100000
432	1	100000
433	1	100000
434	1	100000
435	1	100000
436	1	100000
437	1	100000
438	1	100000
439	1	100000
440	1	100000
441	1	100000
442	1	100000
443	1	100000
444	1	100000
445	1	100000
446	1	100000
447	1	100000
448	1	100000
449	1	100000
450	1	100000
451	1	100000
452	1	100000
453	1	100000
454	1	100000
455	1	100000
456	1	100000
457	1	100000
458	1	100000
459	1	100000
460	1	100000
461	1	100000
462	1	100000
463	1	100000
464	1	100000
465	1	100000
466	1	100000
467	1	100000
468	1	100000
469	1	100000
470	1	99999	2	1
471	1	100000
472	1	100000
473	1	100000
474	1	100000
475	1	99999	2	1
476	1	100000
477	1	100000
478	1	100000
479	1	100000
480	1	100000
481	1	100000
482	1	100000
483	1	100000
484	1	100000
485	1	100000
486	1	100000
487	1	100000
488	1	100000
489	1	100000
490	1	99999	2	1
491	1	99999	2	1
492	1	100000
493	1	100000
494	1	100000
495	1	100000
496	1	100000
497	1	100000
498	1	100000
499	1	99998	2	2
500	1	100000
501	1	9294	2	90702	3	4
502	1	17853	2	82147
503	1	25419	2	74581
504	1	32406	2	67594
505	1	39125	2	60875
506	1	44716	2	55284
507	1	49698	2	50302
508	1	54583	2	45417
509	1	58632	2	41368
510	1	62426	2	37573	3	1
511	1	65848	2	34152
512	1	69468	2	30532
513	1	72328	2	27672
514	1	74736	2	25264
515	1	77043	2	22956	4	1
516	1	79508	2	20492
517	1	81489	2	18511
518	1	83099	2	16901
519	1	84593	2	15407
520	1	86100	2	13900
521	1	87430	2	12570
522	1	88551	2	11449
523	1	89690	2	10310
524	1	90504	2	9496
525	1	91491	2	8509
526	1	92284	2	7715	3	1
527	1	92932	2	7068
528	1	93673	2	6327
529	1	94368	2	5632
530	1	94764	2	5236
531	1	95255	2	4745
532	1	95793	2	4207
533	1	96111	2	3889
534	1	96596	2	3404
535	1	96823	2	3176	3	1
536	1	97243	2	2757
537	1	97415	2	2585
538	1	97682	2	2318
539	1	97871	2	2129
540	1	98118	2	1882
541	1	98272	2	1728
542	1	98442	2	1558
543	1	98505	2	1495
544	1	98632	2	1368
545	1	98831	2	1168	4	1
546	1	98931	2	1069
547	1	99083	2	917
548	1	99137	2	863
549	1	99226	2	774
550	1	99273	2	727
551	1	99340	2	660
552	1	99414	2	586
553	1	99462	2	538
554	1	99500	2	500
555	1	99560	2	440
556	1	99633	2	367
557	1	99671	2	329
558	1	99663	2	337
559	1	99722	2	278
560	1	99740	2	260
561	1	99768	2	232
562	1	99783	2	216	3	1
563	1	99804	2	196
564	1	99823	2	177
565	1	99852	2	148
566	1	99855	2	145
567	1	99887	2	113
568	1	99880	2	120
569	1	99882	2	118
570	1	99919	2	80	3	1
571	1	99907	2	93
572	1	99906	2	94
573	1	99899	2	101
574	1	99926	2	74
575	1	99922	2	78
576	1	99944	2	56
577	1	99938	2	62
578	1	99954	2	46
579	1	99955	2	45
580	1	99960	2	40
581	1	99960	2	40
582	1	99975	2	25
583	1	99973	2	27
584	1	99966	2	34
585	1	99977	2	23
586	1	99978	2	22
587	1	99971	2	29
588	1	99979	2	21
589	1	99982	2	18
590	1	99974	2	26
591	1	99982	2	17	3	1
592	1	99987	2	13
593	1	99985	2	15
594	1	99991	2	8	3	1
595	1	99979	2	21
596	1	99986	2	14
597	1	99993	2	7
598	1	99987	2	11	3	2
599	1	99980	2	20
600	1	99982	2	18
601	1	99984	2	16
602	1	99986	2	14
603	1	99985	2	15
604	1	99978	2	22
605	1	99978	2	22
606	1	99987	2	13
607	1	99987	2	13
608	1	99975	2	25
609	1	99982	2	18
610	1	99980	2	20
611	1	99988	2	12
612	1	99984	2	16
613	1	99984	2	16
614	1	99979	2	21
615	1	99984	2	16
616	1	99979	2	21
617	1	99989	2	10	3	1
618	1	99983	2	17
619	1	99973	2	27
620	1	99978	2	22
621	1	99980	2	19	3	1
622	1	99976	2	24
623	1	99982	2	17	3	1
624	1	99970	2	30
625	1	99976	2	24
626	1	99972	2	28
627	1	99971	2	29
628	1	99972	2	28
629	1	99970	2	30
630	1	99959	2	41
631	1	99973	2	27
632	1	99968	2	32
633	1	99961	2	39
634	1	99966	2	34
635	1	99964	2	36
636	1	99955	2	45
637	1	99958	2	42
638	1	99964	2	36
639	1	99945	2	54	3	1
640	1	99943	2	57
641	1	99959	2	41
642	1	99948	2	52
643	1	99941	2	59
644	1	99944	2	56
645	1	99952	2	48
646	1	99936	2	63	3	1
647	1	99934	2	65	3	1
648	1	99910	2	90
649	1	99937	2	63
650	1	99926	2	74
651	1	99917	2	83
652	1	99918	2	82
653	1	99903	2	97
654	1	99904	2	96
655	1	99901	2	99
656	1	99896	2	103	3	1
657	1	99900	2	100
658	1	99871	2	129
659	1	99885	2	115
660	1	99840	2	159	3	1
661	1	99877	2	123
662	1	99803	2	197
663	1	99820	2	180
664	1	99768	2	232
665	1	99781	2	219
666	1	99724	2	274	3	2
667	1	99889	2	111
668	1	99815	2	185
669	1	99891	2	108	3	1
670	1	99869	2	131
671	1	99843	2	154	3	3
672	1	99795	2	205
673	1	99829	2	170	3	1
674	1	99820	2	178	3	2
675	1	99833	2	167
676	1	99740	2	259	3	1
677	1	99824	2	176
678	1	99823	2	177
679	1	99806	2	194
680	1	99685	2	314	3	1
681	1	99797	2	203
682	1	99764	2	236
683	1	99774	2	226
684	1	99696	2	304
685	1	99752	2	246	3	2
686	1	99765	2	235
687	1	99741	2	258	3	1
688	1	99620	2	379	3	1
689	1	99706	2	294
690	1	99679	2	321
691	1	99704	2	296
692	1	99587	2	413
693	1	99682	2	318
694	1	99667	2	331	3	2
695	1	99576	2	424
696	1	99535	2	463	3	2
697	1	99578	2	421	3	1
698	1	99637	2	363
699	1	99587	2	411	3	2
700	1	99446	2	553	3	1
701	1	99562	2	437	3	1
702	1	99490	2	509	3	1
703	1	99512	2	487	3	1
704	1	99359	2	638	3	3
705	1	99446	2	551	3	3
706	1	99507	2	489	3	4
707	1	99464	2	535	3	1
708	1	99352	2	644	3	4
709	1	99378	2	621	3	1
710	1	99343	2	656	3	1
711	1	99341	2	657	3	2
712	1	99282	2	714	3	4
713	1	99341	2	655	3	4
714	1	99292	2	706	3	2
715	1	99199	2	799	3	2
716	1	99029	2	968	3	3
717	1	99159	2	839	3	2
718	1	99149	2	846	3	5
719	1	99166	2	832	3	2
720	1	98824	2	1168	3	8
721	1	99123	2	875	3	2
722	1	99019	2	974	3	7
723	1	99036	2	955	3	9
724	1	98918	2	1072	3	10
725	1	98785	2	1208	3	7
726	1	98817	2	1180	3	3
727	1	98728	2	1264	3	8
728	1	98709	2	1288	3	3
729	1	98805	2	1185	3	10
730	1	98796	2	1199	3	5
731	1	98708	2	1279	3	12	4	1
732	1	98524	2	1468	3	8
733	1	98742	2	1251	3	7
734	1	98560	2	1428	3	12
735	1	98429	2	1560	3	11
736	1	98294	2	1695	3	11
737	1	98502	2	1488	3	10
738	1	98358	2	1629	3	13
739	1	98266	2	1724	3	10
740	1	98022	2	1961	3	17
741	1	98195	2	1789	3	16
742	1	98131	2	1849	3	20
743	1	98082	2	1909	3	9
744	1	97943	2	2036	3	21
745	1	97734	2	2240	3	25	4	1
746	1	97793	2	2177	3	30
747	1	97714	2	2265	3	21
748	1	97553	2	2425	3	21	4	1
749	1	97474	2	2486	3	38	4	2
750	1	97516	2	2463	3	21
751	1	96228	2	3712	3	59	4	1
752	1	96100	2	3833	3	65	4	2
753	1	96077	2	3854	3	68	4	1
754	1	96183	2	3747	3	70
755	1	96038	2	3887	3	73	4	2
756	1	95988	2	3926	3	84	4	2
757	1	96295	2	3648	3	56	4	1
758	1	95967	2	3950	3	78	4	5
759	1	95692	2	4218	3	90
760	1	95627	2	4271	3	99	4	3
761	1	95716	2	4196	3	87	4	1
762	1	95829	2	4078	3	92	4	1
763	1	95447	2	4454	3	96	4	3
764	1	95379	2	4521	3	98	4	2
765	1	95378	2	4509	3	112	4	1
766	1	95063	2	4814	3	122	4	1
767	1	94955	2	4893	3	149	4	3
768	1	94509	2	5350	3	135	4	6
769	1	94557	2	5286	3	157
770	1	94960	2	4903	3	134	4	3
771	1	94699	2	5161	3	138	4	2
772	1	94578	2	5260	3	159	4	3
773	1	94217	2	5616	3	164	4	3
774	1	93979	2	5827	3	189	4	5
775	1	93803	2	5984	3	208	4	5
776	1	93891	2	5905	3	203	4	1
777	1	93470	2	6286	3	241	4	3
778	1	93473	2	6322	3	202	4	3
779	1	93323	2	6448	3	222	4	6	5	1
780	1	92619	2	7118	3	256	4	7
781	1	92794	2	6962	3	241	4	3
782	1	92159	2	7495	3	337	4	9
783	1	92325	2	7349	3	313	4	13
784	1	91759	2	7887	3	348	4	6
785	1	91873	2	7762	3	350	4	15
786	1	91276	2	8336	3	375	4	13
787	1	91347	2	8276	3	365	4	12
788	1	90896	2	8689	3	400	4	14	6	1
789	1	90951	2	8631	3	404	4	14
790	1	90151	2	9352	3	482	4	15
791	1	90184	2	9299	3	499	4	17	5	1
792	1	89369	2	10041	3	570	4	20
793	1	89445	2	9952	3	592	4	8	5	3
794	1	88496	2	10804	3	675	4	22	5	3
795	1	88445	2	10889	3	637	4	29
796	1	88108	2	11165	3	702	4	23	5	2
797	1	87472	2	11696	3	794	4	37	5	1
798	1	86644	2	12447	3	870	4	37	5	2
799	1	86844	2	12206	3	914	4	34	5	2
800	1	87459	2	11677	3	820	4	43	5	1
801	1	88160	2	11045	3	764	4	29	5	2
802	1	87828	2	11371	3	766	4	33	5	2
803	1	87380	2	11759	3	819	4	38	5	4
804	1	86990	2	12081	3	876	4	53
805	1	85694	2	13224	3	1031	4	48	5	3
806	1	85534	2	13319	3	1086	4	60	5	1
807	1	84767	2	13991	3	1184	4	57	5	1
808	1	84723	2	13961	3	1239	4	73	5	4
809	1	84560	2	14222	3	1150	4	66	5	2
810	1	83506	2	15065	3	1323	4	98	5	8
811	1	82883	2	15550	3	1467	4	94	5	6
812	1	82593	2	15803	3	1495	4	99	5	10
813	1	81661	2	16536	3	1697	4	104	5	2
814	1	81086	2	17121	3	1682	4	108	5	3
815	1	81100	2	16954	3	1816	4	125	5	5
816	1	79886	2	17974	3	1987	4	145	5	8
817	1	79629	2	18114	3	2082	4	166	5	9
818	1	78850	2	18794	3	2178	4	168	5	10
819	1	77809	2	19648	3	2332	4	202	5	8	6	1
820	1	77652	2	19698	3	2415	4	221	5	14
821	1	77082	2	20106	3	2565	4	232	5	15
822	1	76267	2	20765	3	2701	4	256	5	11
823	1	75233	2	21499	3	2962	4	290	5	15	6	1
824	1	75303	2	21476	3	2937	4	267	5	16	6	1
825	1	74607	2	21940	3	3157	4	274	5	21	6	1
826	1	74280	2	22110	3	3275	4	310	5	24	6	1
827	1	73067	2	23091	3	3456	4	360	5	22	6	4
828	1	72429	2	23521	3	3665	4	355	5	27	6	3
829	1	72010	2	23777	3	3772	4	396	5	39	6	6
830	1	70960	2	24399	3	4124	4	482	5	32	6	3
831	1	70146	2	25090	3	4255	4	459	5	45	6	5
832	1	69309	2	25470	3	4624	4	538	5	58	6	1
833	1	68561	2	26057	3	4732	4	587	5	59	6	4
834	1	66576	2	27278	3	5419	4	661	5	61	6	4	7	1
835	1	66397	2	27377	3	5419	4	726	5	77	6	4
836	1	64738	2	28385	3	5942	4	846	5	83	6	6
837	1	64756	2	28310	3	6056	4	804	5	68	6	6
838	1	63453	2	28923	3	6542	4	969	5	105	6	7	7	1
839	1	63621	2	28913	3	6435	4	918	5	104	6	9
840	1	61454	2	30310	3	7008	4	1100	5	123	6	5
841	1	61630	2	30007	3	7154	4	1071	5	122	6	15	7	1
842	1	58654	2	31686	3	8071	4	1402	5	167	6	17	7	3
843	1	60009	2	30958	3	7669	4	1202	5	146	6	15	7	1
844	1	58991	2	31508	3	7977	4	1331	5	166	6	21	7	6
845	1	57738	2	32077	3	8482	4	1501	5	187	6	11	7	3	8	1
846	1	56733	2	32394	3	8949	4	1674	5	232	6	17	7	1
847	1	55479	2	33055	3	9557	4	1618	5	272	6	18	7	1
848	1	53711	2	33603	3	10341	4	2017	5	295	6	30	7	3
849	1	53653	2	33950	3	10138	4	1965	5	263	6	27	7	4
850	1	52747	2	33862	3	10926	4	2095	5	330	6	37	7	3
851	1	50603	2	35135	3	11385	4	2436	5	397	6	42	7	2
852	1	49136	2	35454	3	12194	4	2699	5	458	6	58	7	1
853	1	49091	2	35329	3	12307	4	2736	5	474	6	55	7	7	9	1
854	1	47664	2	35924	3	12742	4	3107	5	492	6	68	7	2	8	1
855	1	45784	2	36322	3	13751	4	3472	5	579	6	82	7	9	8	1
856	1	44140	2	36641	3	14665	4	3732	5	709	6	96	7	16	8	1
857	1	43137	2	36783	3	15218	4	3983	5	754	6	108	7	15	8	1	9	1
858	1	48714	2	34755	3	12856	4	3059	5	541	6	67	7	8
859	1	45492	2	35464	3	14404	4	3802	5	714	6	104	7	16	8	4
860	1	44900	2	35788	3	14518	4	3939	5	734	6	113	7	7	8	1
861	1	42823	2	36578	3	15339	4	4291	5	819	6	141	7	8	8	1
862	1	41503	2	36480	3	16134	4	4645	5	1026	6	187	7	23	8	2
863	1	39457	2	36545	3	17213	4	5342	5	1203	6	206	7	28	8	6
864	1	39446	2	36968	3	16970	4	5171	5	1187	6	216	7	38	8	4
865	1	37892	2	37187	3	17843	4	5484	5	1311	6	236	7	35	8	9	9	3
866	1	36646	2	36755	3	18744	4	5999	5	1519	6	282	7	48	8	7
867	1	35444	2	37209	3	18943	4	6428	5	1615	6	310	7	46	8	5
868	1	33743	2	37196	3	19631	4	7139	5	1839	6	382	7	60	8	8	9	2
869	1	33058	2	36854	3	20447	4	7260	5	1902	6	411	7	62	8	6
870	1	32660	2	36745	3	20439	4	7602	5	2065	6	399	7	81	8	9
871	1	31088	2	36620	3	21487	4	8003	5	2219	6	474	7	96	8	12	9	1
872	1	29715	2	36310	3	22108	4	8680	5	2488	6	586	7	89	8	19	9	5
873	1	29017	2	36236	3	22306	4	9056	5	2662	6	597	7	107	8	17	9	2
874	1	27705	2	35708	3	23101	4	9733	5	2918	6	673	7	135	8	21	9	4	10	2
875	1	26464	2	35696	3	23826	4	10047	5	3094	6	715	7	129	8	25	9	4
876	1	24573	2	35067	3	24451	4	11014	5	3644	6	1001	7	197	8	44	9	9
877	1	23148	2	34721	3	25026	4	11777	5	3921	6	1118	7	242	8	43	9	4
878	1	21727	2	33900	3	25683	4	12507	5	4557	6	1283	7	287	8	46	9	10
879	1	21621	2	33792	3	25562	4	12710	5	4629	6	1287	7	320	8	66	9	13
880	1	20707	2	33167	3	25876	4	13226	5	5008	6	1569	7	352	8	67	9	23	10	5
881	1	19598	2	32435	3	26447	4	14077	5	5344	6	1627	7	379	8	72	9	19	10	2
882	1	19621	2	32218	3	26452	4	13922	5	5444	6	1793	7	437	8	95	9	16	10	2
883	1	18027	2	31529	3	26760	4	14815	5	6143	6	2079	7	504	8	110	9	30	10	3
884	1	17261	2	30587	3	27047	4	15686	5	6487	6	2151	7	611	8	139	9	26	10	5
885	1	16050	2	29867	3	27463	4	16231	5	7185	6	2406	7	622	8	144	9	26	10	5	11	1
886	1	15403	2	29446	3	27206	4	16606	5	7601	6	2718	7	785	8	184	9	42	10	8	11	1
887	1	14302	2	28373	3	27798	4	17451	5	8027	6	2904	7	857	8	222	9	52	10	11	11	3
888	1	13058	2	27107	3	27915	4	18292	5	8899	6	3334	7	1076	8	251	9	52	10	10	11	6
889	1	14893	2	28076	3	27067	4	17605	5	8169	6	2996	7	905	8	230	9	51	10	7	11	1
890	1	13711	2	27224	3	27127	4	18091	5	8887	6	3469	7	1121	8	281	9	74	10	13	11	2
891	1	12240	2	25472	3	27422	4	19111	5	9856	6	4124	7	1312	8	361	9	79	10	19	11	3	12	1
892	1	12371	2	25587	3	27353	4	19134	5	9768	6	3990	7	1293	8	393	9	84	10	22	11	3	12	2
893	1	10427	2	23633	3	27304	4	20529	5	10955	6	4827	7	1646	8	499	9	135	10	37	11	7	13	1
894	1	10325	2	23394	3	26954	4	20344	5	11471	6	5006	7	1799	8	532	9	138	10	31	11	5	12	1
895	1	9766	2	22552	3	26977	4	20734	5	11930	6	5292	7	1953	8	605	9	155	10	31	11	5
896	1	8620	2	21252	3	26464	4	21394	5	12782	6	6107	7	2401	8	702	9	204	10	61	11	10	12	3
897	1	7983	2	20758	3	25860	4	21901	5	13399	6	6460	7	2531	8	803	9	240	10	56	11	7	12	2
898	1	7743	2	19971	3	25791	4	21939	5	13712	6	6746	7	2752	8	978	9	283	10	63	11	18	12	3	13	1
899	1	6779	2	18511	3	25208	4	22433	5	14782	6	7612	7	3077	8	1154	9	333	10	78	11	25	12	6	13	2
900	1	6810	2	18030	3	24814	4	22246	5	15100	6	7862	7	3415	8	1236	9	358	10	98	11	24	12	5	13	2
901	1	5549	2	16774	3	24268	4	22942	5	15934	6	8561	7	3933	8	1407	9	453	10	136	11	36	12	6	13	1
902	1	5190	2	15632	3	23274	4	23053	5	16658	6	9371	7	4394	8	1658	9	534	10	193	11	30	12	10	13	3
903	1	4778	2	14975	3	23236	4	22966	5	16922	6	9830	7	4587	8	1863	9	599	10	173	11	58	12	9	13	2	14	2
904	1	4604	2	14344	3	22410	4	23013	5	17246	6	10264	7	4957	8	2060	9	775	10	235	11	71	12	14	13	7
905	1	3795	2	12859	3	21389	4	22998	5	18293	6	11336	7	5737	8	2319	9	883	10	293	11	69	12	16	13	9	14	3	15	1
906	1	3651	2	12209	3	20724	4	22896	5	18608	6	11804	7	6134	8	2539	9	981	10	310	11	102	12	32	13	10
907	1	3255	2	11315	3	20047	4	22769	5	18898	6	12453	7	6555	8	2970	9	1173	10	396	11	127	12	34	13	6	14	1	15	1
908	1	2731	2	9901	3	18429	4	22049	5	19692	6	13469	7	7782	8	3690	9	1491	10	523	11	176	12	43	13	18	14	4	15	2
909	1	2386	2	9257	3	17617	4	21779	5	19965	6	14230	7	8152	8	4039	9	1688	10	612	11	205	12	54	13	12	14	3	15	1
910	1	2995	2	10212	3	18517	4	21489	5	19277	6	13475	7	7876	8	3761	9	1568	10	575	11	183	12	63	13	7	14	2
911	1	2580	2	9492	3	17831	4	21789	5	19716	6	13888	7	8125	8	3991	9	1698	10	596	11	210	12	65	13	12	14	6	15	1
912	1	2351	2	8382	3	16048	4	20661	5	19891	6	15110	7	9314	8	4848	9	2145	10	804	11	305	12	95	13	33	14	7	15	4	16	2
913	1	1893	2	7398	3	14967	4	20188	5	20242	6	15722	7	10129	8	5305	9	2569	10	1075	11	363	12	117	13	20	14	9	15	1	16	2
914	1	1890	2	7504	3	14887	4	20075	5	19912	6	15618	7	10257	8	5555	9	2737	10	1018	11	355	12	125	13	52	14	12	15	3
915	1	1473	2	6387	3	13589	4	19239	5	20258	6	16479	7	11276	8	6134	9	3124	10	1304	11	498	12	181	13	40	14	12	15	3	16	1	17	1	18	1
916	1	1558	2	6224	3	13075	4	18698	5	19852	6	16729	7	11444	8	6686	9	3414	10	1427	11	594	12	199	13	75	14	20	15	3	16	2
917	1	1129	2	5196	3	11835	4	18121	5	19727	6	17489	7	12369	8	7514	9	3853	10	1697	11	678	12	269	13	82	14	31	15	8	16	1	19	1
918	1	1034	2	4628	3	10717	4	16683	5	19517	6	17901	7	13323	8	8314	9	4453	10	2065	11	843	12	359	13	117	14	30	15	10	16	6
919	1	905	2	4304	3	10473	4	16603	5	19549	6	17897	7	13463	8	8550	9	4559	10	2234	11	949	12	323	13	132	14	47	15	7	16	3	17	2
920	1	884	2	3911	3	9666	4	15656	5	18902	6	18100	7	13950	8	9278	9	5240	10	2623	11	1096	12	462	13	165	14	47	15	15	16	3	17	2
921	1	547	2	3188	3	8432	4	14516	5	18548	6	18442	7	15148	8	10008	9	5889	10	3067	11	1381	12	563	13	193	14	52	15	14	16	8	17	2	19	1	20	1
922	1	640	2	2899	3	7738	4	13348	5	17783	6	18147	7	15439	8	10873	9	6788	10	3535	11	1721	12	695	13	257	14	102	15	25	16	9	17	1
923	1	416	2	2415	3	6854	4	12649	5	17298	6	18398	7	15941	8	11558	9	7268	10	3982	11	1853	12	818	13	364	14	121	15	44	16	16	17	3	18	2
924	1	582	2	2990	3	7557	4	13204	5	17206	6	18085	7	15507	8	11265	9	6915	10	3682	11	1800	12	775	13	280	14	101	15	38	16	11	17	2
925	1	352	2	2066	3	6103	4	11724	5	16419	6	18088	7	16120	8	12484	9	8108	10	4534	11	2329	12	1033	13	399	14	166	15	56	16	15	17	2	18	2
926	1	359	2	1921	3	5614	4	10517	5	15470	6	17505	7	16447	8	13213	9	8845	10	5183	11	2753	12	1330	13	537	14	197	15	74	16	26	17	7	18	1	20	1
927	1	264	2	1573	3	4880	4	9998	5	14829	6	17377	7	16891	8	13492	9	9513	10	5698	11	3020	12	1462	13	631	14	239	15	90	16	28	17	11	18	4
928	1	288	2	1478	3	4539	4	9080	5	13700	6	16805	7	16994	8	14127	9	10015	10	6407	11	3566	12	1774	13	749	14	295	15	129	16	36	17	13	18	5
929	1	175	2	1137	3	3739	4	8326	5	13145	6	16591	7	17148	8	14680	9	10744	10	6951	11	3932	12	1909	13	936	14	378	15	135	16	54	17	12	18	6	19	2
930	1	206	2	1179	3	3524	4	7564	5	12363	6	15806	7	16683	8	14911	9	11434	10	7557	11	4498	12	2361	13	1117	14	487	15	202	16	72	17	28	18	4	19	2	20	1	21	1
931	1	107	2	790	3	2794	4	6492	5	11381	6	15267	7	16880	8	15385	9	12278	10	8478	11	5036	12	2816	13	1262	14	605	15	275	16	104	17	35	18	9	19	2	20	3	21	1
932	1	143	2	759	3	2639	4	5940	5	10199	6	14157	7	16170	8	15731	9	12844	10	9245	11	5839	12	3315	13	1731	14	783	15	331	16	113	17	40	18	15	19	3	20	2	21	1
933	1	69	2	532	3	2162	4	5056	5	9470	6	13751	7	16137	8	15974	9	13079	10	9969	11	6417	12	3925	13	1901	14	868	15	427	16	178	17	57	18	18	19	4	20	4	22	2
934	1	114	2	642	3	2348	4	5434	5	9695	6	13509	7	15817	8	15459	9	13417	10	9771	11	6450	12	3828	13	1893	14	970	15	389	16	181	17	55	18	22	19	5	20	1
935	1	45	2	435	3	1641	4	4210	5	8192	6	12301	7	15160	8	15939	9	14216	10	11082	11	7544	12	4578	13	2447	14	1243	15	549	16	267	17	98	18	31	19	14	20	5	21	3
936	1	87	2	531	3	1828	4	4323	5	8178	6	12050	7	14853	8	15685	9	14051	10	10934	11	7612	12	4727	13	2724	14	1350	15	621	16	281	17	108	18	41	19	11	20	4	21	1
937	1	35	2	289	3	1170	4	3274	5	6812	6	11065	7	14314	8	16013	9	14825	10	11981	11	8631	12	5505	13	3166	14	1625	15	756	16	344	17	121	18	54	19	10	20	7	22	2	23	1
938	1	37	2	275	3	1175	4	2915	5	5946	6	9683	7	13053	8	15101	9	15089	10	12750	11	9711	12	6451	13	3910	14	2132	15	1003	16	449	17	202	18	71	19	33	20	10	21	4
939	1	24	2	168	3	816	4	2328	5	5288	6	9148	7	12911	8	14870	9	15083	10	13268	11	10176	12	6923	13	4363	14	2419	15	1243	16	556	17	260	18	90	19	43	20	15	21	4	22	3	23	1
940	1	41	2	220	3	864	4	2255	5	4741	6	8080	7	11587	8	13955	9	14865	10	13645	11	10956	12	7773	13	5059	14	2965	15	1563	16	837	17	344	18	152	19	66	20	19	21	7	22	4	23	2
941	1	9	2	80	3	457	4	1510	5	3535	6	6956	7	10298	8	13712	9	14704	10	14381	11	12051	12	9024	13	5943	14	3571	15	1972	16	994	17	463	18	199	19	94	20	34	21	10	22	2	23	1
942	1	24	2	170	3	618	4	1756	5	3782	6	7012	7	10456	8	13145	9	14725	10	13811	11	11898	12	8977	13	5951	14	3740	15	2011	16	1020	17	515	18	237	19	85	20	44	21	15	22	5	23	1	24	2
943	1	8	2	75	3	348	4	1194	5	3021	6	5721	7	9290	8	12411	9	14418	10	14310	11	12615	12	9978	13	6958	14	4581	15	2545	16	1324	17	689	18	317	19	124	20	53	21	10	22	4	23	5	26	1
944	1	19	2	126	3	487	4	1224	5	2887	6	5281	7	8593	8	11699	9	13666	10	13897	11	12979	12	10393	13	7584	14	4914	15	3058	16	1641	17	871	18	414	19	161	20	64	21	25	22	9	23	4	24	2	26	1	28	1
945	1	2	2	46	3	217	4	733	5	2099	6	4359	7	7496	8	10616	9	13292	10	14332	11	13476	12	11229	13	8618	14	5778	15	3596	16	2047	17	1115	18	551	19	244	20	88	21	44	22	14	23	5	24	1	25	2
946	1	8	2	74	3	282	4	861	5	2044	6	4027	7	6768	8	9856	9	12477	10	13904	11	13497	12	11746	13	9111	14	6465	15	4114	16	2310	17	1370	18	587	19	291	20	120	21	60	22	20	23	7	24	1
947	1	3	2	19	3	150	4	520	5	1497	6	3472	7	6034	8	9371	9	12177	10	13934	11	13516	12	12246	13	9761	14	6944	15	4683	16	2769	17	1483	18	751	19	385	20	170	21	76	22	27	23	7	24	3	25	1	29	1
948	1	11	2	77	3	242	4	742	5	1717	6	3417	7	5809	8	8812	9	11349	10	13558	11	13457	12	12229	13	10165	14	7292	15	4838	16	2978	17	1712	18	846	19	404	20	208	21	87	22	31	23	8	24	7	25	3	27	1
949	2	9	3	78	4	310	5	932	6	2293	7	4445	8	7576	9	10578	10	12713	11	13749	12	13022	13	11082	14	8533	15	5994	16	3904	17	2303	18	1277	19	656	20	302	21	148	22	60	23	23	24	9	25	4
950	1	4	2	31	3	156	4	419	5	1017	6	2154	7	4135	8	6632	9	9482	10	11988	11	13352	12	13140	13	11584	14	9220	15	6644	16	4349	17	2743	18	1518	19	790	20	385	21	148	22	67	23	27	24	11	25	2	26	2
951	2	2	3	39	4	186	5	603	6	1607	7	3389	8	5979	9	8764	10	11183	11	13244	12	13159	13	12404	14	9914	15	7431	16	5041	17	3194	18	1956	19	965	20	517	21	247	22	103	23	38	24	27	25	5	26	2	27	1
952	1	4	2	33	3	120	4	332	5	807	6	1722	7	3129	8	5339	9	7886	10	10619	11	12468	12	12980	13	12475	14	10465	15	7896	16	5587	17	3608	18	2166	19	1224	20	607	21	288	22	147	23	65	24	23	25	7	26	2	27	1
953	2	6	3	28	4	118	5	362	6	1033	7	2373	8	4193	9	6850	10	9662	11	12154	12	13114	13	12910	14	11192	15	9013	16	6514	17	4537	18	2754	19	1566	20	815	21	458	22	208	23	85	24	30	25	16	26	6	27	3
954	1	2	2	10	3	61	4	201	5	537	6	1030	7	2169	8	3885	9	6196	10	8884	11	11210	12	12573	13	12832	14	11468	15	9694	16	7169	17	5033	18	3070	19	1910	20	1066	21	525	22	270	23	131	24	46	25	20	26	5	27	2	28	1
955	3	7	4	55	5	194	6	590	7	1440	8	2994	9	5256	10	7767	11	10430	12	12578	13	12774	14	12336	15	10573	16	8116	17	5913	18	3874	19	2433	20	1308	21	712	22	352	23	166	24	71	25	38	26	9	27	10	28	2	29	2
956	1	2	2	14	3	65	4	160	5	355	6	756	7	1535	8	2731	9	4586	10	6859	11	9323	12	11408	13	12410	14	12051	15	10969	16	8797	17	6650	18	4551	19	3021	20	1820	21	951	22	515	23	270	24	107	25	60	26	27	27	4	28	1	29	2
957	2	1	3	7	4	41	5	123	6	439	7	1075	8	2232	9	4256	10	6380	11	9031	12	11268	13	12439	14	12336	15	11306	16	9349	17	7109	18	5025	19	3350	20	1914	21	1165	22	596	23	302	24	148	25	57	26	33	27	8	28	7	29	3
958	1	1	2	5	3	26	4	114	5	261	6	517	7	1108	8	1901	9	3301	10	5212	11	7640	12	9868	13	11692	14	12271	15	11695	16	10303	17	8363	18	5950	19	4050	20	2586	21	1512	22	814	23	434	24	208	25	94	26	44	27	17	28	8	29	2	31	3
959	3	3	4	22	5	71	6	240	7	685	8	1438	9	2801	10	4565	11	6967	12	9481	13	11406	14	12186	15	12009	16	10877	17	8737	18	6905	19	4642	20	3085	21	1807	22	1051	23	545	24	270	25	133	26	46	27	15	28	7	29	2	30	3	31	1
960	1	1	2	7	3	38	4	101	5	204	6	428	7	800	8	1356	9	2424	10	3977	11	6033	12	8192	13	10394	14	11530	15	11840	16	11231	17	9469	18	7362	19	5561	20	3766	21	2351	22	1363	23	805	24	403	25	193	26	100	27	42	28	18	29	8	31	2	32	1
961	4	10	5	35	6	122	7	326	8	811	9	1787	10	3185	11	5171	12	7544	13	9674	14	11244	15	12039	16	11596	17	10326	18	8493	19	6433	20	4371	21	2940	22	1779	23	1041	24	565	25	273	26	121	27	64	28	32	29	14	30	4
962	2	2	3	22	4	55	5	158	6	323	7	517	8	975	9	1791	10	2761	11	4599	12	6788	13	8927	14	10648	15	11554	16	11462	17	10528	18	9015	19	6946	20	4856	21	3405	22	2039	23	1255	24	671	25	359	26	190	27	82	28	44	29	15	30	6	31	5	32	1	33	1
963	3	1	4	5	5	25	6	83	7	271	8	555	9	1211	10	2378	11	3995	12	6327	13	8395	14	10377	15	11447	16	11666	17	10921	18	9479	19	7665	20	5587	21	3910	22	2478	23	1500	24	828	25	469	26	238	27	97	28	49	29	29	30	9	31	1	32	3	33	1
964	1	1	2	6	3	19	4	33	5	118	6	210	7	406	8	696	9	1223	10	2075	11	3334	12	5054	13	7130	14	8920	15	10697	16	11220	17	11083	18	10085	19	8581	20	6576	21	4718	22	3241	23	2004	24	1215	25	616	26	391	27	195	28	87	29	39	30	17	31	5	32	2	33	2	36	1
965	4	2	5	11	6	34	7	107	8	313	9	709	10	1347	11	2622	12	4276	13	6319	14	8385	15	10148	16	11161	17	11488	18	10603	19	9421	20	7482	21	5557	22	3963	23	2568	24	1519	25	886	26	573	27	248	28	148	29	59	30	33	31	12	32	5	35	1
966	2	1	3	6	4	28	5	67	6	152	7	283	8	492	9	794	10	1328	11	2146	12	3568	13	5416	14	7150	15	9355	16	10732	17	11205	18	10901	19	9799	20	8262	21	6316	22	4492	23	3100	24	1963	25	1171	26	611	27	312	28	218	29	67	30	34	31	19	32	7	33	4	34	1
967	4	1	5	3	6	17	7	48	8	138	9	399	10	868	11	1579	12	2768	13	4538	14	6391	15	8401	16	10053	17	11078	18	11160	19	10575	20	9330	21	7266	22	5352	23	3925	24	2480	25	1635	26	980	27	492	28	269	29	147	30	66	31	26	32	7	33	5	34	1	35	1	37	1
968	1	1	2	6	3	11	4	34	5	82	6	135	7	225	8	395	9	624	10	1021	11	1690	12	2689	13	4071	14	5748	15	7933	16	9428	17	10396	18	10997	19	10230	20	9378	21	7570	22	5953	23	4194	24	2914	25	1861	26	1121	27	631	28	337	29	172	30	88	31	34	32	21	33	7	34	2	36	1
969	6	5	7	34	8	84	9	214	10	504	11	1059	12	1994	13	3237	14	5001	15	6908	16	8808	17	10397	18	11064	19	10960	20	10038	21	8660	22	6776	23	5020	24	3584	25	2375	26	1435	27	865	28	493	29	225	30	135	31	71	32	32	33	16	34	4	36	1	37	1
970	4	6	5	28	6	67	7	148	8	254	9	366	10	616	11	930	12	1455	13	2420	14	3815	15	5741	16	7359	17	9299	18	10411	19	11033	20	10471	21	9424	22	7929	23	6135	24	4583	25	3022	26	1911	27	1168	28	653	29	386	30	188	31	87	32	58	33	25	34	7	35	4	36	1
971	6	4	7	13	8	42	9	118	10	288	11	548	12	1164	13	2078	14	3347	15	4905	16	6803	17	8640	18	10035	19	10696	20	10739	21	9902	22	8615	23	6977	24	5253	25	3770	26	2457	27	1568	28	931	29	515	30	303	31	154	32	83	33	25	34	15	35	6	36	5	39	1
972	3	3	4	19	5	32	6	74	7	104	8	190	9	297	10	510	11	706	12	1133	13	1793	14	2765	15	4121	16	5741	17	7481	18	9050	19	10248	20	10739	21	10132	22	9195	23	7641	24	5889	25	4351	26	3183	27	1916	28	1184	29	682	30	417	31	207	32	107	33	56	34	18	35	10	36	6
973	7	2	8	11	9	46	10	114	11	268	12	596	13	1135	14	1924	15	3253	16	4854	17	6687	18	8517	19	9938	20	10576	21	10676	22	10095	23	8547	24	7214	25	5359	26	3830	27	2545	28	1583	29	1052	30	589	31	279	32	167	33	80	34	34	35	17	36	5	37	3	38	2	39	1	40	1
974	2	2	4	1	5	18	6	39	7	91	8	155	9	252	10	346	11	469	12	620	13	1026	14	1642	15	2516	16	3736	17	5477	18	7197	19	8969	20	9903	21	10382	22	10181	23	9275	24	7774	25	6372	26	4732	27	3382	28	2239	29	1393	30	841	31	481	32	247	33	128	34	60	35	33	36	11	37	6	38	4
975	5	1	7	4	8	9	9	26	10	80	11	157	12	380	13	709	14	1255	15	2211	16	3349	17	5061	18	6465	19	8267	20	9516	21	10524	22	10450	23	9561	24	8693	25	7011	26	5393	27	3956	28	2687	29	1758	30	1074	31	639	32	359	33	213	34	106	35	44	36	24	37	7	38	5	39	4	40	2
976	2	2	3	6	4	14	5	23	6	47	7	65	8	117	9	198	10	278	11	423	12	605	13	813	14	1182	15	1877	16	2743	17	4049	18	5477	19	7023	20	8622	21	9523	22	10140	23	9991	24	9049	25	7816	26	6277	27	4693	28	3254	29	2238	30	1413	31	900	32	536	33	305	34	152	35	77	36	42	37	21	38	8	40	1
977	6	1	7	3	8	3	9	10	10	31	11	82	12	195	13	365	14	748	15	1269	16	2206	17	3389	18	4829	19	6404	20	8148	21	9499	22	10112	23	10155	24	9729	25	8409	26	7210	27	5563	28	4135	29	2877	30	1863	31	1204	32	706	33	358	34	240	35	137	36	54	37	37	38	14	39	10	40	4	42	1
978	4	1	5	4	6	18	7	53	8	74	9	140	10	195	11	287	12	381	13	477	14	643	15	925	16	1513	17	2386	18	3608	19	5267	20	6793	21	8496	22	9399	23	10408	24	9986	25	9352	26	8108	27	6526	28	4982	29	3622	30	2412	31	1640	32	1044	33	594	34	304	35	178	36	89	37	55	38	21	39	5	40	7	41	4	42	3
979	8	3	9	4	10	7	11	36	12	76	13	160	14	366	15	704	16	1175	17	1831	18	2949	19	4325	20	5829	21	7562	22	9045	23	9787	24	10172	25	9995	26	8986	27	7456	28	5997	29	4517	30	3332	31	2234	32	1495	33	832	34	526	35	297	36	131	37	89	38	42	39	21	40	10	41	6	42	3
980	2	1	3	6	4	2	5	8	6	20	7	30	8	57	9	98	10	176	11	254	12	317	13	446	14	568	15	739	16	1098	17	1680	18	2421	19	3637	20	5008	21	6343	22	7911	23	9113	24	9796	25	9816	26	9037	27	8035	28	6687	29	5379	30	3914	31	2697	32	1911	33	1221	34	701	35	406	36	227	37	120	38	55	39	36	40	18	41	7	42	2	44	1	45	1
981	8	1	9	5	10	12	11	26	12	49	13	102	14	228	15	458	16	751	17	1263	18	2065	19	3067	20	4357	21	5957	22	7380	23	8566	24	9482	25	9791	26	9567	27	8899	28	7423	29	6154	30	4791	31	3434	32	2375	33	1524	34	980	35	575	36	336	37	195	38	97	39	51	40	24	41	4	42	7	43	2	44	1	45	1
982	6	7	7	11	8	34	9	70	10	138	11	184	12	249	13	306	14	384	15	437	16	605	17	741	18	1189	19	1967	20	3033	21	4334	22	5788	23	7387	24	8594	25	9502	26	9824	27	9675	28	8584	29	7329	30	6028	31	4622	32	3314	33	2280	34	1380	35	839	36	541	37	308	38	163	39	70	40	38	41	26	42	6	43	7	44	3	45	3
983	8	2	10	1	11	12	12	21	13	48	14	110	15	218	16	403	17	720	18	1132	19	1878	20	2751	21	3932	22	5261	23	6718	24	8058	25	9207	26	9611	27	9592	28	8867	29	8055	30	6579	31	5231	32	4050	33	2797	34	1814	35	1223	36	745	37	450	38	260	39	131	40	58	41	38	42	12	43	11	44	3	47	1
984	2	2	3	4	4	3	5	8	6	20	7	28	8	46	9	60	10	99	11	184	12	218	13	268	14	372	15	422	16	560	17	716	18	1008	19	1434	20	2140	21	3105	22	4365	23	5648	24	7067	25	8143	26	9289	27	9464	28	9199	29	8353	30	7306	31	5969	32	4621	33	3489	34	2395	35	1649	36	941	37	622	38	356	39	221	40	106	41	60	42	16	43	13	44	5	45	2	46	3	48	1
985	10	1	11	2	12	6	13	13	14	28	15	56	16	126	17	257	18	443	19	810	20	1347	21	2138	22	3202	23	4307	24	5833	25	7350	26	8566	27	9331	28	9568	29	9399	30	8793	31	7773	32	6086	33	4716	34	3501	35	2409	36	1648	37	950	38	574	39	323	40	217	41	110	42	48	43	40	44	15	45	7	46	3	47	4
986	5	2	6	2	7	10	8	20	9	36	10	72	11	91	12	173	13	218	14	299	15	326	16	361	17	429	18	496	19	651	20	984	21	1581	22	2357	23	3440	24	4817	25	6016	26	7491	27	8688	28	9354	29	9492	30	9137	31	7903	32	6958	33	5591	34	4319	35	3049	36	2187	37	1440	38	876	39	547	40	277	41	156	42	78	43	38	44	27	45	6	46	4	48	1
987	11	1	12	8	13	15	14	40	15	65	16	112	17	224	18	356	19	549	20	946	21	1420	22	2165	23	3003	24	4203	25	5516	26	6917	27	7826	28	8825	29	9398	30	9141	31	8622	32	7683	33	6375	34	4913	35	3829	36	2813	37	1945	38	1282	39	771	40	465	41	287	42	137	43	75	44	36	45	21	46	10	47	3	48	2	49	1
988	4	2	5	2	6	3	7	7	8	18	9	35	10	46	11	66	12	107	13	149	14	239	15	316	16	340	17	403	18	439	19	573	20	704	21	938	22	1454	23	2105	24	3003	25	4189	26	5585	27	6593	28	7704	29	8606	30	9112	31	9040	32	8343	33	7489	34	6141	35	5025	36	3703	37	2712	38	1909	39	1161	40	763	41	408	42	275	43	158	44	61	45	35	46	22	47	12	48	4	50	1
989	10	1	11	1	12	3	13	4	14	20	15	39	16	48	17	97	18	159	19	288	20	503	21	801	22	1162	23	1801	24	2565	25	3604	26	4809	27	6072	28	7240	29	8362	30	8872	31	9067	32	8781	33	8122	34	6962	35	5913	36	4530	37	3460	38	2418	39	1691	40	1061	41	678	42	400	43	227	44	119	45	56	46	39	47	16	48	6	49	2	50	1
990	6	1	8	11	9	14	10	32	11	40	12	74	13	125	14	190	15	240	16	274	17	314	18	345	19	348	20	383	21	470	22	662	23	1046	24	1621	25	2486	26	3593	27	4763	28	6111	29	7326	30	8369	31	8938	32	9080	33	8691	34	8098	35	6825	36	5657	37	4349	38	3304	39	2319	40	1498	41	977	42	613	43	364	44	219	45	111	46	63	47	30	48	10	49	10	50	6
991	12	1	13	3	14	6	15	12	16	15	17	37	18	52	19	129	20	191	21	382	22	578	23	886	24	1400	25	1939	26	2787	27	3923	28	5022	29	6390	30	7423	31	8461	32	9055	33	8881	34	8745	35	7872	36	6779	37	5646	38	4283	39	3094	40	2216	41	1506	42	927	43	599	44	331	45	214	46	120	47	51	48	29	49	11	51	1	53	1	54	1	55	1
992	2	1	4	3	5	5	6	6	7	9	8	12	9	27	10	29	11	46	12	62	13	95	14	128	15	179	16	283	17	286	18	335	19	364	20	437	21	445	22	580	23	761	24	1155	25	1566	26	2164	27	2966	28	4027	29	5122	30	6429	31	7417	32	8071	33	8474	34	8497	35	8277	36	7470	37	6324	38	5148	39	4111	40	2986	41	2097	42	1428	43	889	44	556	45	328	46	202	47	110	48	54	49	21	50	8	51	7	53	2	54	1
993	10	1	11	1	13	2	14	6	15	10	16	17	17	24	18	40	19	71	20	129	21	194	22	352	23	529	24	798	25	1215	26	1758	27	2450	28	3423	29	4384	30	5643	31	6529	32	7617	33	8266	34	8805	35	8658	36	8152	37	7304	38	6265	39	5063	40	3959	41	2806	42	2015	43	1362	44	857	45	572	46	319	47	182	48	119	49	51	50	30	51	10	52	7	53	3	54	2
994	8	1	9	3	10	11	11	23	12	36	13	62	14	104	15	112	16	212	17	227	18	248	19	286	20	286	21	263	22	287	23	340	24	389	25	612	26	978	27	1502	28	2240	29	3097	30	4162	31	5475	32	6666	33	7794	34	8445	35	8657	36	8705	37	8129	38	7363	39	6267	40	4933	41	3864	42	2834	43	2078	44	1312	45	805	46	495	47	357	48	151	49	97	50	48	51	18	52	15	53	7	54	2	55	1	56	1
995	15	6	16	7	17	16	18	22	19	45	20	77	21	127	22	184	23	306	24	446	25	677	26	910	27	1418	28	2020	29	2683	30	3521	31	4701	32	5728	33	6727	34	7642	35	8127	36	8739	37	8474	38	7972	39	7025	40	5924	41	4899	42	3592	43	2826	44	1920	45	1284	46	818	47	513	48	272	49	168	50	92	51	48	52	24	53	8	54	5	55	5	56	1	57	1
996	4	2	5	1	6	1	7	9	8	17	9	23	10	25	11	20	12	30	13	31	14	52	15	83	16	112	17	216	18	235	19	280	20	346	21	309	22	316	23	384	24	442	25	515	26	665	27	991	28	1398	29	1895	30	2578	31	3523	32	4519	33	5548	34	6573	35	7681	36	8023	37	8532	38	8149	39	7694	40	6889	41	5812	42	4746	43	3591	44	2652	45	1858	46	1285	47	796	48	507	49	298	50	183	51	86	52	46	53	20	54	5	55	4	56	3	57	1
997	14	1	15	1	16	2	17	4	18	13	19	15	20	36	21	38	22	85	23	121	24	212	25	348	26	477	27	706	28	1058	29	1519	30	2097	31	2793	32	3791	33	4644	34	5866	35	6696	36	7784	37	8390	38	8567	39	8401	40	7788	41	6766	42	5866	43	4734	44	3589	45	2624	46	1829	47	1262	48	805	49	476	50	256	51	164	52	90	53	46	54	22	55	11	56	1	57	3	59	2	60	1
998	5	1	8	1	9	2	10	6	11	12	12	20	13	32	14	41	15	85	16	114	17	160	18	190	19	279	20	264	21	290	22	290	23	263	24	215	25	253	26	273	27	409	28	592	29	880	30	1325	31	1998	32	2773	33	3620	34	4812	35	5902	36	6727	37	7757	38	8337	39	8395	40	8240	41	7604	42	6746	43	5750	44	4490	45	3458	46	2525	47	1755	48	1223	49	797	50	475	51	273	52	167	53	87	54	43	55	14	56	21	57	8	58	1	59	3	60	1	61	1
999	15	2	16	4	17	4	18	6	19	12	20	18	21	44	22	62	23	101	24	159	25	227	26	341	27	469	28	731	29	938	30	1265	31	1735	32	2322	33	3086	34	3944	35	4854	36	5872	37	6867	38	7698	39	7969	40	8205	41	8004	42	7502	43	6716	44	5696	45	4482	46	3452	47	2504	48	1756	49	1178	50	738	51	438	52	299	53	146	54	77	55	46	56	11	57	10	58	3	59	4	60	1	61	1	62	1
1000	2	1	4	1	6	3	7	7	8	8	9	9	10	11	11	14	12	28	13	29	14	44	15	55	16	81	17	112	18	156	19	192	20	241	21	266	22	288	23	339	24	337	25	326	26	338	27	403	28	518	29	714	30	960	31	1311	32	1663	33	2289	34	2975	35	3907	36	4772	37	5745	38	6558	39	7339	40	7922	41	8047	42	7907	43	7401	44	6428	45	5325	46	4444	47	3356	48	2490	49	1764	50	1192	51	701	52	440	53	262	54	138	55	69	56	35	57	19	58	9	59	6	60	2	61	1	62	1	63	1
