1	1	100000
2	1	100000
3	1	100000
4	1	100000
5	1	100000
6	1	100000
7	1	100000
8	1	100000
9	1	100000
10	1	100000
11	1	100000
12	1	100000
13	1	100000
14	1	100000
15	1	100000
16	1	100000
17	1	100000
18	1	100000
19	1	100000
20	1	100000
21	1	100000
22	1	100000
23	1	100000
24	1	100000
25	1	100000
26	1	100000
27	1	100000
28	1	100000
29	1	100000
30	1	100000
31	1	100000
32	1	100000
33	1	100000
34	1	100000
35	1	100000
36	1	100000
37	1	100000
38	1	100000
39	1	100000
40	1	100000
41	1	100000
42	1	100000
43	1	100000
44	1	100000
45	1	100000
46	1	100000
47	1	100000
48	1	100000
49	1	100000
50	1	100000
51	1	100000
52	1	100000
53	1	100000
54	1	100000
55	1	100000
56	1	100000
57	1	100000
58	1	100000
59	1	100000
60	1	100000
61	1	100000
62	1	100000
63	1	100000
64	1	100000
65	1	100000
66	1	100000
67	1	100000
68	1	100000
69	1	100000
70	1	100000
71	1	100000
72	1	100000
73	1	100000
74	1	100000
75	1	100000
76	1	100000
77	1	100000
78	1	100000
79	1	100000
80	1	100000
81	1	100000
82	1	100000
83	1	100000
84	1	100000
85	1	100000
86	1	100000
87	1	100000
88	1	100000
89	1	100000
90	1	100000
91	1	100000
92	1	100000
93	1	100000
94	1	100000
95	1	100000
96	1	100000
97	1	100000
98	1	100000
99	1	100000
100	1	100000
101	1	100000
102	1	100000
103	1	100000
104	1	100000
105	1	100000
106	1	100000
107	1	100000
108	1	100000
109	1	100000
110	1	100000
111	1	100000
112	1	100000
113	1	100000
114	1	100000
115	1	100000
116	1	100000
117	1	100000
118	1	100000
119	1	100000
120	1	100000
121	1	100000
122	1	100000
123	1	100000
124	1	100000
125	1	100000
126	1	100000
127	1	100000
128	1	100000
129	1	100000
130	1	100000
131	1	100000
132	1	100000
133	1	100000
134	1	100000
135	1	100000
136	1	100000
137	1	100000
138	1	100000
139	1	100000
140	1	100000
141	1	100000
142	1	100000
143	1	100000
144	1	100000
145	1	100000
146	1	100000
147	1	100000
148	1	100000
149	1	100000
150	1	100000
151	1	100000
152	1	100000
153	1	100000
154	1	100000
155	1	100000
156	1	100000
157	1	100000
158	1	100000
159	1	100000
160	1	100000
161	1	100000
162	1	100000
163	1	100000
164	1	100000
165	1	100000
166	1	100000
167	1	100000
168	1	100000
169	1	100000
170	1	100000
171	1	100000
172	1	100000
173	1	100000
174	1	100000
175	1	100000
176	1	100000
177	1	100000
178	1	100000
179	1	100000
180	1	100000
181	1	100000
182	1	100000
183	1	100000
184	1	100000
185	1	100000
186	1	100000
187	1	100000
188	1	100000
189	1	100000
190	1	100000
191	1	100000
192	1	100000
193	1	100000
194	1	100000
195	1	100000
196	1	100000
197	1	100000
198	1	100000
199	1	100000
200	1	100000
201	1	100000
202	1	100000
203	1	100000
204	1	100000
205	1	100000
206	1	100000
207	1	100000
208	1	100000
209	1	100000
210	1	100000
211	1	100000
212	1	100000
213	1	100000
214	1	100000
215	1	100000
216	1	100000
217	1	100000
218	1	100000
219	1	100000
220	1	100000
221	1	100000
222	1	100000
223	1	100000
224	1	100000
225	1	100000
226	1	100000
227	1	100000
228	1	100000
229	1	100000
230	1	100000
231	1	100000
232	1	100000
233	1	100000
234	1	100000
235	1	100000
236	1	100000
237	1	100000
238	1	100000
239	1	100000
240	1	100000
241	1	100000
242	1	100000
243	1	100000
244	1	100000
245	1	100000
246	1	100000
247	1	100000
248	1	100000
249	1	100000
250	1	100000
251	1	100000
252	1	100000
253	1	100000
254	1	100000
255	1	100000
256	1	100000
257	1	100000
258	1	100000
259	1	100000
260	1	100000
261	1	100000
262	1	100000
263	1	100000
264	1	100000
265	1	100000
266	1	100000
267	1	100000
268	1	100000
269	1	100000
270	1	100000
271	1	100000
272	1	100000
273	1	100000
274	1	100000
275	1	100000
276	1	100000
277	1	100000
278	1	100000
279	1	100000
280	1	100000
281	1	100000
282	1	100000
283	1	100000
284	1	100000
285	1	100000
286	1	100000
287	1	100000
288	1	100000
289	1	100000
290	1	100000
291	1	100000
292	1	100000
293	1	100000
294	1	100000
295	1	100000
296	1	100000
297	1	100000
298	1	100000
299	1	100000
300	1	100000
301	1	100000
302	1	100000
303	1	100000
304	1	100000
305	1	100000
306	1	100000
307	1	100000
308	1	100000
309	1	100000
310	1	100000
311	1	100000
312	1	100000
313	1	100000
314	1	100000
315	1	100000
316	1	100000
317	1	100000
318	1	100000
319	1	100000
320	1	100000
321	1	100000
322	1	100000
323	1	100000
324	1	100000
325	1	100000
326	1	100000
327	1	100000
328	1	100000
329	1	100000
330	1	100000
331	1	100000
332	1	100000
333	1	100000
334	1	100000
335	1	100000
336	1	100000
337	1	100000
338	1	100000
339	1	100000
340	1	100000
341	1	100000
342	1	100000
343	1	100000
344	1	100000
345	1	100000
346	1	100000
347	1	100000
348	1	100000
349	1	100000
350	1	100000
351	1	100000
352	1	100000
353	1	100000
354	1	100000
355	1	100000
356	1	100000
357	1	100000
358	1	100000
359	1	100000
360	1	100000
361	1	100000
362	1	100000
363	1	100000
364	1	100000
365	1	100000
366	1	100000
367	1	100000
368	1	100000
369	1	100000
370	1	100000
371	1	100000
372	1	100000
373	1	100000
374	1	100000
375	1	100000
376	1	100000
377	1	100000
378	1	100000
379	1	100000
380	1	100000
381	1	100000
382	1	100000
383	1	100000
384	1	100000
385	1	100000
386	1	100000
387	1	100000
388	1	100000
389	1	100000
390	1	100000
391	1	100000
392	1	100000
393	1	100000
394	1	100000
395	1	100000
396	1	100000
397	1	100000
398	1	100000
399	1	100000
400	1	100000
401	1	100000
402	1	100000
403	1	100000
404	1	100000
405	1	100000
406	1	100000
407	1	100000
408	1	100000
409	1	100000
410	1	100000
411	1	100000
412	1	100000
413	1	100000
414	1	100000
415	1	100000
416	1	100000
417	1	100000
418	1	100000
419	1	100000
420	1	100000
421	1	100000
422	1	100000
423	1	100000
424	1	100000
425	1	100000
426	1	100000
427	1	100000
428	1	100000
429	1	100000
430	1	100000
431	1	100000
432	1	100000
433	1	100000
434	1	100000
435	1	100000
436	1	100000
437	1	100000
438	1	100000
439	1	100000
440	1	100000
441	1	100000
442	1	100000
443	1	100000
444	1	100000
445	1	100000
446	1	100000
447	1	100000
448	1	100000
449	1	100000
450	1	100000
451	1	100000
452	1	100000
453	1	100000
454	1	100000
455	1	100000
456	1	100000
457	1	100000
458	1	100000
459	1	100000
460	1	100000
461	1	100000
462	1	100000
463	1	100000
464	1	100000
465	1	100000
466	1	100000
467	1	100000
468	1	100000
469	1	100000
470	1	100000
471	1	100000
472	1	100000
473	1	100000
474	1	100000
475	1	100000
476	1	100000
477	1	100000
478	1	100000
479	1	100000
480	1	100000
481	1	100000
482	1	100000
483	1	100000
484	1	100000
485	1	100000
486	1	100000
487	1	100000
488	1	100000
489	1	100000
490	1	100000
491	1	100000
492	1	100000
493	1	100000
494	1	100000
495	1	100000
496	1	100000
497	1	100000
498	1	100000
499	1	100000
500	1	100000
501	1	10715	2	89285
502	1	20538	2	79462
503	1	29439	2	70561
504	1	36968	2	63032
505	1	43620	2	56380
506	1	49776	2	50224
507	1	55308	2	44692
508	1	60332	2	39668
509	1	64646	2	35354
510	1	68287	2	31713
511	1	71725	2	28275
512	1	75109	2	24891
513	1	77519	2	22481
514	1	80146	2	19854
515	1	82127	2	17873
516	1	84258	2	15742
517	1	85866	2	14134
518	1	87489	2	12511
519	1	88901	2	11099
520	1	89952	2	10048
521	1	91231	2	8769
522	1	92110	2	7890
523	1	92910	2	7090
524	1	93636	2	6364
525	1	94349	2	5651
526	1	95064	2	4936
527	1	95610	2	4390
528	1	96112	2	3888
529	1	96438	2	3562
530	1	96813	2	3187
531	1	97145	2	2855
532	1	97507	2	2493
533	1	97773	2	2227
534	1	98005	2	1995
535	1	98273	2	1727
536	1	98438	2	1562
537	1	98640	2	1360
538	1	98758	2	1242
539	1	98849	2	1151
540	1	99042	2	958
541	1	99120	2	880
542	1	99196	2	804
543	1	99307	2	693
544	1	99355	2	645
545	1	99434	2	566
546	1	99497	2	503
547	1	99574	2	426
548	1	99624	2	376
549	1	99664	2	336
550	1	99692	2	308
551	1	99741	2	259
552	1	99767	2	233
553	1	99782	2	218
554	1	99823	2	177
555	1	99829	2	171
556	1	99861	2	139
557	1	99861	2	139
558	1	99867	2	133
559	1	99879	2	121
560	1	99882	2	118
561	1	99912	2	88
562	1	99934	2	66
563	1	99924	2	76
564	1	99956	2	44
565	1	99956	2	44
566	1	99958	2	42
567	1	99956	2	44
568	1	99962	2	38
569	1	99972	2	28
570	1	99978	2	22
571	1	99978	2	22
572	1	99975	2	25
573	1	99975	2	25
574	1	99973	2	27
575	1	99987	2	13
576	1	99992	2	8
577	1	99993	2	7
578	1	99988	2	12
579	1	99992	2	8
580	1	99992	2	8
581	1	99983	2	17
582	1	99993	2	7
583	1	99992	2	8
584	1	99992	2	8
585	1	99997	2	3
586	1	99998	2	2
587	1	99994	2	6
588	1	99996	2	4
589	1	99998	2	2
590	1	100000
591	1	99997	2	3
592	1	99997	2	3
593	1	99998	2	2
594	1	99996	2	4
595	1	99999	2	1
596	1	99998	2	2
597	1	99999	2	1
598	1	99999	2	1
599	1	99996	2	4
600	1	99999	2	1
601	1	100000
602	1	99999	2	1
603	1	99999	2	1
604	1	99999	2	1
605	1	99999	2	1
606	1	99998	2	2
607	1	100000
608	1	99999	2	1
609	1	99999	2	1
610	1	100000
611	1	100000
612	1	99998	2	2
613	1	99997	2	3
614	1	99998	2	2
615	1	99998	2	2
616	1	99999	2	1
617	1	99997	2	3
618	1	99998	2	2
619	1	99998	2	2
620	1	99998	2	2
621	1	99999	2	1
622	1	99995	2	5
623	1	99997	2	3
624	1	99996	2	4
625	1	99997	2	3
626	1	99996	2	4
627	1	99993	2	7
628	1	99994	2	6
629	1	99993	2	7
630	1	99997	2	3
631	1	99997	2	3
632	1	99995	2	5
633	1	99996	2	4
634	1	99998	2	2
635	1	99997	2	3
636	1	99991	2	9
637	1	99996	2	4
638	1	99996	2	4
639	1	99997	2	3
640	1	99987	2	13
641	1	99993	2	7
642	1	99998	2	2
643	1	99994	2	6
644	1	99988	2	12
645	1	99989	2	11
646	1	99994	2	6
647	1	99993	2	7
648	1	99983	2	17
649	1	99989	2	11
650	1	99982	2	18
651	1	99978	2	22
652	1	99983	2	17
653	1	99983	2	17
654	1	99979	2	21
655	1	99985	2	15
656	1	99982	2	18
657	1	99986	2	14
658	1	99973	2	27
659	1	99974	2	26
660	1	99964	2	36
661	1	99968	2	32
662	1	99964	2	36
663	1	99971	2	29
664	1	99947	2	53
665	1	99947	2	53
666	1	99948	2	52
667	1	99988	2	12
668	1	99959	2	41
669	1	99975	2	25
670	1	99980	2	20
671	1	99982	2	18
672	1	99945	2	55
673	1	99966	2	34
674	1	99977	2	23
675	1	99970	2	30
676	1	99925	2	75
677	1	99973	2	27
678	1	99975	2	25
679	1	99959	2	41
680	1	99939	2	61
681	1	99966	2	34
682	1	99965	2	35
683	1	99954	2	46
684	1	99944	2	55	3	1
685	1	99969	2	31
686	1	99956	2	44
687	1	99952	2	48
688	1	99926	2	74
689	1	99962	2	38
690	1	99931	2	69
691	1	99933	2	67
692	1	99907	2	93
693	1	99933	2	67
694	1	99933	2	67
695	1	99930	2	70
696	1	99913	2	87
697	1	99916	2	84
698	1	99924	2	76
699	1	99919	2	81
700	1	99876	2	124
701	1	99903	2	97
702	1	99922	2	78
703	1	99899	2	101
704	1	99859	2	141
705	1	99879	2	121
706	1	99908	2	92
707	1	99897	2	103
708	1	99854	2	146
709	1	99856	2	144
710	1	99869	2	131
711	1	99872	2	128
712	1	99832	2	168
713	1	99859	2	141
714	1	99853	2	147
715	1	99822	2	178
716	1	99752	2	248
717	1	99835	2	165
718	1	99795	2	204	3	1
719	1	99814	2	185	3	1
720	1	99715	2	284	3	1
721	1	99786	2	213	3	1
722	1	99770	2	229	3	1
723	1	99768	2	232
724	1	99741	2	258	3	1
725	1	99738	2	262
726	1	99720	2	279	3	1
727	1	99705	2	295
728	1	99772	2	228
729	1	99721	2	279
730	1	99690	2	310
731	1	99682	2	318
732	1	99661	2	339
733	1	99704	2	296
734	1	99646	2	353	3	1
735	1	99636	2	364
736	1	99604	2	395	3	1
737	1	99660	2	340
738	1	99628	2	372
739	1	99561	2	438	3	1
740	1	99481	2	516	3	3
741	1	99574	2	426
742	1	99535	2	464	3	1
743	1	99517	2	481	3	2
744	1	99484	2	516
745	1	99414	2	586
746	1	99385	2	614	3	1
747	1	99418	2	580	3	2
748	1	99348	2	651	3	1
749	1	99346	2	651	3	3
750	1	99284	2	714	3	2
751	1	98723	2	1265	3	12
752	1	98833	2	1165	3	2
753	1	98836	2	1157	3	7
754	1	98768	2	1226	3	6
755	1	98751	2	1245	3	4
756	1	98700	2	1293	3	7
757	1	98829	2	1163	3	8
758	1	98727	2	1266	3	7
759	1	98697	2	1296	3	7
760	1	98647	2	1344	3	9
761	1	98711	2	1284	3	5
762	1	98686	2	1307	3	7
763	1	98672	2	1318	3	10
764	1	98661	2	1326	3	13
765	1	98641	2	1349	3	10
766	1	98530	2	1460	3	10
767	1	98541	2	1445	3	14
768	1	98325	2	1660	3	15
769	1	98233	2	1745	3	21	4	1
770	1	98456	2	1534	3	10
771	1	98450	2	1537	3	12	4	1
772	1	98370	2	1617	3	13
773	1	98277	2	1706	3	17
774	1	98170	2	1808	3	22
775	1	98041	2	1942	3	17
776	1	98132	2	1845	3	23
777	1	98007	2	1966	3	26	4	1
778	1	97935	2	2045	3	20
779	1	97977	2	2003	3	20
780	1	97692	2	2272	3	35	4	1
781	1	97706	2	2267	3	27
782	1	97430	2	2540	3	30
783	1	97574	2	2397	3	29
784	1	97231	2	2728	3	41
785	1	97338	2	2625	3	37
786	1	96959	2	3002	3	39
787	1	97222	2	2741	3	37
788	1	97019	2	2941	3	40
789	1	97044	2	2914	3	42
790	1	96635	2	3297	3	67	4	1
791	1	96585	2	3358	3	54	4	2	5	1
792	1	96378	2	3568	3	52	4	1	5	1
793	1	96437	2	3482	3	80	4	1
794	1	95803	2	4112	3	84	4	1
795	1	96017	2	3904	3	78	4	1
796	1	95587	2	4323	3	88	4	2
797	1	95568	2	4340	3	90	4	2
798	1	95172	2	4693	3	132	4	3
799	1	95153	2	4736	3	107	4	4
800	1	95396	2	4479	3	123	4	2
801	1	95832	2	4058	3	108	4	2
802	1	95645	2	4246	3	107	4	2
803	1	95604	2	4299	3	95	4	2
804	1	95256	2	4616	3	126	4	2
805	1	94843	2	5022	3	134	4	1
806	1	94673	2	5190	3	134	4	3
807	1	94290	2	5552	3	155	4	3
808	1	94095	2	5742	3	160	4	3
809	1	94201	2	5623	3	167	4	9
810	1	93753	2	6062	3	180	4	5
811	1	93350	2	6438	3	206	4	6
812	1	93214	2	6567	3	215	4	4
813	1	92820	2	6931	3	237	4	11	5	1
814	1	92628	2	7120	3	244	4	8
815	1	92652	2	7079	3	264	4	5
816	1	92028	2	7644	3	323	4	5
817	1	91922	2	7773	3	299	4	6
818	1	91434	2	8203	3	349	4	12	5	2
819	1	91065	2	8544	3	375	4	15	5	1
820	1	90930	2	8636	3	424	4	9	6	1
821	1	90615	2	8922	3	447	4	16
822	1	90203	2	9334	3	450	4	13
823	1	89675	2	9826	3	481	4	18
824	1	89641	2	9803	3	534	4	22
825	1	89190	2	10240	3	551	4	19
826	1	88981	2	10405	3	600	4	13	5	1
827	1	88518	2	10775	3	677	4	29	5	1
828	1	88175	2	11100	3	693	4	29	5	3
829	1	87835	2	11446	3	683	4	36
830	1	87319	2	11838	3	800	4	41	5	2
831	1	86926	2	12237	3	799	4	36	5	2
832	1	86418	2	12656	3	876	4	48	5	1	6	1
833	1	86043	2	12947	3	961	4	49
834	1	84595	2	14241	3	1102	4	59	5	3
835	1	84478	2	14274	3	1172	4	72	5	4
836	1	83660	2	14974	3	1269	4	93	5	4
837	1	83394	2	15242	3	1274	4	88	5	2
838	1	82690	2	15798	3	1419	4	87	5	6
839	1	82782	2	15656	3	1474	4	82	5	6
840	1	81768	2	16577	3	1551	4	99	5	5
841	1	81573	2	16632	3	1674	4	113	5	6	6	2
842	1	79156	2	18620	3	2067	4	151	5	6
843	1	80587	2	17529	3	1778	4	102	5	4
844	1	79935	2	18009	3	1918	4	131	5	7
845	1	78993	2	18781	3	2072	4	146	5	8
846	1	78347	2	19188	3	2308	4	139	5	15	6	3
847	1	77693	2	19676	3	2408	4	211	5	11	6	1
848	1	76341	2	20783	3	2640	4	225	5	9	6	2
849	1	76224	2	20879	3	2685	4	193	5	18	6	1
850	1	75126	2	21652	3	2957	4	249	5	15	6	1
851	1	73941	2	22505	3	3214	4	317	5	19	6	4
852	1	72897	2	23134	3	3589	4	346	5	30	6	3	7	1
853	1	73144	2	23011	3	3476	4	349	5	20
854	1	71692	2	24055	3	3820	4	399	5	32	6	2
855	1	70103	2	25165	3	4243	4	443	5	42	6	4
856	1	69056	2	25732	3	4654	4	505	5	51	6	2
857	1	68005	2	26462	3	4912	4	575	5	45	6	1
858	1	72607	2	23292	3	3691	4	385	5	24	7	1
859	1	69956	2	24971	3	4477	4	550	5	42	6	3	7	1
860	1	69309	2	25425	3	4658	4	555	5	49	6	4
861	1	67956	2	26239	3	5085	4	645	5	71	6	3	7	1
862	1	66721	2	26924	3	5535	4	745	5	73	6	2
863	1	64735	2	28335	3	6020	4	810	5	89	6	10	7	1
864	1	64590	2	28287	3	6168	4	858	5	88	6	9
865	1	63663	2	28784	3	6464	4	992	5	91	6	6
866	1	61911	2	29620	3	7279	4	1057	5	119	6	11	7	3
867	1	61434	2	30017	3	7287	4	1109	5	149	6	4
868	1	59768	2	30828	3	7921	4	1328	5	141	6	12	7	2
869	1	58847	2	31225	3	8264	4	1474	5	164	6	26
870	1	58411	2	31589	3	8310	4	1486	5	183	6	18	7	3
871	1	56844	2	32347	3	9035	4	1556	5	188	6	28	7	2
872	1	55763	2	32797	3	9348	4	1786	5	273	6	30	7	3
873	1	54710	2	33236	3	9866	4	1887	5	275	6	24	7	2
874	1	53499	2	33723	3	10309	4	2122	5	301	6	40	7	5	8	1
875	1	51849	2	34658	3	10883	4	2265	5	300	6	41	7	4
876	1	49687	2	35208	3	11951	4	2659	5	428	6	62	7	3	8	2
877	1	48248	2	35702	3	12641	4	2850	5	494	6	55	7	9	11	1
878	1	46213	2	36049	3	13695	4	3361	5	592	6	83	7	5	8	2
879	1	46201	2	36153	3	13649	4	3319	5	584	6	90	7	4
880	1	44628	2	36298	3	14492	4	3777	5	682	6	107	7	13	8	2	9	1
881	1	43748	2	36503	3	14853	4	4045	5	754	6	87	7	10
882	1	43521	2	36659	3	14945	4	3958	5	768	6	124	7	24	8	1
883	1	41715	2	36893	3	15953	4	4394	5	886	6	145	7	14
884	1	39948	2	37057	3	17048	4	4772	5	1009	6	136	7	24	8	6
885	1	38694	2	37131	3	17559	4	5207	5	1185	6	198	7	21	8	4	9	1
886	1	37697	2	37455	3	17835	4	5502	5	1258	6	215	7	36	8	2
887	1	35973	2	37603	3	18526	4	6169	5	1422	6	267	7	31	8	9
888	1	33958	2	37308	3	19807	4	6835	5	1680	6	346	7	55	8	9	9	1	10	1
889	1	36455	2	37118	3	18496	4	6102	5	1490	6	287	7	47	8	4	9	1
890	1	34937	2	36637	3	19421	4	6888	5	1704	6	346	7	59	8	8
891	1	32559	2	36584	3	20717	4	7652	5	1997	6	404	7	79	8	7	9	1
892	1	33027	2	36516	3	20468	4	7438	5	2020	6	444	7	80	8	5	9	2
893	1	29713	2	36334	3	22119	4	8731	5	2429	6	558	7	97	8	18	9	1
894	1	29576	2	35932	3	22312	4	8799	5	2636	6	607	7	119	8	18	9	1
895	1	28009	2	36087	3	22661	4	9485	5	2944	6	655	7	146	8	12	9	1
896	1	26494	2	35533	3	23521	4	10113	5	3335	6	807	7	166	8	26	9	4	11	1
897	1	25267	2	35216	3	24270	4	10655	5	3471	6	903	7	175	8	35	9	5	10	3
898	1	24638	2	35108	3	24201	4	11024	5	3779	6	995	7	208	8	43	9	4
899	1	22706	2	34068	3	25342	4	12217	5	4223	6	1159	7	239	8	42	9	2	10	1	11	1
900	1	22360	2	33662	3	25426	4	12456	5	4448	6	1249	7	321	8	71	9	7
901	1	20005	2	33203	3	26204	4	13523	5	5127	6	1490	7	383	8	57	9	8
902	1	19187	2	32195	3	26623	4	14127	5	5599	6	1704	7	466	8	84	9	13	10	2
903	1	17924	2	31762	3	27165	4	14744	5	5969	6	1830	7	465	8	116	9	21	10	4
904	1	17944	2	30817	3	26987	4	15285	5	6199	6	2034	7	574	8	132	9	23	10	4	11	1
905	1	15557	2	30122	3	27530	4	16398	5	7029	6	2541	7	630	8	142	9	46	10	4	11	1
906	1	15278	2	28880	3	27546	4	16899	5	7641	6	2713	7	815	8	177	9	41	10	7	11	3
907	1	14173	2	28320	3	27716	4	17413	5	8247	6	2951	7	911	8	226	9	37	10	6
908	1	12221	2	26327	3	27739	4	18900	5	9655	6	3647	7	1137	8	287	9	65	10	20	11	1	12	1
909	1	11501	2	25667	3	27624	4	19598	5	9833	6	3975	7	1302	8	370	9	91	10	32	11	6	12	1
910	1	13182	2	26440	3	27107	4	18588	5	9376	6	3747	7	1140	8	334	9	65	10	16	11	3	12	2
911	1	12082	2	25879	3	27324	4	19135	5	9819	6	3951	7	1357	8	343	9	91	10	15	11	3	13	1
912	1	10675	2	23928	3	26992	4	20248	5	11086	6	4752	7	1674	8	483	9	135	10	20	11	4	12	3
913	1	9639	2	22902	3	26888	4	20683	5	11949	6	5216	7	1910	8	627	9	141	10	36	11	6	12	3
914	1	9722	2	22598	3	26888	4	20574	5	12043	6	5388	7	1997	8	590	9	158	10	31	11	8	12	2	13	1
915	1	8455	2	20892	3	26243	4	21792	5	13016	6	6231	7	2349	8	765	9	206	10	37	11	9	12	1	13	2	14	2
916	1	8192	2	20274	3	25814	4	21759	5	13508	6	6670	7	2582	8	870	9	244	10	65	11	20	12	2
917	1	6913	2	19089	3	25289	4	22619	5	14454	6	7215	7	2954	8	1039	9	331	10	76	11	13	12	7	13	1
918	1	6093	2	17376	3	24583	4	22824	5	15447	6	8268	7	3578	8	1302	9	400	10	100	11	23	12	4	13	1	14	1
919	1	5891	2	17090	3	24294	4	22595	5	15756	6	8697	7	3774	8	1307	9	434	10	120	11	32	12	7	13	3
920	1	5381	2	15891	3	23454	4	22813	5	16252	6	9370	7	4382	8	1657	9	576	10	165	11	49	12	10
921	1	4419	2	14315	3	22440	4	23535	5	17504	6	10083	7	4907	8	1910	9	629	10	197	11	48	12	11	13	2
922	1	4199	2	13385	3	21511	4	23230	5	17892	6	10686	7	5563	8	2311	9	847	10	282	11	73	12	15	13	5	14	1
923	1	3585	2	12041	3	20892	4	23292	5	18498	6	11590	7	6057	8	2657	9	959	10	316	11	84	12	21	13	7	15	1
924	1	4308	2	13304	3	21350	4	22867	5	17726	6	11101	7	5636	8	2407	9	892	10	301	11	82	12	24	13	1	15	1
925	1	3172	2	11252	3	19751	4	22798	5	18999	6	12502	7	6812	8	2956	9	1196	10	400	11	119	12	35	13	7	14	1
926	1	2997	2	10343	3	18604	4	21909	5	19309	6	13455	7	7654	8	3543	9	1484	10	512	11	141	12	31	13	17	14	1
927	1	2461	2	9693	3	17672	4	21977	5	19863	6	14081	7	8060	8	3765	9	1608	10	584	11	172	12	49	13	11	14	4
928	1	2382	2	8929	3	16797	4	21238	5	19891	6	14521	7	8821	8	4455	9	1871	10	729	11	237	12	93	13	24	14	9	15	3
929	1	1889	2	7833	3	15666	4	20773	5	20415	6	15520	7	9407	8	4990	9	2234	10	848	11	294	12	98	13	25	14	6	15	2
930	1	1747	2	7119	3	14572	4	20099	5	20282	6	16029	7	10278	8	5707	9	2569	10	1056	11	382	12	124	13	29	14	5	15	2
931	1	1340	2	6050	3	13525	4	19233	5	20676	6	16920	7	11167	8	6288	9	2943	10	1219	11	432	12	150	13	39	14	12	15	4	16	2
932	1	1263	2	5523	3	12396	4	18067	5	20039	6	17285	7	12161	8	7155	9	3553	10	1601	11	626	12	227	13	77	14	22	15	3	16	2
933	1	946	2	4715	3	11187	4	17351	5	20268	6	17870	7	12886	8	7728	9	4148	10	1787	11	753	12	236	13	95	14	19	15	8	16	3
934	1	1183	2	5222	3	11752	4	17469	5	19573	6	17728	7	12464	8	7819	9	3921	10	1820	11	669	12	249	13	97	14	23	15	8	16	3
935	1	751	2	3959	3	9825	4	16097	5	19532	6	18170	7	13987	8	8994	9	4865	10	2318	11	977	12	349	13	125	14	40	15	8	16	2	17	1
936	1	887	2	4156	3	10003	4	15841	5	19049	6	17966	7	13792	8	9244	9	5004	10	2377	11	1085	12	396	13	132	14	46	15	17	16	4	17	1
937	1	527	2	3099	3	8193	4	14757	5	18649	6	18641	7	15098	8	10201	9	5826	10	2952	11	1276	12	493	13	196	14	63	15	25	16	3	17	1
938	1	514	2	2657	3	7197	4	13072	5	17447	6	18531	7	16088	8	11310	9	6765	10	3669	11	1694	12	690	13	240	14	81	15	35	16	5	17	3	18	2
939	1	383	2	2223	3	6550	4	12232	5	16991	6	18556	7	16362	8	11932	9	7475	10	4038	11	1931	12	857	13	322	14	108	15	29	16	6	17	5
940	1	398	2	2037	3	5918	4	11108	5	15834	6	17899	7	16542	8	12728	9	8409	10	4861	11	2472	12	1140	13	430	14	154	15	53	16	12	17	5
941	1	211	2	1359	3	4629	4	9790	5	14948	6	17630	7	16938	8	14009	9	9648	10	5666	11	2982	12	1264	13	567	14	250	15	83	16	21	17	2	18	2	19	1
942	1	298	2	1679	3	5002	4	9803	5	14686	6	17521	7	16794	8	13672	9	9514	10	5732	11	2985	12	1361	13	610	14	224	15	84	16	23	17	6	18	5	19	1
943	1	159	2	1164	3	3860	4	8413	5	13399	6	16974	7	17202	8	14540	9	10722	10	6647	11	3747	12	1862	13	806	14	353	15	111	16	30	17	5	18	4	19	1	20	1
944	1	210	2	1309	3	3846	4	8011	5	12622	6	16051	7	16736	8	14977	9	11232	10	7307	11	4025	12	2065	13	982	14	398	15	147	16	52	17	24	18	5	19	1
945	1	99	2	799	3	2709	4	6640	5	11253	6	15344	7	17081	8	15704	9	12365	10	8258	11	4903	12	2649	13	1323	14	510	15	233	16	86	17	33	18	7	19	4
946	1	134	2	825	3	2700	4	6112	5	10504	6	14388	7	16561	8	15528	9	12714	10	9140	11	5613	12	3132	13	1525	14	675	15	289	16	114	17	32	18	9	19	3	20	1	21	1
947	1	81	2	547	3	2061	4	5198	5	9723	6	13928	7	16359	8	15978	9	13484	10	9790	11	6176	12	3513	13	1755	14	834	15	351	16	137	17	60	18	14	19	8	20	3
948	1	129	2	684	3	2303	4	5216	5	9343	6	13383	7	15882	8	16073	9	13286	10	10002	11	6429	12	3854	13	1930	14	901	15	362	16	148	17	45	18	23	19	6	20	1
949	1	34	2	319	3	1374	4	3755	5	7552	6	11873	7	15253	8	16151	9	14681	10	11582	11	7754	12	4820	13	2630	14	1252	15	606	16	242	17	73	18	31	19	10	20	2	21	5	22	1
950	1	47	2	422	3	1449	4	3571	5	7060	6	11101	7	14659	8	15694	9	14489	10	11947	11	8360	12	5391	13	3081	14	1534	15	686	16	319	17	119	18	42	19	19	20	8	21	2
951	1	23	2	204	3	915	4	2711	5	6031	6	10115	7	13643	8	15770	9	15192	10	12746	11	9554	12	6262	13	3400	14	1904	15	880	16	397	17	163	18	65	19	13	20	11	21	1
952	1	55	2	314	3	1091	4	2755	5	5479	6	9208	7	12840	8	15100	9	15104	10	12847	11	9998	12	6899	13	4112	14	2248	15	1110	16	470	17	228	18	92	19	31	20	10	21	3	22	5	23	1
953	1	12	2	134	3	651	4	1860	5	4348	6	7917	7	11690	8	14515	9	15159	10	14222	11	11187	12	7809	13	5056	14	2861	15	1444	16	681	17	269	18	120	19	43	20	13	21	8	23	1
954	1	31	2	169	3	693	4	1907	5	4028	6	7186	7	10948	8	13658	9	14952	10	13980	11	11500	12	8697	13	5609	14	3364	15	1741	16	909	17	387	18	146	19	63	20	23	21	6	22	2	23	1
955	1	5	2	71	3	331	4	1128	5	3039	6	5958	7	9628	8	12844	9	14839	10	14628	11	12822	12	9719	13	6608	14	4083	15	2294	16	1114	17	539	18	215	19	82	20	32	21	15	22	5	23	1
956	1	24	2	121	3	493	4	1312	5	2904	6	5378	7	8580	8	11721	9	13870	10	14211	11	12916	12	10493	13	7466	14	4876	15	2826	16	1518	17	749	18	321	19	123	20	58	21	26	22	11	23	3
957	1	3	2	40	3	244	4	857	5	2216	6	4771	7	8193	8	11408	9	13894	10	14586	11	13252	12	10841	13	8101	14	5253	15	3188	16	1717	17	843	18	348	19	145	20	65	21	20	22	11	23	4
958	1	10	2	66	3	282	4	940	5	2105	6	4049	7	7005	8	9966	9	12742	10	14224	11	13676	12	11525	13	8972	14	6233	15	3845	16	2231	17	1147	18	526	19	267	20	119	21	46	22	18	23	4	24	1	25	1
959	1	3	2	20	3	133	4	479	5	1462	6	3286	7	5934	8	9225	9	11953	10	13781	11	14012	12	12503	13	9938	14	7162	15	4572	16	2826	17	1459	18	679	19	336	20	141	21	62	22	19	23	8	24	5	25	2
960	1	24	2	67	3	250	4	656	5	1465	6	2985	7	5362	8	7973	9	10742	10	13029	11	13753	12	12693	13	10363	14	8018	15	5439	16	3360	17	1990	18	989	19	508	20	197	21	79	22	37	23	11	24	10
961	2	6	3	73	4	266	5	874	6	2073	7	4290	8	7111	9	10307	10	12453	11	13695	12	13259	13	11509	14	8846	15	6389	16	4022	17	2347	18	1293	19	670	20	314	21	119	22	58	23	19	24	3	25	2	26	2
962	1	9	2	38	3	160	4	475	5	1019	6	2148	7	3853	8	6367	9	9267	10	11775	11	13273	12	13274	13	11643	14	9453	15	6826	16	4601	17	2734	18	1545	19	798	20	429	21	185	22	83	23	33	24	4	25	5	26	2	28	1
963	1	1	2	5	3	45	4	172	5	601	6	1508	7	3263	8	5546	9	8266	10	11395	11	12914	12	13405	13	12396	14	10387	15	7577	16	5302	17	3425	18	1884	19	1014	20	491	21	250	22	96	23	35	24	10	25	10	26	2
964	1	3	2	36	3	119	4	315	5	664	6	1469	7	2736	8	4782	9	7167	10	9878	11	11769	12	12715	13	12713	14	10750	15	8903	16	6421	17	4264	18	2522	19	1424	20	698	21	360	22	170	23	68	24	28	25	17	26	8	27	1
965	1	1	2	1	3	14	4	94	5	300	6	859	7	1932	8	3838	9	6212	10	9017	11	11399	12	12827	13	12775	14	11752	15	9800	16	7234	17	5034	18	3165	19	1832	20	1013	21	484	22	232	23	111	24	50	25	16	26	5	27	1	28	2
966	1	4	2	13	3	69	4	196	5	459	6	957	7	1906	8	3283	9	5501	10	7845	11	10391	12	12007	13	12840	14	12011	15	10241	16	8021	17	5719	18	3807	19	2260	20	1256	21	638	22	334	23	136	24	64	25	25	26	9	27	4	28	3	29	1
967	3	6	4	33	5	142	6	468	7	1141	8	2433	9	4299	10	6687	11	9561	12	11432	13	12722	14	12406	15	11176	16	9229	17	6917	18	4702	19	2945	20	1844	21	943	22	486	23	243	24	110	25	52	26	14	27	7	29	2
968	1	11	2	31	3	78	4	192	5	388	6	778	7	1468	8	2547	9	4091	10	6429	11	8596	12	10662	13	12188	14	12160	15	11109	16	9416	17	7381	18	5061	19	3350	20	1866	21	1129	22	558	23	285	24	120	25	55	26	33	27	13	28	4	29	1
969	3	5	4	31	5	82	6	304	7	752	8	1614	9	3127	10	5249	11	7681	12	10053	13	11734	14	12725	15	11788	16	10474	17	8356	18	6220	19	4166	20	2547	21	1539	22	784	23	418	24	195	25	91	26	40	27	12	28	13
970	2	7	3	26	4	78	5	222	6	477	7	826	8	1341	9	2500	10	4144	11	6251	12	8497	13	10924	14	11864	15	12283	16	11060	17	9290	18	7222	19	5217	20	3409	21	2063	22	1138	23	604	24	304	25	146	26	70	27	22	28	11	29	2	33	1	34	1
971	2	1	3	2	4	14	5	51	6	148	7	402	8	853	9	1953	10	3511	11	5534	12	7714	13	10095	14	11653	15	12154	16	11576	17	10244	18	8237	19	5976	20	4060	21	2604	22	1488	23	931	24	390	25	221	26	119	27	42	28	16	29	4	30	3	31	2	32	1	35	1
972	2	11	3	38	4	62	5	174	6	338	7	644	8	1057	9	1801	10	3029	11	4561	12	6514	13	8818	14	10672	15	11757	16	11693	17	10791	18	8826	19	6885	20	4826	21	3231	22	1981	23	1096	24	616	25	319	26	147	27	73	28	28	29	7	30	2	31	3
973	4	4	5	17	6	62	7	178	8	433	9	1082	10	2030	11	3683	12	5637	13	7939	14	10183	15	11320	16	11711	17	11468	18	10098	19	8045	20	5979	21	4121	22	2671	23	1575	24	908	25	440	26	218	27	126	28	40	29	17	30	8	31	5	33	1	36	1
974	3	11	4	51	5	106	6	242	7	419	8	678	9	1056	10	1832	11	2892	12	4529	13	6545	14	8835	15	10265	16	11653	17	11388	18	10674	19	8901	20	6812	21	5115	22	3370	23	2075	24	1232	25	674	26	335	27	166	28	83	29	31	30	20	31	6	32	1	33	3
975	2	1	4	2	5	10	6	40	7	102	8	294	9	660	10	1335	11	2437	12	4078	13	6020	14	8055	15	10038	16	11066	17	11728	18	10946	19	9605	20	7755	21	5804	22	4072	23	2527	24	1470	25	971	26	509	27	261	28	111	29	63	30	23	31	12	32	3	34	2
976	1	1	2	7	3	17	4	49	5	116	6	198	7	357	8	510	9	822	10	1351	11	2128	12	3393	13	5028	14	6852	15	8786	16	10419	17	11101	18	10892	19	9911	20	8378	21	6732	22	4873	23	3308	24	2104	25	1272	26	698	27	374	28	190	29	86	30	25	31	13	32	5	33	3	34	1
977	4	1	5	5	6	19	7	46	8	128	9	339	10	732	11	1503	12	2589	13	4291	14	6002	15	8103	16	9777	17	10920	18	11463	19	10703	20	9639	21	7519	22	5839	23	4017	24	2681	25	1653	26	998	27	554	28	265	29	109	30	56	31	24	32	17	33	8
978	2	2	3	2	4	16	5	60	6	101	7	217	8	395	9	549	10	738	11	1136	12	1910	13	3043	14	4705	15	6602	16	8479	17	9973	18	11065	19	11136	20	10274	21	8696	22	6990	23	5104	24	3575	25	2291	26	1362	27	769	28	407	29	225	30	96	31	55	32	18	33	5	34	1	35	1	36	1	38	1
979	5	1	6	6	7	22	8	57	9	145	10	351	11	725	12	1299	13	2440	14	3895	15	5670	16	7616	17	9249	18	10623	19	11039	20	10661	21	9775	22	8149	23	6283	24	4527	25	3094	26	1924	27	1193	28	642	29	328	30	151	31	66	32	42	33	15	34	6	35	3	36	2	37	1
980	1	1	2	1	3	9	4	29	5	51	6	91	7	153	8	305	9	471	10	653	11	961	12	1365	13	2147	14	3250	15	4686	16	6478	17	8172	18	9814	19	10593	20	10571	21	9908	22	8569	23	6966	24	5261	25	3664	26	2435	27	1508	28	898	29	528	30	231	31	132	32	55	33	26	34	11	35	6	36	1
981	6	5	7	10	8	33	9	90	10	218	11	453	12	887	13	1604	14	2625	15	4061	16	5736	17	7540	18	9162	19	10453	20	10843	21	10608	22	9391	23	7941	24	6114	25	4518	26	3070	27	2037	28	1219	29	699	30	323	31	201	32	92	33	41	34	15	35	6	36	2	37	3
982	3	1	4	5	5	18	6	37	7	93	8	214	9	295	10	428	11	545	12	699	13	1081	14	1741	15	2700	16	4024	17	5838	18	7518	19	9378	20	10371	21	10822	22	10259	23	9112	24	7576	25	5896	26	4217	27	2900	28	1797	29	1103	30	648	31	349	32	184	33	73	34	46	35	18	36	9	37	3	38	2
983	7	5	8	17	9	42	10	133	11	234	12	455	13	868	14	1481	15	2511	16	3761	17	5292	18	7035	19	8773	20	9958	21	10278	22	10448	23	9743	24	8253	25	6677	26	4877	27	3507	28	2339	29	1440	30	888	31	501	32	238	33	133	34	64	35	24	36	15	37	3	38	3	39	2	40	1	42	1
984	1	1	2	2	3	10	4	17	5	25	6	67	7	119	8	159	9	233	10	364	11	511	12	673	13	930	14	1339	15	2032	16	2941	17	4329	18	5833	19	7488	20	8940	21	9753	22	10390	23	9905	24	8904	25	7283	26	5941	27	4254	28	2970	29	1970	30	1168	31	710	32	368	33	204	34	97	35	33	36	23	37	9	38	4	39	1
985	7	1	8	3	9	7	10	31	11	67	12	147	13	326	14	656	15	1121	16	1903	17	2879	18	4335	19	5971	20	7767	21	9186	22	10211	23	10607	24	10056	25	9159	26	7480	27	5948	28	4465	29	3101	30	1927	31	1187	32	662	33	398	34	210	35	103	36	55	37	21	38	8	39	1	41	1
986	3	2	4	2	5	10	6	23	7	40	8	99	9	164	10	262	11	338	12	406	13	526	14	673	15	1002	16	1389	17	2329	18	3454	19	4978	20	6602	21	8145	22	9431	23	10245	24	10179	25	9624	26	8275	27	6718	28	5157	29	3719	30	2486	31	1599	32	947	33	544	34	339	35	160	36	78	37	32	38	13	39	6	40	3	41	1
987	7	1	8	8	9	12	10	27	11	60	12	112	13	241	14	443	15	776	16	1264	17	1945	18	3165	19	4271	20	5934	21	7406	22	8557	23	9749	24	10206	25	9831	26	8909	27	7478	28	6230	29	4678	30	3254	31	2204	32	1442	33	850	34	448	35	246	36	120	37	81	38	24	39	16	40	8	41	3	42	1
988	3	1	4	10	5	25	6	24	7	40	8	67	9	118	10	192	11	263	12	367	13	483	14	560	15	728	16	1036	17	1423	18	2100	19	3010	20	4405	21	5758	22	7429	23	8643	24	9453	25	9796	26	9505	27	8610	28	7380	29	5896	30	4373	31	3106	32	2101	33	1427	34	767	35	446	36	250	37	119	38	43	39	25	40	14	41	4	42	2	43	1
989	9	2	10	7	11	20	12	42	13	87	14	200	15	385	16	694	17	1112	18	1791	19	2628	20	3857	21	5105	22	6605	23	8076	24	9134	25	9701	26	9691	27	9248	28	8122	29	6833	30	5387	31	3995	32	2850	33	1803	34	1152	35	670	36	387	37	199	38	105	39	67	40	23	41	11	42	7	43	3	44	1
990	3	1	5	2	6	4	7	29	8	41	9	93	10	149	11	238	12	294	13	354	14	393	15	500	16	539	17	702	18	1074	19	1720	20	2571	21	3788	22	5028	23	6681	24	8028	25	9060	26	9763	27	9743	28	8977	29	8062	30	6725	31	5071	32	3756	33	2514	34	1707	35	1126	36	620	37	333	38	150	39	103	40	35	41	16	42	6	43	2	44	2
991	9	2	10	3	11	12	12	17	13	34	14	105	15	133	16	298	17	472	18	813	19	1321	20	2077	21	2838	22	4164	23	5554	24	6907	25	8249	26	9181	27	9756	28	9596	29	8940	30	7757	31	6439	32	5172	33	3728	34	2522	35	1637	36	983	37	605	38	326	39	180	40	100	41	43	42	19	43	10	44	5	45	2
992	2	3	3	3	4	8	5	7	6	15	7	23	8	44	9	65	10	103	11	153	12	220	13	323	14	421	15	493	16	544	17	646	18	823	19	1117	20	1644	21	2416	22	3286	23	4344	24	5816	25	6856	26	8173	27	8883	28	9354	29	8859	30	8301	31	7222	32	5899	33	4547	34	3388	35	2326	36	1500	37	982	38	557	39	301	40	169	41	89	42	45	43	21	44	5	45	5	48	1
993	10	3	11	7	12	7	13	24	14	48	15	95	16	156	17	280	18	470	19	751	20	1241	21	1787	22	2633	23	3646	24	4876	25	6112	26	7435	27	8506	28	9139	29	9404	30	9164	31	8153	32	7081	33	5763	34	4433	35	3172	36	2228	37	1340	38	908	39	539	40	289	41	173	42	69	43	48	44	9	45	7	46	4
994	4	1	5	1	6	1	7	4	8	12	9	36	10	49	11	107	12	154	13	223	14	301	15	330	16	411	17	365	18	430	19	467	20	671	21	997	22	1566	23	2353	24	3330	25	4726	26	5997	27	7436	28	8214	29	9088	30	9404	31	9051	32	8228	33	7093	34	5762	35	4411	36	3168	37	2172	38	1461	39	891	40	530	41	285	42	149	43	66	44	27	45	15	46	12	47	2	48	3
995	8	1	9	1	11	4	12	7	13	13	14	24	15	46	16	100	17	154	18	278	19	414	20	672	21	1007	22	1386	23	2032	24	2978	25	3937	26	5004	27	6373	28	7586	29	8489	30	8967	31	9201	32	8622	33	7786	34	6723	35	5509	36	4231	37	3092	38	2126	39	1378	40	801	41	492	42	249	43	156	44	84	45	38	46	24	47	8	48	5	49	2
996	4	1	5	9	6	8	7	23	8	27	9	45	10	60	11	60	12	95	13	172	14	210	15	277	16	376	17	409	18	414	19	523	20	599	21	761	22	992	23	1460	24	2107	25	2787	26	3888	27	4947	28	6156	29	7263	30	8247	31	8878	32	8809	33	8556	34	7691	35	6535	36	5419	37	3989	38	2970	39	2029	40	1361	41	824	42	465	43	279	44	137	45	78	46	30	47	27	48	7
997	10	1	11	3	12	2	13	5	14	9	15	23	16	28	17	56	18	117	19	188	20	295	21	477	22	703	23	1119	24	1579	25	2251	26	3162	27	4199	28	5216	29	6539	30	7658	31	8310	32	9115	33	8987	34	8441	35	7602	36	6571	37	5246	38	4101	39	2885	40	2003	41	1310	42	800	43	477	44	256	45	129	46	70	47	39	48	16	49	8	50	3	52	1
998	6	2	7	3	8	6	9	12	10	36	11	52	12	85	13	139	14	172	15	233	16	323	17	336	18	366	19	382	20	362	21	389	22	429	23	663	24	909	25	1459	26	2163	27	3032	28	4123	29	5259	30	6363	31	7640	32	8184	33	8844	34	8928	35	8292	36	7566	37	6438	38	5250	39	3870	40	2770	41	1938	42	1250	43	764	44	435	45	274	46	118	47	77	48	28	49	21	50	9	51	5	53	1
999	11	1	13	6	14	7	15	13	16	30	17	52	18	67	19	135	20	196	21	315	22	473	23	656	24	906	25	1378	26	1986	27	2584	28	3351	29	4385	30	5464	31	6509	32	7564	33	8222	34	8715	35	8735	36	8179	37	7347	38	6365	39	4997	40	3814	41	2786	42	1885	43	1176	44	775	45	427	46	245	47	155	48	50	49	27	50	11	51	6	52	3	54	2
1000	4	8	5	7	6	8	7	12	8	21	9	31	10	46	11	51	12	58	13	94	14	112	15	197	16	267	17	304	18	341	19	438	20	432	21	437	22	502	23	607	24	713	25	994	26	1335	27	1876	28	2470	29	3407	30	4255	31	5371	32	6358	33	7458	34	7960	35	8296	36	8390	37	8020	38	7086	39	6126	40	4886	41	3668	42	2646	43	1877	44	1199	45	743	46	423	47	223	48	111	49	66	50	43	51	12	52	13	53	2
