1	1	100000
2	1	100000
3	1	100000
4	1	100000
5	1	100000
6	1	100000
7	1	100000
8	1	100000
9	1	100000
10	1	100000
11	1	100000
12	1	100000
13	1	100000
14	1	100000
15	1	100000
16	1	100000
17	1	100000
18	1	100000
19	1	100000
20	1	100000
21	1	100000
22	1	100000
23	1	100000
24	1	100000
25	1	100000
26	1	100000
27	1	100000
28	1	100000
29	1	100000
30	1	100000
31	1	100000
32	1	100000
33	1	100000
34	1	100000
35	1	100000
36	1	100000
37	1	100000
38	1	100000
39	1	100000
40	1	100000
41	1	100000
42	1	100000
43	1	100000
44	1	100000
45	1	100000
46	1	100000
47	1	100000
48	1	100000
49	1	100000
50	1	100000
51	1	100000
52	1	100000
53	1	100000
54	1	100000
55	1	100000
56	1	100000
57	1	100000
58	1	100000
59	1	100000
60	1	100000
61	1	100000
62	1	100000
63	1	100000
64	1	100000
65	1	100000
66	1	100000
67	1	100000
68	1	100000
69	1	100000
70	1	100000
71	1	100000
72	1	100000
73	1	100000
74	1	100000
75	1	100000
76	1	100000
77	1	100000
78	1	100000
79	1	100000
80	1	100000
81	1	100000
82	1	100000
83	1	100000
84	1	100000
85	1	100000
86	1	100000
87	1	100000
88	1	100000
89	1	100000
90	1	100000
91	1	100000
92	1	100000
93	1	100000
94	1	100000
95	1	100000
96	1	100000
97	1	100000
98	1	100000
99	1	100000
100	1	100000
101	1	100000
102	1	100000
103	1	100000
104	1	100000
105	1	100000
106	1	100000
107	1	100000
108	1	100000
109	1	100000
110	1	100000
111	1	100000
112	1	100000
113	1	100000
114	1	100000
115	1	100000
116	1	100000
117	1	100000
118	1	100000
119	1	100000
120	1	100000
121	1	100000
122	1	100000
123	1	100000
124	1	100000
125	1	100000
126	1	100000
127	1	100000
128	1	100000
129	1	100000
130	1	100000
131	1	100000
132	1	100000
133	1	100000
134	1	100000
135	1	100000
136	1	100000
137	1	100000
138	1	100000
139	1	100000
140	1	100000
141	1	100000
142	1	100000
143	1	100000
144	1	100000
145	1	100000
146	1	100000
147	1	100000
148	1	100000
149	1	100000
150	1	100000
151	1	100000
152	1	100000
153	1	100000
154	1	100000
155	1	100000
156	1	100000
157	1	100000
158	1	100000
159	1	100000
160	1	100000
161	1	100000
162	1	100000
163	1	100000
164	1	100000
165	1	100000
166	1	100000
167	1	100000
168	1	100000
169	1	100000
170	1	100000
171	1	100000
172	1	100000
173	1	100000
174	1	100000
175	1	100000
176	1	100000
177	1	100000
178	1	100000
179	1	100000
180	1	100000
181	1	100000
182	1	100000
183	1	100000
184	1	100000
185	1	100000
186	1	100000
187	1	100000
188	1	100000
189	1	100000
190	1	100000
191	1	100000
192	1	100000
193	1	100000
194	1	100000
195	1	100000
196	1	100000
197	1	100000
198	1	100000
199	1	100000
200	1	100000
201	1	100000
202	1	100000
203	1	100000
204	1	100000
205	1	100000
206	1	100000
207	1	100000
208	1	100000
209	1	100000
210	1	100000
211	1	100000
212	1	100000
213	1	100000
214	1	100000
215	1	100000
216	1	100000
217	1	100000
218	1	100000
219	1	100000
220	1	100000
221	1	100000
222	1	100000
223	1	100000
224	1	100000
225	1	100000
226	1	100000
227	1	100000
228	1	100000
229	1	100000
230	1	100000
231	1	100000
232	1	100000
233	1	100000
234	1	100000
235	1	100000
236	1	100000
237	1	100000
238	1	100000
239	1	100000
240	1	100000
241	1	100000
242	1	100000
243	1	100000
244	1	100000
245	1	100000
246	1	100000
247	1	100000
248	1	100000
249	1	100000
250	1	100000
251	1	100000
252	1	100000
253	1	100000
254	1	100000
255	1	100000
256	1	100000
257	1	100000
258	1	100000
259	1	100000
260	1	100000
261	1	100000
262	1	100000
263	1	100000
264	1	100000
265	1	100000
266	1	100000
267	1	100000
268	1	100000
269	1	100000
270	1	100000
271	1	100000
272	1	100000
273	1	100000
274	1	100000
275	1	100000
276	1	100000
277	1	100000
278	1	100000
279	1	100000
280	1	100000
281	1	100000
282	1	100000
283	1	100000
284	1	100000
285	1	100000
286	1	100000
287	1	100000
288	1	100000
289	1	100000
290	1	100000
291	1	100000
292	1	100000
293	1	100000
294	1	100000
295	1	100000
296	1	100000
297	1	100000
298	1	100000
299	1	100000
300	1	100000
301	1	100000
302	1	100000
303	1	100000
304	1	100000
305	1	100000
306	1	100000
307	1	100000
308	1	100000
309	1	100000
310	1	100000
311	1	100000
312	1	100000
313	1	100000
314	1	100000
315	1	100000
316	1	100000
317	1	100000
318	1	100000
319	1	100000
320	1	100000
321	1	100000
322	1	100000
323	1	100000
324	1	100000
325	1	100000
326	1	100000
327	1	100000
328	1	100000
329	1	100000
330	1	100000
331	1	100000
332	1	100000
333	1	100000
334	1	100000
335	1	100000
336	1	100000
337	1	100000
338	1	100000
339	1	100000
340	1	100000
341	1	100000
342	1	100000
343	1	100000
344	1	100000
345	1	100000
346	1	100000
347	1	100000
348	1	100000
349	1	100000
350	1	100000
351	1	100000
352	1	100000
353	1	100000
354	1	100000
355	1	100000
356	1	100000
357	1	100000
358	1	100000
359	1	100000
360	1	100000
361	1	100000
362	1	100000
363	1	100000
364	1	100000
365	1	100000
366	1	100000
367	1	100000
368	1	100000
369	1	100000
370	1	100000
371	1	100000
372	1	100000
373	1	100000
374	1	100000
375	1	100000
376	1	100000
377	1	100000
378	1	100000
379	1	100000
380	1	100000
381	1	100000
382	1	100000
383	1	100000
384	1	100000
385	1	100000
386	1	100000
387	1	100000
388	1	100000
389	1	100000
390	1	100000
391	1	100000
392	1	100000
393	1	100000
394	1	100000
395	1	100000
396	1	100000
397	1	100000
398	1	100000
399	1	100000
400	1	100000
401	1	100000
402	1	100000
403	1	100000
404	1	100000
405	1	100000
406	1	100000
407	1	100000
408	1	100000
409	1	100000
410	1	100000
411	1	100000
412	1	100000
413	1	100000
414	1	100000
415	1	100000
416	1	100000
417	1	100000
418	1	100000
419	1	100000
420	1	100000
421	1	100000
422	1	100000
423	1	100000
424	1	100000
425	1	100000
426	1	100000
427	1	100000
428	1	100000
429	1	100000
430	1	100000
431	1	100000
432	1	100000
433	1	100000
434	1	100000
435	1	100000
436	1	100000
437	1	100000
438	1	100000
439	1	100000
440	1	100000
441	1	100000
442	1	100000
443	1	100000
444	1	100000
445	1	100000
446	1	100000
447	1	100000
448	1	100000
449	1	100000
450	1	100000
451	1	100000
452	1	100000
453	1	100000
454	1	100000
455	1	100000
456	1	100000
457	1	100000
458	1	100000
459	1	100000
460	1	100000
461	1	100000
462	1	100000
463	1	100000
464	1	100000
465	1	100000
466	1	100000
467	1	100000
468	1	100000
469	1	100000
470	1	100000
471	1	100000
472	1	100000
473	1	100000
474	1	100000
475	1	100000
476	1	100000
477	1	100000
478	1	100000
479	1	100000
480	1	100000
481	1	100000
482	1	100000
483	1	100000
484	1	100000
485	1	100000
486	1	100000
487	1	100000
488	1	100000
489	1	100000
490	1	100000
491	1	100000
492	1	100000
493	1	100000
494	1	100000
495	1	100000
496	1	100000
497	1	100000
498	1	100000
499	1	100000
500	1	100000
501	1	11330	2	88670
502	1	21317	2	78683
503	1	30114	2	69886
504	1	37919	2	62081
505	1	44890	2	55110
506	1	51439	2	48561
507	1	56675	2	43325
508	1	61851	2	38149
509	1	65994	2	34006
510	1	69789	2	30211
511	1	73252	2	26748
512	1	76173	2	23827
513	1	78847	2	21153
514	1	81419	2	18581
515	1	83389	2	16611
516	1	85364	2	14636
517	1	86745	2	13255
518	1	88367	2	11633
519	1	89741	2	10259
520	1	90897	2	9103
521	1	91985	2	8015
522	1	92715	2	7285
523	1	93663	2	6337
524	1	94235	2	5765
525	1	95029	2	4971
526	1	95557	2	4443
527	1	96055	2	3945
528	1	96562	2	3438
529	1	96858	2	3142
530	1	97252	2	2748
531	1	97548	2	2452
532	1	97837	2	2163
533	1	98100	2	1900
534	1	98345	2	1655
535	1	98492	2	1508
536	1	98674	2	1326
537	1	98781	2	1219
538	1	99028	2	972
539	1	99133	2	867
540	1	99169	2	831
541	1	99214	2	786
542	1	99389	2	611
543	1	99437	2	563
544	1	99478	2	522
545	1	99553	2	447
546	1	99605	2	395
547	1	99641	2	359
548	1	99690	2	310
549	1	99706	2	294
550	1	99749	2	251
551	1	99764	2	236
552	1	99801	2	199
553	1	99816	2	184
554	1	99859	2	141
555	1	99881	2	119
556	1	99861	2	139
557	1	99896	2	104
558	1	99906	2	94
559	1	99909	2	91
560	1	99926	2	74
561	1	99941	2	59
562	1	99935	2	65
563	1	99955	2	45
564	1	99958	2	42
565	1	99963	2	37
566	1	99961	2	39
567	1	99966	2	34
568	1	99975	2	25
569	1	99975	2	25
570	1	99982	2	18
571	1	99978	2	22
572	1	99980	2	20
573	1	99976	2	24
574	1	99982	2	18
575	1	99989	2	11
576	1	99983	2	17
577	1	99986	2	14
578	1	99994	2	6
579	1	99991	2	9
580	1	99995	2	5
581	1	99993	2	7
582	1	99997	2	3
583	1	99996	2	4
584	1	99995	2	5
585	1	99997	2	3
586	1	99995	2	5
587	1	99998	2	2
588	1	99999	2	1
589	1	99998	2	2
590	1	100000
591	1	99998	2	2
592	1	99999	2	1
593	1	100000
594	1	100000
595	1	99998	2	2
596	1	100000
597	1	99997	2	3
598	1	99998	2	2
599	1	100000
600	1	99999	2	1
601	1	99998	2	2
602	1	99997	2	3
603	1	99998	2	2
604	1	99998	2	2
605	1	99999	2	1
606	1	100000
607	1	100000
608	1	99997	2	3
609	1	99996	2	4
610	1	100000
611	1	100000
612	1	99998	2	2
613	1	99999	2	1
614	1	99998	2	2
615	1	100000
616	1	99999	2	1
617	1	99999	2	1
618	1	99999	2	1
619	1	99999	2	1
620	1	99998	2	2
621	1	99999	2	1
622	1	99996	2	4
623	1	100000
624	1	99996	2	3	3	1
625	1	99999	2	1
626	1	99997	2	2	3	1
627	1	99997	2	3
628	1	99999	2	1
629	1	99997	2	3
630	1	100000
631	1	99998	2	2
632	1	99996	2	4
633	1	99999	2	1
634	1	99998	2	2
635	1	99998	2	2
636	1	99997	2	3
637	1	99997	2	3
638	1	99997	2	3
639	1	99995	2	5
640	1	99996	2	4
641	1	99998	2	2
642	1	99997	2	3
643	1	99994	2	6
644	1	99991	2	9
645	1	100000
646	1	99993	2	7
647	1	99994	2	6
648	1	99990	2	10
649	1	99993	2	7
650	1	99994	2	6
651	1	99996	2	4
652	1	99988	2	12
653	1	99991	2	9
654	1	99988	2	12
655	1	99986	2	14
656	1	99988	2	12
657	1	99979	2	21
658	1	99991	2	9
659	1	99989	2	11
660	1	99983	2	17
661	1	99981	2	19
662	1	99970	2	30
663	1	99975	2	25
664	1	99967	2	33
665	1	99963	2	37
666	1	99961	2	39
667	1	99997	2	3
668	1	99965	2	35
669	1	99980	2	20
670	1	99986	2	14
671	1	99980	2	20
672	1	99971	2	29
673	1	99991	2	9
674	1	99986	2	14
675	1	99983	2	17
676	1	99958	2	42
677	1	99975	2	25
678	1	99978	2	22
679	1	99983	2	17
680	1	99946	2	54
681	1	99976	2	24
682	1	99962	2	38
683	1	99978	2	22
684	1	99947	2	53
685	1	99962	2	38
686	1	99962	2	38
687	1	99966	2	34
688	1	99957	2	43
689	1	99964	2	36
690	1	99970	2	30
691	1	99969	2	31
692	1	99930	2	70
693	1	99963	2	37
694	1	99955	2	45
695	1	99949	2	51
696	1	99948	2	52
697	1	99942	2	58
698	1	99964	2	36
699	1	99946	2	54
700	1	99929	2	71
701	1	99941	2	59
702	1	99941	2	59
703	1	99929	2	71
704	1	99888	2	112
705	1	99925	2	75
706	1	99929	2	71
707	1	99935	2	65
708	1	99909	2	91
709	1	99912	2	88
710	1	99936	2	64
711	1	99910	2	90
712	1	99885	2	115
713	1	99885	2	115
714	1	99923	2	77
715	1	99871	2	129
716	1	99850	2	150
717	1	99888	2	112
718	1	99858	2	142
719	1	99887	2	113
720	1	99787	2	213
721	1	99866	2	134
722	1	99876	2	124
723	1	99823	2	177
724	1	99824	2	176
725	1	99798	2	200	3	2
726	1	99810	2	189	3	1
727	1	99794	2	206
728	1	99808	2	192
729	1	99808	2	192
730	1	99799	2	201
731	1	99817	2	182	3	1
732	1	99787	2	213
733	1	99767	2	233
734	1	99771	2	229
735	1	99753	2	247
736	1	99678	2	321	3	1
737	1	99760	2	239	3	1
738	1	99731	2	268	3	1
739	1	99698	2	302
740	1	99625	2	375
741	1	99665	2	334	3	1
742	1	99704	2	294	3	2
743	1	99680	2	320
744	1	99650	2	350
745	1	99599	2	400	3	1
746	1	99587	2	413
747	1	99578	2	421	3	1
748	1	99549	2	451
749	1	99540	2	460
750	1	99522	2	478
751	1	99080	2	914	3	6
752	1	99053	2	943	3	4
753	1	99107	2	891	3	2
754	1	99139	2	859	3	2
755	1	99097	2	900	3	3
756	1	99092	2	906	3	2
757	1	99156	2	843	3	1
758	1	99016	2	981	3	3
759	1	99056	2	938	3	6
760	1	99020	2	977	3	3
761	1	99045	2	949	3	6
762	1	99014	2	983	3	3
763	1	99014	2	982	3	4
764	1	98930	2	1063	3	7
765	1	98941	2	1054	3	5
766	1	98893	2	1099	3	8
767	1	98902	2	1094	3	4
768	1	98708	2	1284	3	8
769	1	98723	2	1267	3	10
770	1	98858	2	1134	3	8
771	1	98795	2	1197	3	8
772	1	98827	2	1171	3	2
773	1	98691	2	1299	3	10
774	1	98511	2	1472	3	17
775	1	98554	2	1437	3	9
776	1	98535	2	1452	3	13
777	1	98538	2	1452	3	10
778	1	98378	2	1616	3	6
779	1	98466	2	1520	3	14
780	1	98215	2	1765	3	20
781	1	98329	2	1651	3	20
782	1	98115	2	1871	3	14
783	1	98215	2	1772	3	13
784	1	97868	2	2110	3	21	4	1
785	1	98064	2	1915	3	21
786	1	97763	2	2206	3	31
787	1	97893	2	2084	3	23
788	1	97659	2	2311	3	30
789	1	97757	2	2217	3	26
790	1	97462	2	2504	3	33	4	1
791	1	97485	2	2481	3	34
792	1	97254	2	2702	3	44
793	1	97231	2	2731	3	38
794	1	96822	2	3129	3	48	4	1
795	1	96956	2	3005	3	38	4	1
796	1	96603	2	3348	3	48	4	1
797	1	96545	2	3381	3	72	4	2
798	1	96298	2	3640	3	62
799	1	96249	2	3674	3	76	4	1
800	1	96559	2	3365	3	76
801	1	96743	2	3208	3	48	4	1
802	1	96594	2	3352	3	54
803	1	96517	2	3407	3	76
804	1	96383	2	3553	3	64
805	1	95949	2	3964	3	86	4	1
806	1	95754	2	4149	3	94	4	3
807	1	95547	2	4327	3	124	4	2
808	1	95502	2	4384	3	112	4	2
809	1	95550	2	4347	3	102	4	1
810	1	95150	2	4724	3	122	4	4
811	1	94828	2	5049	3	122	4	1
812	1	94806	2	5033	3	159	4	2
813	1	94415	2	5420	3	159	4	5	5	1
814	1	94175	2	5645	3	175	4	5
815	1	94152	2	5668	3	177	4	3
816	1	93670	2	6123	3	203	4	4
817	1	93548	2	6236	3	214	4	2
818	1	93151	2	6636	3	209	4	4
819	1	92846	2	6904	3	243	4	7
820	1	92778	2	6966	3	251	4	5
821	1	92499	2	7189	3	305	4	7
822	1	92459	2	7256	3	278	4	7
823	1	91686	2	8001	3	311	4	2
824	1	91869	2	7819	3	305	4	7
825	1	91442	2	8219	3	334	4	5
826	1	91309	2	8288	3	395	4	8
827	1	90768	2	8799	3	419	4	13	5	1
828	1	90500	2	9050	3	441	4	7	5	2
829	1	90252	2	9294	3	443	4	11
830	1	89697	2	9754	3	532	4	17
831	1	89587	2	9864	3	526	4	23
832	1	88897	2	10477	3	611	4	14	5	1
833	1	88540	2	10793	3	648	4	19
834	1	87293	2	11911	3	753	4	42	5	1
835	1	87345	2	11829	3	790	4	35	5	1
836	1	86444	2	12643	3	873	4	37	5	3
837	1	86369	2	12760	3	831	4	40
838	1	85974	2	13037	3	943	4	45	5	1
839	1	85828	2	13207	3	929	4	34	5	2
840	1	84975	2	13938	3	1027	4	59	5	1
841	1	84775	2	14089	3	1089	4	46	5	1
842	1	82910	2	15600	3	1395	4	92	5	3
843	1	83960	2	14734	3	1232	4	74
844	1	83646	2	15021	3	1254	4	77	5	2
845	1	82752	2	15750	3	1416	4	79	5	3
846	1	82010	2	16346	3	1536	4	103	5	5
847	1	81399	2	16835	3	1643	4	115	5	8
848	1	80196	2	17708	3	1962	4	124	5	9	6	1
849	1	80163	2	17719	3	1978	4	137	5	3
850	1	79412	2	18370	3	2085	4	122	5	11
851	1	78281	2	19260	3	2286	4	168	5	5
852	1	77214	2	20018	3	2562	4	199	5	7
853	1	77291	2	20040	3	2458	4	194	5	16	6	1
854	1	75822	2	21088	3	2840	4	233	5	17
855	1	74509	2	22164	3	3022	4	291	5	13	6	1
856	1	73482	2	22780	3	3385	4	326	5	26	6	1
857	1	72567	2	23411	3	3650	4	343	5	28	6	1
858	1	76981	2	19959	3	2813	4	225	5	20	6	2
859	1	74481	2	21889	3	3315	4	291	5	23	6	1
860	1	73953	2	22336	3	3342	4	341	5	28
861	1	72592	2	23262	3	3704	4	406	5	34	6	2
862	1	71482	2	24089	3	3971	4	431	5	27
863	1	69664	2	25205	3	4566	4	511	5	52	6	1	7	1
864	1	69666	2	25158	3	4595	4	529	5	46	6	5	7	1
865	1	68699	2	25936	3	4734	4	580	5	49	6	2
866	1	67177	2	26785	3	5276	4	702	5	59	6	1
867	1	66194	2	27465	3	5546	4	712	5	78	6	5
868	1	64847	2	28291	3	5941	4	822	5	88	6	10	7	1
869	1	64071	2	28730	3	6206	4	873	5	102	6	17	7	1
870	1	63792	2	28896	3	6274	4	944	5	87	6	7
871	1	62530	2	29546	3	6808	4	1005	5	106	6	5
872	1	60835	2	30436	3	7412	4	1163	5	142	6	12
873	1	60390	2	30749	3	7475	4	1226	5	146	6	13	7	1
874	1	58935	2	31235	3	8307	4	1363	5	142	6	17	8	1
875	1	57861	2	32057	3	8395	4	1467	5	196	6	18	7	6
876	1	55229	2	33106	3	9605	4	1792	5	239	6	27	7	2
877	1	53977	2	33790	3	10028	4	1922	5	260	6	22	7	1
878	1	52157	2	34282	3	10936	4	2276	5	313	6	34	7	2
879	1	52211	2	34160	3	10966	4	2254	5	357	6	48	7	4
880	1	50752	2	34629	3	11691	4	2530	5	358	6	35	7	5
881	1	49483	2	35105	3	12226	4	2701	5	431	6	51	7	3
882	1	49841	2	35011	3	12003	4	2633	5	448	6	55	7	8	8	1
883	1	47904	2	35654	3	12787	4	3042	5	549	6	60	7	2	8	2
884	1	46078	2	35979	3	13752	4	3464	5	639	6	75	7	13
885	1	44586	2	36451	3	14486	4	3683	5	665	6	111	7	18
886	1	43887	2	36614	3	14737	4	3882	5	761	6	106	7	11	8	2
887	1	42172	2	36687	3	15790	4	4332	5	885	6	119	7	15
888	1	39594	2	37126	3	17148	4	4885	5	1069	6	151	7	26	8	1
889	1	42596	2	36301	3	15524	4	4468	5	927	6	166	7	18
890	1	40798	2	36430	3	16677	4	4893	5	999	6	176	7	25	8	2
891	1	38305	2	36966	3	17761	4	5486	5	1234	6	210	7	33	8	5
892	1	38591	2	36736	3	17650	4	5496	5	1306	6	189	7	30	8	2
893	1	35431	2	36783	3	19364	4	6480	5	1587	6	304	7	44	8	5	9	2
894	1	34980	2	36906	3	19404	4	6653	5	1619	6	371	7	56	8	10	9	1
895	1	33300	2	37220	3	20203	4	7033	5	1802	6	364	7	66	8	12
896	1	31646	2	36761	3	21114	4	7871	5	2090	6	439	7	65	8	13	9	1
897	1	30821	2	36650	3	21371	4	8381	5	2194	6	477	7	92	8	13	9	1
898	1	29948	2	36198	3	22003	4	8627	5	2509	6	597	7	96	8	20	9	2
899	1	27824	2	36141	3	22936	4	9557	5	2743	6	632	7	146	8	21
900	1	27513	2	35524	3	23008	4	9950	5	3100	6	734	7	141	8	29	9	1
901	1	25094	2	35425	3	24201	4	10696	5	3440	6	905	7	190	8	41	9	6	10	2
902	1	23705	2	34767	3	24894	4	11496	5	3905	6	988	7	199	8	41	9	5
903	1	22522	2	34270	3	25283	4	12273	5	4188	6	1154	7	253	8	43	9	12	10	2
904	1	22254	2	33912	3	25258	4	12449	5	4536	6	1251	7	280	8	48	9	10	10	2
905	1	20168	2	33143	3	26296	4	13423	5	5104	6	1444	7	353	8	59	9	9	10	1
906	1	19036	2	32337	3	26611	4	14200	5	5547	6	1697	7	445	8	107	9	19	10	1
907	1	18195	2	31584	3	27160	4	14753	5	5846	6	1873	7	457	8	105	9	23	10	2	11	2
908	1	16004	2	29914	3	27524	4	16245	5	7069	6	2375	7	672	8	144	9	40	10	8	11	3	12	2
909	1	15231	2	29016	3	27656	4	16936	5	7553	6	2619	7	745	8	193	9	43	10	8
910	1	17142	2	30111	3	26597	4	15928	5	6956	6	2387	7	673	8	156	9	44	10	6
911	1	15865	2	29397	3	27274	4	16608	5	7352	6	2548	7	734	8	177	9	35	10	6	11	4
912	1	14264	2	27595	3	27353	4	17699	5	8557	6	3210	7	980	8	265	9	60	10	12	11	3	12	1	13	1
913	1	12754	2	26742	3	27394	4	18588	5	9251	6	3706	7	1158	8	306	9	83	10	17	11	1
914	1	12918	2	26408	3	27045	4	18764	5	9434	6	3813	7	1187	8	344	9	75	10	10	11	2
915	1	11120	2	24986	3	27691	4	19549	5	10394	6	4270	7	1459	8	396	9	115	10	14	11	5	12	1
916	1	10971	2	24265	3	27145	4	19954	5	10725	6	4666	7	1646	8	478	9	111	10	28	11	9	12	2
917	1	9528	2	22898	3	26945	4	21141	5	11678	6	5161	7	1867	8	604	9	149	10	25	11	3	12	1
918	1	8699	2	21441	3	26564	4	21315	5	12748	6	5936	7	2327	8	688	9	237	10	31	11	13	12	1
919	1	8220	2	21060	3	26426	4	21744	5	12881	6	6252	7	2399	8	747	9	214	10	43	11	13	13	1
920	1	7493	2	19775	3	25462	4	22019	5	13963	6	7087	7	2939	8	916	9	259	10	65	11	19	12	3
921	1	6227	2	17868	3	25147	4	23046	5	15167	6	7782	7	3192	8	1113	9	345	10	93	11	18	12	2
922	1	5939	2	16873	3	24392	4	22956	5	15681	6	8551	7	3754	8	1271	9	446	10	93	11	33	12	9	14	2
923	1	5202	2	15794	3	23900	4	22949	5	16494	6	9088	7	4220	8	1591	9	556	10	161	11	35	12	8	13	1	14	1
924	1	6024	2	16853	3	23956	4	22803	5	15761	6	8610	7	3914	8	1442	9	458	10	130	11	44	12	5
925	1	4704	2	14784	3	22499	4	23229	5	17279	6	9955	7	4803	8	1862	9	620	10	193	11	55	12	14	13	3
926	1	4276	2	13516	3	21792	4	22837	5	17722	6	10934	7	5494	8	2286	9	784	10	270	11	67	12	17	13	2	14	2	16	1
927	1	3674	2	12969	3	21090	4	23209	5	18152	6	11468	7	5790	8	2367	9	883	10	278	11	94	12	22	13	3	14	1
928	1	3479	2	11737	3	20011	4	22637	5	18860	6	12183	7	6565	8	2923	9	1081	10	377	11	102	12	40	13	5
929	1	2790	2	10490	3	19276	4	22464	5	19563	6	13307	7	7073	8	3184	9	1273	10	398	11	134	12	40	13	5	14	3
930	1	2737	2	9747	3	18032	4	22076	5	19745	6	13648	7	7877	8	3801	9	1535	10	550	11	182	12	54	13	13	14	3
931	1	2133	2	8692	3	16969	4	21544	5	20182	6	14626	7	8813	8	4303	9	1768	10	671	11	221	12	57	13	15	14	6
932	1	1920	2	7631	3	15574	4	20514	5	20337	6	15508	7	9690	8	5205	9	2283	10	920	11	297	12	85	13	26	14	8	15	2
933	1	1565	2	6947	3	14771	4	20031	5	20477	6	16104	7	10358	8	5709	9	2486	10	1015	11	368	12	118	13	41	14	7	15	3
934	1	1813	2	7473	3	14903	4	20046	5	20111	6	15682	7	10414	8	5496	9	2538	10	1034	11	340	12	115	13	27	14	4	15	2	16	1	18	1
935	1	1223	2	5806	3	13078	4	19116	5	20122	6	16981	7	11604	8	6735	9	3228	10	1382	11	481	12	165	13	59	14	18	15	1	16	1
936	1	1509	2	5966	3	12901	4	18668	5	20059	6	16787	7	11610	8	6845	9	3384	10	1465	11	566	12	185	13	45	14	7	15	3
937	1	936	2	4601	3	11334	4	17684	5	19981	6	17789	7	13002	8	7805	9	4052	10	1775	11	697	12	250	13	68	14	19	15	5	16	2
938	1	899	2	4001	3	9974	4	16176	5	19427	6	18253	7	13818	8	8925	9	4766	10	2303	11	958	12	338	13	113	14	33	15	12	16	2	17	2
939	1	651	2	3404	3	9081	4	15503	5	18970	6	18823	7	14447	8	9557	9	5344	10	2537	11	1056	12	446	13	126	14	38	15	15	16	1	17	1
940	1	639	2	3223	3	8116	4	14384	5	18266	6	18242	7	15294	8	10359	9	6189	10	3046	11	1372	12	578	13	204	14	59	15	22	16	5	17	1	18	1
941	1	361	2	2294	3	6628	4	12601	5	17638	6	18520	7	16342	8	11908	9	7065	10	3716	11	1813	12	734	13	259	14	89	15	23	16	7	17	2
942	1	535	2	2602	3	7044	4	12622	5	17221	6	18727	7	15786	8	11641	9	7068	10	3776	11	1798	12	780	13	263	14	95	15	28	16	9	17	4	18	1
943	1	269	2	1921	3	5727	4	11313	5	16308	6	18057	7	16742	8	12894	9	8205	10	4624	11	2321	12	1012	13	392	14	152	15	52	16	10	17	1
944	1	388	2	1962	3	5626	4	10742	5	15356	6	17777	7	16635	8	12845	9	8768	10	5202	11	2715	12	1206	13	502	14	185	15	63	16	17	17	10	19	1
945	1	193	2	1273	3	4210	4	9205	5	14290	6	17301	7	17182	8	14083	9	10046	10	6236	11	3320	12	1566	13	686	14	289	15	83	16	25	17	8	18	3	19	1
946	1	237	2	1372	3	4109	4	8585	5	13213	6	16608	7	16926	8	14668	9	10558	10	6768	11	3736	12	1887	13	843	14	330	15	109	16	33	17	14	18	3	20	1
947	1	140	2	990	3	3311	4	7543	5	12669	6	16422	7	17260	8	14942	9	11452	10	7407	11	4189	12	2028	13	979	14	434	15	150	16	65	17	14	18	3	20	2
948	1	200	2	1117	3	3544	4	7539	5	12160	6	15715	7	16900	8	15056	9	11607	10	7526	11	4499	12	2356	13	1057	14	448	15	167	16	69	17	28	18	8	19	4
949	1	66	2	605	3	2232	4	5659	5	10355	6	14528	7	16835	8	16062	9	13022	10	9232	11	5677	12	3062	13	1579	14	669	15	276	16	105	17	27	18	7	19	1	20	1
950	1	118	2	694	3	2315	4	5327	5	9576	6	13666	7	16011	8	16113	9	13322	10	9932	11	6263	12	3518	13	1848	14	810	15	286	16	124	17	56	18	14	19	5	20	2
951	1	49	2	398	3	1661	4	4358	5	8283	6	12952	7	15824	8	16128	9	14184	10	10780	11	7181	12	4213	13	2169	14	1091	15	453	16	187	17	70	18	13	19	2	20	1	21	1	23	2
952	1	79	2	511	3	1740	4	4089	5	7755	6	11946	7	14798	8	15874	9	14431	10	11382	11	7878	12	4774	13	2506	14	1322	15	571	16	220	17	73	18	30	19	18	21	3
953	1	27	2	221	3	1086	4	3088	5	6348	6	10635	7	14377	8	16016	9	15183	10	12365	11	8817	12	5697	13	3168	14	1692	15	761	16	320	17	120	18	49	19	19	20	10	21	1
954	1	44	2	300	3	1080	4	2991	5	5860	6	9661	7	13310	8	15288	9	15141	10	13009	11	9592	12	6382	13	3627	14	2029	15	981	16	430	17	175	18	71	19	19	20	7	21	3
955	1	7	2	106	3	615	4	2022	5	4611	6	8219	7	12107	8	14909	9	15553	10	13924	11	10940	12	7468	13	4599	14	2629	15	1294	16	599	17	248	18	98	19	33	20	16	21	3
956	1	34	2	231	3	794	4	2015	5	4223	6	7532	7	11017	8	13680	9	14966	10	13968	11	11491	12	8336	13	5388	14	3223	15	1684	16	784	17	387	18	161	19	57	20	23	21	5	22	1
957	1	12	2	76	3	452	4	1559	5	3659	6	7033	7	10664	8	13802	9	14860	10	14340	11	11818	12	8863	13	5849	14	3483	15	1922	16	907	17	425	18	176	19	63	20	26	21	8	22	2	24	1
958	1	9	2	129	3	499	4	1436	5	3127	6	5823	7	9177	8	12378	9	14496	10	14529	11	12613	12	9834	13	6967	14	4336	15	2422	16	1257	17	546	18	264	19	94	20	45	21	15	22	2	23	1	24	1
959	1	7	2	47	3	263	4	963	5	2474	6	4998	7	8278	8	11882	9	13876	10	14535	11	13327	12	10567	13	7803	14	5021	15	3000	16	1545	17	794	18	373	19	158	20	59	21	20	22	6	23	3	24	1
960	1	17	2	127	3	397	4	1014	5	2312	6	4390	7	7328	8	10326	9	12945	10	14062	11	13501	12	11510	13	8632	14	5864	15	3635	16	2071	17	1026	18	503	19	211	20	86	21	31	22	8	23	2	24	1	25	1
961	1	2	2	37	3	117	4	563	5	1502	6	3433	7	6275	8	9434	9	12376	10	14005	11	14036	12	12231	13	9566	14	6907	15	4369	16	2538	17	1422	18	683	19	297	20	120	21	52	22	26	23	5	24	2	25	2
962	1	12	2	55	3	242	4	768	5	1612	6	3238	7	5607	8	8634	9	11484	10	13379	11	13730	12	12459	13	10220	14	7446	15	4992	16	2892	17	1716	18	836	19	413	20	167	21	64	22	25	23	4	24	4	25	1
963	1	1	2	15	3	88	4	377	5	1037	6	2557	7	4937	8	7956	9	10849	10	13181	11	13793	12	13077	13	10859	14	8075	15	5703	16	3537	17	1984	18	1034	19	534	20	233	21	115	22	33	23	16	24	6	25	2	26	1
964	1	9	2	47	3	180	4	492	5	1144	6	2263	7	4152	8	6557	9	9271	10	11899	11	13329	12	13071	13	11489	14	9301	15	6718	16	4371	17	2758	18	1524	19	760	20	385	21	164	22	68	23	29	24	11	25	6	26	1	28	1
965	1	2	2	6	3	31	4	162	5	583	6	1487	7	3148	8	5601	9	8470	10	11229	11	13121	12	13532	13	12304	14	10305	15	7731	16	5242	17	3323	18	1910	19	956	20	481	21	234	22	89	23	37	24	15	25	1
966	1	4	2	26	3	119	4	294	5	818	6	1478	7	2852	8	4942	9	7515	10	10151	11	12289	12	12944	13	12515	14	10807	15	8352	16	5978	17	4068	18	2353	19	1286	20	650	21	304	22	155	23	60	24	18	25	18	26	2	27	1	29	1
967	2	3	3	24	4	89	5	295	6	936	7	1969	8	3795	9	6335	10	9318	11	11628	12	12880	13	12834	14	11738	15	9539	16	7173	17	4840	18	3017	19	1776	20	949	21	470	22	217	23	104	24	45	25	16	26	7	27	2	28	1
968	1	8	2	32	3	102	4	287	5	625	6	1162	7	2177	8	3757	9	5918	10	8524	11	10729	12	12250	13	12677	14	11606	15	9830	16	7649	17	5304	18	3264	19	1929	20	1130	21	566	22	277	23	102	24	56	25	29	26	8	27	1	28	1
969	2	1	3	9	4	61	5	179	6	569	7	1299	8	2726	9	4742	10	7347	11	10120	12	12011	13	12836	14	12474	15	10827	16	8573	17	6437	18	4110	19	2681	20	1419	21	830	22	413	23	198	24	85	25	32	26	16	27	3	28	1	29	1
970	1	1	2	5	3	37	4	133	5	294	6	631	7	1242	8	2150	9	3788	10	5883	11	8464	12	10571	13	12381	14	12669	15	11569	16	9681	17	7455	18	5247	19	3470	20	2082	21	1157	22	584	23	285	24	131	25	63	26	16	27	8	28	2	30	1
971	1	1	3	5	4	28	5	82	6	277	7	741	8	1598	9	3220	10	5171	11	7680	12	10010	13	11917	14	12519	15	11901	16	10536	17	8351	18	6129	19	4184	20	2552	21	1525	22	836	23	407	24	181	25	91	26	35	27	15	28	4	29	1	30	2	31	1
972	1	2	2	12	3	48	4	112	5	240	6	514	7	942	8	1654	9	2726	10	4406	11	6541	12	8839	13	10807	14	11900	15	12116	16	10842	17	9141	18	7093	19	4819	20	3140	21	1873	22	1135	23	584	24	294	25	144	26	45	27	19	28	8	29	3	31	1
973	2	1	3	2	4	9	5	44	6	141	7	343	8	875	9	1805	10	3317	11	5480	12	7761	13	10119	14	11631	15	12120	16	11977	17	10266	18	8171	19	6034	20	4118	21	2644	22	1530	23	838	24	420	25	191	26	93	27	46	28	17	29	5	30	1	31	1
974	2	1	3	23	4	61	5	162	6	335	7	574	8	995	9	1668	10	2696	11	4477	12	6504	13	8671	14	10579	15	11835	16	11578	17	11061	18	9066	19	7028	20	5009	21	3242	22	1991	23	1183	24	626	25	341	26	171	27	74	28	24	29	18	30	5	31	2
975	4	3	5	21	6	69	7	216	8	559	9	1116	10	2178	11	3766	12	5898	13	8113	14	9816	15	11553	16	11829	17	11186	18	9919	19	7970	20	5871	21	4064	22	2573	23	1561	24	879	25	442	26	209	27	101	28	54	29	26	30	6	31	2
976	1	2	2	8	3	36	4	62	5	151	6	222	7	473	8	869	9	1229	10	2006	11	3179	12	4913	13	6807	14	8803	15	10402	16	11292	17	11271	18	10501	19	8492	20	6801	21	4889	22	3210	23	1981	24	1141	25	617	26	319	27	188	28	84	29	27	30	7	31	8	32	8	33	2
977	4	2	5	10	6	26	7	111	8	283	9	596	10	1315	11	2495	12	3985	13	5932	14	8199	15	9929	16	11254	17	11585	18	11014	19	9671	20	7753	21	5856	22	3979	23	2573	24	1610	25	913	26	468	27	252	28	99	29	54	30	29	31	1	32	5	33	1
978	2	1	3	9	4	22	5	83	6	175	7	295	8	497	9	738	10	1148	11	1780	12	3000	13	4621	14	6384	15	8613	16	10340	17	11173	18	11364	19	10404	20	8833	21	7094	22	5093	23	3392	24	2238	25	1284	26	724	27	366	28	195	29	76	30	34	31	16	32	4	34	3	35	1
979	4	1	5	5	6	13	7	34	8	121	9	278	10	624	11	1229	12	2254	13	3646	14	5683	15	7509	16	9590	17	11129	18	11354	19	11065	20	9752	21	8191	22	6074	23	4436	24	2908	25	1887	26	1039	27	591	28	308	29	156	30	72	31	28	32	15	33	5	34	2	35	1
980	1	1	2	3	3	8	4	23	5	71	6	144	7	263	8	352	9	565	10	871	11	1378	12	2002	13	3104	14	4676	15	6416	16	8304	17	9892	18	10800	19	10623	20	10289	21	8693	22	7080	23	5239	24	3625	25	2410	26	1431	27	825	28	475	29	247	30	112	31	45	32	19	33	8	34	3	35	1	36	2
981	5	4	6	8	7	25	8	71	9	193	10	400	11	746	12	1572	13	2470	14	3964	15	5807	16	7787	17	9220	18	10712	19	11227	20	10507	21	9584	22	7895	23	6161	24	4422	25	3032	26	1856	27	1156	28	588	29	303	30	146	31	82	32	34	33	15	34	10	35	2	36	1
982	2	1	3	1	4	9	5	28	6	72	7	153	8	247	9	383	10	525	11	776	12	1099	13	1702	14	2620	15	4052	16	5840	17	7683	18	9314	19	10569	20	11038	21	10510	22	9303	23	7507	24	5876	25	4143	26	2708	27	1712	28	1029	29	552	30	276	31	150	32	70	33	27	34	16	35	6	37	2	38	1
983	5	2	6	3	7	11	8	39	9	86	10	205	11	441	12	789	13	1484	14	2461	15	3756	16	5282	17	7111	18	8700	19	10098	20	10733	21	10643	22	9991	23	8400	24	6507	25	4805	26	3349	27	2154	28	1305	29	792	30	423	31	224	32	105	33	60	34	18	35	12	36	6	37	2	38	2	39	1
984	2	3	3	9	4	16	5	43	6	82	7	141	8	236	9	301	10	495	11	668	12	945	13	1330	14	2050	15	3020	16	4355	17	6011	18	7623	19	9110	20	10202	21	10282	22	9947	23	8774	24	7411	25	5784	26	4127	27	2847	28	1849	29	1057	30	639	31	324	32	168	33	82	34	40	35	17	36	5	37	4	38	2	39	1
985	8	6	9	12	10	41	11	116	12	256	13	540	14	1046	15	1937	16	3000	17	4274	18	6182	19	7927	20	9473	21	10505	22	10753	23	10315	24	9032	25	7560	26	5878	27	4164	28	2906	29	1857	30	1035	31	601	32	309	33	138	34	89	35	31	36	14	37	2	43	1
986	4	2	5	11	6	25	7	76	8	146	9	219	10	344	11	400	12	556	13	775	14	971	15	1437	16	2218	17	3409	18	5028	19	6720	20	8411	21	9715	22	10369	23	10244	24	9543	25	8217	26	6770	27	5150	28	3522	29	2359	30	1531	31	863	32	500	33	253	34	99	35	61	36	29	37	12	38	8	39	5	40	1	41	1
987	6	1	7	1	8	4	9	11	10	50	11	104	12	181	13	430	14	748	15	1274	16	2050	17	3082	18	4489	19	5816	20	7459	21	8935	22	9932	23	10290	24	9750	25	8998	26	7637	27	6047	28	4497	29	3170	30	2135	31	1315	32	780	33	406	34	236	35	90	36	47	37	20	38	11	39	3	41	1
988	2	1	3	4	4	7	5	17	6	44	7	63	8	74	9	159	10	243	11	344	12	485	13	638	14	767	15	962	16	1536	17	2216	18	3123	19	4423	20	5868	21	7368	22	8725	23	9732	24	10168	25	9484	26	8667	27	7272	28	5781	29	4273	30	2983	31	1947	32	1172	33	675	34	377	35	199	36	128	37	40	38	14	39	10	40	8	41	3
989	7	1	8	2	9	6	10	22	11	45	12	96	13	180	14	377	15	661	16	1095	17	1714	18	2656	19	3827	20	5284	21	6801	22	8152	23	9381	24	10056	25	9838	26	9373	27	8155	28	6748	29	5210	30	3822	31	2612	32	1642	33	992	34	590	35	328	36	175	37	90	38	45	39	17	40	4	41	2	42	1
990	5	6	6	11	7	28	8	64	9	91	10	182	11	277	12	361	13	413	14	458	15	565	16	813	17	1103	18	1664	19	2544	20	3820	21	5228	22	6813	23	8302	24	9332	25	10022	26	9788	27	9032	28	7939	29	6402	30	5051	31	3590	32	2414	33	1615	34	912	35	584	36	281	37	147	38	83	39	40	40	10	41	9	42	3	43	2	44	1
991	8	2	9	1	10	6	11	19	12	37	13	92	14	173	15	250	16	509	17	826	18	1295	19	2046	20	2991	21	4254	22	5676	23	7228	24	8530	25	9339	26	9898	27	9536	28	9141	29	7804	30	6182	31	4800	32	3461	33	2382	34	1518	35	937	36	496	37	296	38	144	39	63	40	42	41	14	42	5	43	4	44	2	46	1
992	1	1	2	1	3	7	4	8	5	12	6	23	7	44	8	56	9	102	10	156	11	195	12	279	13	387	14	466	15	548	16	700	17	911	18	1148	19	1696	20	2388	21	3362	22	4676	23	5978	24	7310	25	8400	26	9038	27	9303	28	9004	29	8272	30	7152	31	5684	32	4292	33	3118	34	2118	35	1387	36	778	37	482	38	270	39	133	40	54	41	36	42	14	43	7	44	2	45	1	46	1
993	8	1	9	5	10	3	11	15	12	26	13	34	14	78	15	154	16	300	17	520	18	786	19	1211	20	1815	21	2641	22	3678	23	4978	24	6423	25	7642	26	8624	27	9420	28	9447	29	9221	30	8263	31	6903	32	5621	33	4233	34	2873	35	2080	36	1283	37	777	38	452	39	237	40	139	41	62	42	30	43	18	44	3	45	2	46	1	47	1
994	6	4	7	9	8	17	9	51	10	102	11	126	12	211	13	293	14	302	15	418	16	410	17	430	18	493	19	697	20	1017	21	1537	22	2443	23	3526	24	4823	25	6239	26	7446	27	8669	28	9374	29	9448	30	9285	31	8278	32	6845	33	5540	34	4188	35	2952	36	1980	37	1274	38	760	39	408	40	214	41	91	42	55	43	21	44	13	45	4	46	6	48	1
995	7	1	10	1	11	5	12	11	13	20	14	50	15	74	16	138	17	237	18	451	19	601	20	1025	21	1483	22	2200	23	3035	24	3940	25	5389	26	6383	27	7701	28	8617	29	9072	30	9315	31	8997	32	7864	33	6636	34	5349	35	3998	36	2731	37	1897	38	1243	39	678	40	421	41	218	42	109	43	54	44	38	45	11	46	5	47	2
996	3	1	4	4	5	6	6	14	7	23	8	37	9	49	10	71	11	85	12	143	13	231	14	280	15	364	16	447	17	475	18	558	19	688	20	808	21	1102	22	1506	23	2129	24	2952	25	4059	26	5174	27	6432	28	7420	29	8439	30	8983	31	8851	32	8386	33	7686	34	6434	35	5045	36	3737	37	2826	38	1863	39	1129	40	736	41	420	42	206	43	106	44	52	45	23	46	12	47	4	48	3	49	1
997	9	1	10	1	11	2	12	3	13	6	14	11	15	21	16	58	17	103	18	158	19	293	20	491	21	726	22	1143	23	1728	24	2287	25	3293	26	4141	27	5427	28	6797	29	7889	30	8512	31	9044	32	9270	33	8610	34	7644	35	6395	36	4996	37	3804	38	2711	39	1783	40	1145	41	677	42	391	43	235	44	102	45	59	46	24	47	11	48	6	49	1	50	1
998	5	1	6	1	7	2	8	12	9	20	10	43	11	71	12	112	13	182	14	228	15	285	16	372	17	386	18	415	19	424	20	404	21	495	22	684	23	896	24	1444	25	2159	26	3134	27	4329	28	5358	29	6649	30	7722	31	8627	32	8928	33	8991	34	8341	35	7341	36	6239	37	4951	38	3763	39	2682	40	1743	41	1127	42	626	43	394	44	204	45	110	46	54	47	28	48	15	49	3	50	3	52	2
999	11	1	12	6	13	12	14	15	15	23	16	41	17	84	18	128	19	202	20	318	21	470	22	681	23	1001	24	1340	25	2000	26	2756	27	3483	28	4558	29	5752	30	6808	31	7871	32	8461	33	8695	34	8719	35	8140	36	7103	37	6120	38	4844	39	3631	40	2549	41	1727	42	1059	43	628	44	381	45	197	46	106	47	47	48	22	49	12	50	4	51	2	52	1	53	2
1000	2	2	3	3	4	2	5	4	6	7	7	11	8	25	9	37	10	66	11	62	12	95	13	105	14	180	15	234	16	297	17	306	18	476	19	473	20	496	21	526	22	603	23	795	24	1009	25	1348	26	1887	27	2626	28	3356	29	4357	30	5559	31	6635	32	7474	33	8266	34	8475	35	8527	36	7993	37	7007	38	5951	39	4686	40	3492	41	2459	42	1609	43	1072	44	636	45	375	46	216	47	93	48	46	49	19	50	14	51	6	52	2
