1	1	100000
2	1	100000
3	1	100000
4	1	100000
5	1	100000
6	1	100000
7	1	100000
8	1	100000
9	1	100000
10	1	100000
11	1	100000
12	1	100000
13	1	100000
14	1	100000
15	1	100000
16	1	100000
17	1	100000
18	1	100000
19	1	100000
20	1	100000
21	1	100000
22	1	100000
23	1	100000
24	1	100000
25	1	100000
26	1	100000
27	1	100000
28	1	100000
29	1	100000
30	1	100000
31	1	100000
32	1	100000
33	1	100000
34	1	100000
35	1	100000
36	1	100000
37	1	100000
38	1	100000
39	1	100000
40	1	100000
41	1	100000
42	1	100000
43	1	100000
44	1	100000
45	1	100000
46	1	100000
47	1	100000
48	1	100000
49	1	100000
50	1	100000
51	1	100000
52	1	100000
53	1	100000
54	1	100000
55	1	100000
56	1	100000
57	1	100000
58	1	100000
59	1	100000
60	1	100000
61	1	100000
62	1	100000
63	1	100000
64	1	100000
65	1	100000
66	1	100000
67	1	100000
68	1	100000
69	1	100000
70	1	100000
71	1	100000
72	1	100000
73	1	100000
74	1	100000
75	1	100000
76	1	100000
77	1	100000
78	1	100000
79	1	100000
80	1	100000
81	1	100000
82	1	100000
83	1	100000
84	1	100000
85	1	100000
86	1	100000
87	1	100000
88	1	100000
89	1	100000
90	1	100000
91	1	100000
92	1	100000
93	1	100000
94	1	100000
95	1	100000
96	1	100000
97	1	100000
98	1	100000
99	1	100000
100	1	100000
101	1	100000
102	1	100000
103	1	100000
104	1	100000
105	1	100000
106	1	100000
107	1	100000
108	1	100000
109	1	100000
110	1	100000
111	1	100000
112	1	100000
113	1	100000
114	1	100000
115	1	100000
116	1	100000
117	1	100000
118	1	100000
119	1	100000
120	1	100000
121	1	100000
122	1	100000
123	1	100000
124	1	100000
125	1	100000
126	1	100000
127	1	100000
128	1	100000
129	1	100000
130	1	100000
131	1	100000
132	1	100000
133	1	100000
134	1	100000
135	1	100000
136	1	100000
137	1	100000
138	1	100000
139	1	100000
140	1	100000
141	1	100000
142	1	100000
143	1	100000
144	1	100000
145	1	100000
146	1	100000
147	1	100000
148	1	100000
149	1	100000
150	1	100000
151	1	100000
152	1	100000
153	1	100000
154	1	100000
155	1	100000
156	1	100000
157	1	100000
158	1	100000
159	1	100000
160	1	100000
161	1	100000
162	1	100000
163	1	100000
164	1	100000
165	1	100000
166	1	100000
167	1	100000
168	1	100000
169	1	100000
170	1	100000
171	1	100000
172	1	100000
173	1	100000
174	1	100000
175	1	100000
176	1	100000
177	1	100000
178	1	100000
179	1	100000
180	1	100000
181	1	100000
182	1	100000
183	1	100000
184	1	100000
185	1	100000
186	1	100000
187	1	100000
188	1	100000
189	1	100000
190	1	100000
191	1	100000
192	1	100000
193	1	100000
194	1	100000
195	1	100000
196	1	100000
197	1	100000
198	1	100000
199	1	100000
200	1	100000
201	1	100000
202	1	100000
203	1	100000
204	1	100000
205	1	100000
206	1	100000
207	1	100000
208	1	100000
209	1	100000
210	1	100000
211	1	100000
212	1	100000
213	1	100000
214	1	100000
215	1	100000
216	1	100000
217	1	100000
218	1	100000
219	1	100000
220	1	100000
221	1	100000
222	1	100000
223	1	100000
224	1	100000
225	1	100000
226	1	100000
227	1	100000
228	1	100000
229	1	100000
230	1	100000
231	1	100000
232	1	100000
233	1	100000
234	1	100000
235	1	100000
236	1	100000
237	1	100000
238	1	100000
239	1	100000
240	1	100000
241	1	100000
242	1	100000
243	1	100000
244	1	100000
245	1	100000
246	1	100000
247	1	100000
248	1	100000
249	1	100000
250	1	100000
251	1	100000
252	1	100000
253	1	100000
254	1	100000
255	1	100000
256	1	100000
257	1	100000
258	1	100000
259	1	100000
260	1	100000
261	1	100000
262	1	100000
263	1	100000
264	1	100000
265	1	100000
266	1	100000
267	1	100000
268	1	100000
269	1	100000
270	1	100000
271	1	100000
272	1	100000
273	1	100000
274	1	100000
275	1	100000
276	1	100000
277	1	100000
278	1	100000
279	1	100000
280	1	100000
281	1	100000
282	1	100000
283	1	100000
284	1	100000
285	1	100000
286	1	100000
287	1	100000
288	1	100000
289	1	100000
290	1	100000
291	1	100000
292	1	100000
293	1	100000
294	1	100000
295	1	100000
296	1	100000
297	1	100000
298	1	100000
299	1	100000
300	1	100000
301	1	100000
302	1	100000
303	1	100000
304	1	100000
305	1	100000
306	1	100000
307	1	100000
308	1	100000
309	1	100000
310	1	100000
311	1	100000
312	1	100000
313	1	100000
314	1	100000
315	1	100000
316	1	100000
317	1	100000
318	1	100000
319	1	100000
320	1	100000
321	1	100000
322	1	100000
323	1	100000
324	1	100000
325	1	100000
326	1	100000
327	1	100000
328	1	100000
329	1	100000
330	1	100000
331	1	100000
332	1	100000
333	1	100000
334	1	100000
335	1	100000
336	1	100000
337	1	100000
338	1	100000
339	1	100000
340	1	100000
341	1	100000
342	1	100000
343	1	100000
344	1	100000
345	1	100000
346	1	100000
347	1	100000
348	1	100000
349	1	100000
350	1	100000
351	1	100000
352	1	100000
353	1	100000
354	1	100000
355	1	100000
356	1	100000
357	1	100000
358	1	100000
359	1	100000
360	1	100000
361	1	100000
362	1	100000
363	1	100000
364	1	100000
365	1	100000
366	1	100000
367	1	100000
368	1	100000
369	1	100000
370	1	100000
371	1	100000
372	1	100000
373	1	100000
374	1	100000
375	1	100000
376	1	100000
377	1	100000
378	1	100000
379	1	100000
380	1	100000
381	1	100000
382	1	100000
383	1	100000
384	1	100000
385	1	100000
386	1	100000
387	1	100000
388	1	100000
389	1	100000
390	1	100000
391	1	100000
392	1	100000
393	1	100000
394	1	100000
395	1	100000
396	1	100000
397	1	100000
398	1	100000
399	1	100000
400	1	100000
401	1	100000
402	1	100000
403	1	100000
404	1	100000
405	1	100000
406	1	100000
407	1	100000
408	1	100000
409	1	100000
410	1	100000
411	1	100000
412	1	100000
413	1	100000
414	1	100000
415	1	100000
416	1	100000
417	1	100000
418	1	100000
419	1	100000
420	1	100000
421	1	100000
422	1	100000
423	1	100000
424	1	100000
425	1	100000
426	1	100000
427	1	100000
428	1	100000
429	1	100000
430	1	100000
431	1	100000
432	1	100000
433	1	100000
434	1	100000
435	1	100000
436	1	100000
437	1	100000
438	1	100000
439	1	100000
440	1	100000
441	1	100000
442	1	100000
443	1	100000
444	1	100000
445	1	100000
446	1	100000
447	1	100000
448	1	100000
449	1	100000
450	1	100000
451	1	100000
452	1	100000
453	1	100000
454	1	100000
455	1	100000
456	1	100000
457	1	100000
458	1	100000
459	1	100000
460	1	100000
461	1	100000
462	1	100000
463	1	100000
464	1	100000
465	1	100000
466	1	100000
467	1	100000
468	1	100000
469	1	100000
470	1	100000
471	1	100000
472	1	100000
473	1	100000
474	1	100000
475	1	100000
476	1	100000
477	1	100000
478	1	100000
479	1	100000
480	1	99999	2	1
481	1	100000
482	1	100000
483	1	100000
484	1	100000
485	1	100000
486	1	100000
487	1	100000
488	1	100000
489	1	100000
490	1	100000
491	1	100000
492	1	100000
493	1	100000
494	1	100000
495	1	100000
496	1	100000
497	1	100000
498	1	100000
499	1	100000
500	1	100000
501	1	10549	2	89451
502	1	20007	2	79993
503	1	28579	2	71421
504	1	35794	2	64206
505	1	42360	2	57640
506	1	48492	2	51508
507	1	54041	2	45959
508	1	58838	2	41162
509	1	63142	2	36858
510	1	66825	2	33175
511	1	70646	2	29354
512	1	73643	2	26357
513	1	76451	2	23549
514	1	79127	2	20873
515	1	81162	2	18838
516	1	82974	2	17026
517	1	85133	2	14867
518	1	86442	2	13558
519	1	87815	2	12185
520	1	89151	2	10849
521	1	90197	2	9803
522	1	91269	2	8731
523	1	92278	2	7722
524	1	93123	2	6877
525	1	93868	2	6132
526	1	94557	2	5443
527	1	95024	2	4976
528	1	95543	2	4457
529	1	95987	2	4013
530	1	96354	2	3646
531	1	96793	2	3207
532	1	97230	2	2770
533	1	97497	2	2503
534	1	97773	2	2227
535	1	97945	2	2055
536	1	98187	2	1813
537	1	98427	2	1573
538	1	98525	2	1475
539	1	98721	2	1279
540	1	98783	2	1217
541	1	98922	2	1078
542	1	99095	2	905
543	1	99179	2	821
544	1	99244	2	756
545	1	99321	2	679
546	1	99432	2	568
547	1	99501	2	499
548	1	99527	2	473
549	1	99552	2	448
550	1	99609	2	391
551	1	99666	2	334
552	1	99679	2	321
553	1	99708	2	292
554	1	99751	2	249
555	1	99777	2	223
556	1	99783	2	217
557	1	99850	2	150
558	1	99840	2	160
559	1	99865	2	135
560	1	99871	2	129
561	1	99889	2	111
562	1	99914	2	86
563	1	99893	2	107
564	1	99931	2	69
565	1	99919	2	81
566	1	99946	2	54
567	1	99941	2	59
568	1	99949	2	51
569	1	99949	2	51
570	1	99948	2	52
571	1	99965	2	35
572	1	99968	2	32
573	1	99984	2	16
574	1	99980	2	20
575	1	99974	2	26
576	1	99985	2	15
577	1	99983	2	17
578	1	99987	2	13
579	1	99986	2	14
580	1	99983	2	17
581	1	99993	2	7
582	1	99981	2	19
583	1	99992	2	8
584	1	99988	2	12
585	1	99989	2	11
586	1	99991	2	9
587	1	99994	2	6
588	1	99993	2	7
589	1	99996	2	4
590	1	99998	2	2
591	1	99996	2	4
592	1	99993	2	7
593	1	99999	2	1
594	1	99994	2	6
595	1	99995	2	5
596	1	99996	2	4
597	1	99995	2	5
598	1	99998	2	2
599	1	99995	2	5
600	1	99999	2	1
601	1	99998	2	2
602	1	99995	2	5
603	1	99994	2	6
604	1	99995	2	5
605	1	99996	2	4
606	1	99998	2	2
607	1	99999	2	1
608	1	99998	2	2
609	1	99998	2	2
610	1	99996	2	4
611	1	99996	2	4
612	1	99996	2	4
613	1	99994	2	6
614	1	99999	2	1
615	1	99996	2	4
616	1	99996	2	4
617	1	99997	2	3
618	1	99998	2	2
619	1	99995	2	5
620	1	99995	2	5
621	1	99997	2	3
622	1	99997	2	3
623	1	99996	2	4
624	1	99993	2	7
625	1	99996	2	4
626	1	99993	2	7
627	1	99996	2	4
628	1	99990	2	10
629	1	99992	2	8
630	1	99989	2	11
631	1	99996	2	4
632	1	99992	2	8
633	1	99991	2	9
634	1	99992	2	8
635	1	99991	2	9
636	1	99991	2	9
637	1	99987	2	13
638	1	99991	2	9
639	1	99990	2	10
640	1	99988	2	11	3	1
641	1	99984	2	16
642	1	99987	2	13
643	1	99989	2	11
644	1	99987	2	13
645	1	99991	2	9
646	1	99985	2	15
647	1	99991	2	9
648	1	99987	2	13
649	1	99981	2	19
650	1	99984	2	16
651	1	99985	2	15
652	1	99978	2	22
653	1	99982	2	18
654	1	99977	2	23
655	1	99980	2	20
656	1	99975	2	25
657	1	99966	2	34
658	1	99966	2	34
659	1	99967	2	33
660	1	99942	2	58
661	1	99959	2	41
662	1	99946	2	54
663	1	99955	2	45
664	1	99918	2	82
665	1	99931	2	69
666	1	99915	2	85
667	1	99985	2	15
668	1	99948	2	52
669	1	99962	2	38
670	1	99964	2	36
671	1	99975	2	25
672	1	99932	2	68
673	1	99956	2	44
674	1	99961	2	39
675	1	99951	2	49
676	1	99902	2	98
677	1	99950	2	50
678	1	99959	2	41
679	1	99957	2	43
680	1	99896	2	104
681	1	99942	2	58
682	1	99936	2	64
683	1	99941	2	59
684	1	99894	2	106
685	1	99938	2	62
686	1	99926	2	74
687	1	99933	2	67
688	1	99900	2	100
689	1	99909	2	91
690	1	99891	2	109
691	1	99918	2	82
692	1	99902	2	98
693	1	99916	2	84
694	1	99892	2	108
695	1	99890	2	110
696	1	99859	2	141
697	1	99866	2	134
698	1	99904	2	96
699	1	99877	2	123
700	1	99836	2	164
701	1	99874	2	126
702	1	99880	2	120
703	1	99850	2	150
704	1	99780	2	220
705	1	99800	2	200
706	1	99857	2	143
707	1	99822	2	178
708	1	99795	2	205
709	1	99822	2	178
710	1	99791	2	209
711	1	99805	2	195
712	1	99758	2	242
713	1	99781	2	219
714	1	99788	2	212
715	1	99719	2	281
716	1	99695	2	305
717	1	99729	2	271
718	1	99719	2	281
719	1	99706	2	294
720	1	99568	2	431	3	1
721	1	99677	2	321	3	2
722	1	99690	2	310
723	1	99675	2	324	3	1
724	1	99631	2	368	3	1
725	1	99613	2	384	3	3
726	1	99595	2	405
727	1	99568	2	432
728	1	99625	2	374	3	1
729	1	99580	2	419	3	1
730	1	99603	2	395	3	2
731	1	99568	2	432
732	1	99518	2	481	3	1
733	1	99558	2	441	3	1
734	1	99508	2	492
735	1	99476	2	522	3	2
736	1	99345	2	652	3	3
737	1	99441	2	558	3	1
738	1	99440	2	559	3	1
739	1	99434	2	565	3	1
740	1	99308	2	691	3	1
741	1	99412	2	587	3	1
742	1	99337	2	661	3	2
743	1	99367	2	631	3	2
744	1	99211	2	787	3	2
745	1	99214	2	783	3	3
746	1	99218	2	776	3	6
747	1	99227	2	771	3	2
748	1	99121	2	877	3	2
749	1	99123	2	874	3	3
750	1	99068	2	927	3	5
751	1	98386	2	1605	3	9
752	1	98302	2	1685	3	13
753	1	98342	2	1649	3	8	4	1
754	1	98432	2	1564	3	4
755	1	98282	2	1703	3	15
756	1	98321	2	1669	3	10
757	1	98414	2	1578	3	8
758	1	98283	2	1709	3	8
759	1	98229	2	1762	3	9
760	1	98253	2	1723	3	24
761	1	98258	2	1726	3	16
762	1	98277	2	1703	3	20
763	1	98204	2	1781	3	15
764	1	98112	2	1870	3	17	4	1
765	1	98108	2	1872	3	20
766	1	97962	2	2017	3	20	4	1
767	1	97931	2	2042	3	27
768	1	97688	2	2287	3	25
769	1	97789	2	2189	3	22
770	1	97909	2	2067	3	21	4	3
771	1	97843	2	2131	3	26
772	1	97752	2	2215	3	33
773	1	97634	2	2340	3	25	4	1
774	1	97538	2	2416	3	45	4	1
775	1	97437	2	2529	3	34
776	1	97382	2	2598	3	20
777	1	97277	2	2688	3	35
778	1	97306	2	2650	3	43	4	1
779	1	97183	2	2779	3	38
780	1	96945	2	3010	3	43	4	2
781	1	97008	2	2947	3	43	4	2
782	1	96612	2	3331	3	56	4	1
783	1	96786	2	3166	3	48
784	1	96280	2	3641	3	77	4	2
785	1	96431	2	3497	3	72
786	1	96132	2	3782	3	84	4	2
787	1	96275	2	3660	3	64	4	1
788	1	96014	2	3913	3	72	4	1
789	1	95940	2	3955	3	105
790	1	95706	2	4203	3	89	4	2
791	1	95676	2	4224	3	98	4	2
792	1	95270	2	4623	3	105	4	2
793	1	95198	2	4695	3	103	4	3	5	1
794	1	94647	2	5226	3	126	4	1
795	1	94828	2	5033	3	138	4	1
796	1	94363	2	5513	3	123	4	1
797	1	94144	2	5684	3	169	4	2	5	1
798	1	93673	2	6111	3	213	4	3
799	1	93649	2	6168	3	182	4	1
800	1	94265	2	5551	3	184
801	1	94495	2	5354	3	147	4	4
802	1	94332	2	5494	3	168	4	6
803	1	94199	2	5611	3	184	4	6
804	1	93963	2	5812	3	218	4	7
805	1	93302	2	6469	3	229
806	1	93223	2	6522	3	244	4	11
807	1	92673	2	7058	3	258	4	11
808	1	92464	2	7247	3	283	4	5	5	1
809	1	92363	2	7325	3	301	4	10	5	1
810	1	91925	2	7731	3	334	4	10
811	1	91703	2	7930	3	359	4	7	5	1
812	1	91439	2	8165	3	385	4	11
813	1	90701	2	8871	3	410	4	17	5	1
814	1	90592	2	8973	3	422	4	13
815	1	90423	2	9150	3	412	4	14	5	1
816	1	89838	2	9613	3	533	4	16
817	1	89727	2	9738	3	513	4	21	5	1
818	1	89346	2	10103	3	533	4	17	5	1
819	1	88752	2	10618	3	610	4	19	5	1
820	1	88531	2	10803	3	638	4	28
821	1	88335	2	10963	3	677	4	23	5	1	6	1
822	1	87850	2	11367	3	757	4	26
823	1	87236	2	11941	3	797	4	26
824	1	87168	2	12000	3	792	4	37	5	3
825	1	86634	2	12421	3	904	4	39	5	2
826	1	86435	2	12646	3	887	4	30	5	2
827	1	85626	2	13372	3	957	4	44	5	1
828	1	85285	2	13614	3	1046	4	53	5	2
829	1	84816	2	14029	3	1111	4	44
830	1	84252	2	14435	3	1245	4	66	5	2
831	1	83846	2	14853	3	1223	4	75	5	3
832	1	83104	2	15422	3	1389	4	82	5	3
833	1	82530	2	15923	3	1462	4	79	5	6
834	1	81333	2	16801	3	1739	4	124	5	3
835	1	81107	2	17044	3	1717	4	123	5	8	6	1
836	1	79971	2	17991	3	1896	4	133	5	9
837	1	80003	2	17930	3	1920	4	130	5	12	6	5
838	1	78939	2	18809	3	2097	4	146	5	8	6	1
839	1	79178	2	18559	3	2109	4	149	5	5
840	1	77796	2	19718	3	2288	4	181	5	17
841	1	77285	2	20064	3	2428	4	214	5	9
842	1	75127	2	21678	3	2939	4	248	5	6	6	2
843	1	76341	2	20833	3	2600	4	207	5	19
844	1	75800	2	21170	3	2766	4	246	5	16	6	2
845	1	74868	2	21750	3	3089	4	275	5	18
846	1	73531	2	22750	3	3376	4	319	5	24
847	1	73138	2	22995	3	3507	4	344	5	15	6	1
848	1	71573	2	24168	3	3821	4	399	5	38	6	1
849	1	71535	2	24067	3	3978	4	384	5	34	6	2
850	1	70660	2	24705	3	4163	4	441	5	26	6	4	7	1
851	1	69350	2	25622	3	4479	4	500	5	46	6	3
852	1	68140	2	26347	3	4885	4	569	5	56	6	3
853	1	68204	2	26316	3	4846	4	583	5	45	6	5	7	1
854	1	66380	2	27441	3	5460	4	648	5	68	6	3
855	1	65184	2	28093	3	5816	4	819	5	80	6	6	7	2
856	1	63672	2	29017	3	6323	4	884	5	95	6	9
857	1	62428	2	29617	3	6816	4	1009	5	115	6	13	7	2
858	1	67644	2	26401	3	5236	4	658	5	52	6	8	7	1
859	1	64906	2	27952	3	6134	4	900	5	99	6	8	7	1
860	1	64339	2	28262	3	6304	4	999	5	87	6	8	8	1
861	1	62471	2	29479	3	6839	4	1081	5	120	6	10
862	1	61411	2	29918	3	7271	4	1238	5	140	6	21	7	1
863	1	59230	2	30937	3	8206	4	1444	5	162	6	19	7	2
864	1	59298	2	30963	3	8182	4	1383	5	157	6	12	7	5
865	1	58162	2	31675	3	8431	4	1518	5	199	6	15
866	1	56288	2	32344	3	9393	4	1724	5	229	6	19	7	3
867	1	55591	2	32724	3	9524	4	1879	5	252	6	28	7	1	8	1
868	1	53897	2	33448	3	10326	4	2005	5	292	6	30	7	2
869	1	52859	2	33843	3	10618	4	2292	5	337	6	47	7	4
870	1	52549	2	33878	3	10953	4	2215	5	348	6	52	7	5
871	1	50878	2	34726	3	11449	4	2505	5	384	6	54	7	4
872	1	49222	2	35392	3	12075	4	2763	5	464	6	79	7	5
873	1	48745	2	35162	3	12670	4	2877	5	469	6	67	7	9	8	1
874	1	47401	2	35623	3	13193	4	3178	5	530	6	63	7	9	8	1	9	2
875	1	46087	2	36293	3	13581	4	3341	5	616	6	67	7	15
876	1	43257	2	36641	3	15345	4	3849	5	774	6	112	7	20	8	2
877	1	42090	2	37086	3	15531	4	4275	5	863	6	140	7	13	8	2
878	1	40129	2	37350	3	16608	4	4710	5	1014	6	169	7	18	8	2
879	1	40080	2	37307	3	16629	4	4810	5	966	6	177	7	27	8	4
880	1	38659	2	37140	3	17528	4	5276	5	1128	6	239	7	29	8	1
881	1	37538	2	37018	3	18351	4	5562	5	1259	6	237	7	31	8	4
882	1	37600	2	37096	3	17972	4	5731	5	1300	6	256	7	41	8	4
883	1	35730	2	37461	3	18891	4	6123	5	1484	6	256	7	50	8	2	9	1	10	2
884	1	34032	2	37170	3	19866	4	6869	5	1646	6	351	7	59	8	6	9	1
885	1	32837	2	36982	3	20400	4	7344	5	1966	6	398	7	63	8	8	9	2
886	1	31891	2	36955	3	20963	4	7602	5	2098	6	428	7	59	8	4
887	1	30249	2	36803	3	21822	4	8236	5	2274	6	488	7	112	8	16
888	1	28042	2	36575	3	22725	4	9157	5	2692	6	681	7	108	8	17	9	2	10	1
889	1	30734	2	36152	3	21816	4	8317	5	2322	6	562	7	76	8	18	9	3
890	1	29272	2	35791	3	22276	4	9135	5	2769	6	621	7	115	8	19	9	2
891	1	26969	2	35690	3	23262	4	10003	5	3133	6	747	7	162	8	31	9	3
892	1	27377	2	35352	3	23200	4	10010	5	3144	6	730	7	153	8	31	9	2	10	1
893	1	24496	2	34537	3	24472	4	11308	5	3914	6	1026	7	198	8	42	9	6	10	1
894	1	24264	2	34323	3	24409	4	11601	5	4032	6	1079	7	236	8	48	9	7	11	1
895	1	22614	2	33898	3	25415	4	12338	5	4257	6	1143	7	278	8	45	9	9	10	3
896	1	21413	2	33372	3	25544	4	12983	5	4835	6	1439	7	350	8	53	9	10	10	1
897	1	20163	2	32865	3	26340	4	13476	5	5077	6	1599	7	402	8	61	9	15	10	2
898	1	19908	2	32355	3	26115	4	13900	5	5495	6	1680	7	436	8	94	9	13	10	3	11	1
899	1	17902	2	31382	3	26964	4	15053	5	6129	6	1946	7	485	8	116	9	21	10	2
900	1	17393	2	30850	3	26883	4	15517	5	6507	6	2159	7	537	8	125	9	24	10	4	12	1
901	1	15637	2	29894	3	27361	4	16360	5	7282	6	2540	7	724	8	156	9	39	10	5	11	1	12	1
902	1	14676	2	28916	3	27583	4	17162	5	7807	6	2770	7	841	8	196	9	43	10	3	11	3
903	1	13892	2	28226	3	27737	4	17686	5	8231	6	3042	7	918	8	213	9	44	10	7	11	4
904	1	13700	2	27281	3	27581	4	18102	5	8625	6	3355	7	1035	8	260	9	48	10	9	11	3	12	1
905	1	11915	2	26144	3	27775	4	19155	5	9606	6	3767	7	1198	8	343	9	80	10	10	11	5	12	2
906	1	11343	2	25283	3	27731	4	19473	5	10230	6	4061	7	1356	8	414	9	91	10	15	11	2	13	1
907	1	10401	2	24334	3	27633	4	20212	5	10831	6	4473	7	1518	8	464	9	105	10	20	11	6	12	3
908	1	9111	2	22244	3	26898	4	21213	5	12223	6	5465	7	1970	8	642	9	185	10	39	11	8	12	2
909	1	8398	2	21442	3	26763	4	21649	5	12670	6	5887	7	2206	8	734	9	191	10	49	11	8	12	3
910	1	9748	2	22567	3	26587	4	20635	5	12132	6	5404	7	2006	8	683	9	185	10	40	11	11	12	2
911	1	9009	2	21853	3	26578	4	21270	5	12477	6	5696	7	2161	8	680	9	213	10	44	11	14	12	5
912	1	7827	2	20261	3	25463	4	21722	5	13854	6	6925	7	2705	8	910	9	241	10	70	11	14	12	8
913	1	6952	2	18934	3	25237	4	22204	5	14536	6	7430	7	3169	8	1112	9	303	10	103	11	15	12	4	14	1
914	1	7010	2	18583	3	25010	4	22452	5	14626	6	7565	7	3179	8	1133	9	316	10	89	11	31	12	5	13	1
915	1	5931	2	17005	3	24332	4	22978	5	15599	6	8278	7	3805	8	1420	9	491	10	123	11	30	12	4	13	3	14	1
916	1	5852	2	16550	3	23615	4	22690	5	15952	6	8965	7	4076	8	1572	9	525	10	143	11	39	12	18	13	3
917	1	4840	2	15103	3	22893	4	23107	5	17079	6	9865	7	4510	8	1776	9	612	10	166	11	37	12	9	13	3
918	1	4241	2	13640	3	21937	4	22875	5	17806	6	10832	7	5427	8	2144	9	742	10	265	11	68	12	20	13	3
919	1	3808	2	13355	3	21462	4	23184	5	18201	6	10980	7	5547	8	2257	9	832	10	271	11	90	12	12	14	1
920	1	3657	2	12328	3	20690	4	22412	5	18471	6	11800	7	6247	8	2793	9	1107	10	350	11	102	12	36	13	5	14	1	15	1
921	1	2848	2	10710	3	19473	4	22768	5	19407	6	12913	7	7017	8	3045	9	1214	10	443	11	117	12	35	13	7	14	2	16	1
922	1	2701	2	10239	3	18312	4	21686	5	19636	6	13607	7	7798	8	3723	9	1499	10	539	11	197	12	38	13	20	14	5
923	1	2303	2	8883	3	17341	4	21989	5	19939	6	14274	7	8417	8	4168	9	1728	10	664	11	205	12	65	13	14	14	7	15	2	18	1
924	1	2807	2	9990	3	17997	4	21587	5	19607	6	13782	7	7974	8	3854	9	1585	10	554	11	193	12	56	13	9	14	5
925	1	2054	2	8206	3	16284	4	20916	5	20377	6	15107	7	9067	8	4765	9	2098	10	764	11	249	12	77	13	27	14	5	15	4
926	1	1880	2	7486	3	15211	4	20432	5	20068	6	15553	7	10102	8	5377	9	2422	10	964	11	350	12	101	13	39	14	10	15	3	16	2
927	1	1626	2	6810	3	14489	4	20071	5	20245	6	16268	7	10554	8	5665	9	2651	10	1056	11	388	12	123	13	43	14	9	15	1	16	1
928	1	1554	2	6315	3	13414	4	18902	5	20054	6	16733	7	11398	8	6414	9	3176	10	1309	11	521	12	148	13	40	14	14	15	6	17	1	18	1
929	1	1133	2	5437	3	12140	4	18517	5	20376	6	17298	7	12121	8	6955	9	3606	10	1538	11	593	12	193	13	69	14	18	15	6
930	1	1055	2	5019	3	11518	4	17405	5	19619	6	17659	7	12904	8	7762	9	4144	10	1829	11	732	12	244	13	81	14	20	15	7	16	2
931	1	790	2	4020	3	10313	4	16436	5	19602	6	18342	7	13651	8	8551	9	4663	10	2253	11	887	12	330	13	102	14	40	15	15	16	4	17	1
932	1	782	2	3728	3	9283	4	15248	5	18630	6	18249	7	14392	8	9747	9	5382	10	2696	11	1161	12	468	13	164	14	49	15	13	16	6	17	2
933	1	580	2	3171	3	8096	4	14253	5	18512	6	18801	7	15100	8	10282	9	6045	10	2978	11	1350	12	558	13	205	14	54	15	13	16	1	17	1
934	1	736	2	3483	3	8636	4	14370	5	18456	6	18408	7	14755	8	10121	9	5909	10	2936	11	1330	12	575	13	186	14	65	15	29	16	4	18	1
935	1	462	2	2480	3	6995	4	12885	5	17715	6	18325	7	16108	8	11328	9	7042	10	3698	11	1796	12	766	13	263	14	96	15	34	16	6	17	1
936	1	566	2	2737	3	7058	4	12863	5	17043	6	18063	7	15621	8	11652	9	7322	10	3940	11	1880	12	794	13	279	14	131	15	43	16	5	17	3
937	1	314	2	1917	3	5832	4	11270	5	16506	6	18229	7	16520	8	12649	9	8141	10	4596	11	2375	12	1013	13	404	14	155	15	61	16	13	17	3	18	2
938	1	306	2	1710	3	5046	4	10126	5	15050	6	17765	7	16757	8	13533	9	9127	10	5465	11	2922	12	1342	13	548	14	209	15	61	16	22	17	9	18	1	19	1
939	1	203	2	1369	3	4235	4	9194	5	14522	6	17460	7	17144	8	13957	9	9939	10	6079	11	3263	12	1540	13	671	14	295	15	82	16	32	17	11	18	4
940	1	233	2	1304	3	4017	4	8349	5	13143	6	16385	7	16719	8	14755	9	10845	10	7010	11	3924	12	1896	13	834	14	378	15	138	16	49	17	16	18	3	19	2
941	1	107	2	876	3	2941	4	6912	5	11807	6	15928	7	17226	8	15472	9	11900	10	7858	11	4723	12	2402	13	1125	14	459	15	182	16	54	17	20	18	4	19	4
942	1	154	2	1010	3	3233	4	7088	5	11746	6	15605	7	16817	8	15373	9	11896	10	7923	11	4675	12	2561	13	1125	14	495	15	204	16	61	17	23	18	8	19	3
943	1	70	2	685	3	2392	4	5762	5	10589	6	14515	7	16739	8	15895	9	12859	10	9100	11	5557	12	3147	13	1540	14	706	15	283	16	111	17	36	18	9	19	3	20	2
944	1	158	2	741	3	2513	4	5517	5	9884	6	13983	7	15973	8	15424	9	13250	10	9627	11	6193	12	3509	13	1830	14	860	15	339	16	136	17	42	18	12	19	4	20	3	22	1	23	1
945	1	40	2	409	3	1715	4	4313	5	8484	6	12652	7	15774	8	16029	9	14029	10	10828	11	7197	12	4467	13	2246	14	1017	15	522	16	177	17	60	18	26	19	11	20	3	21	1
946	1	69	2	468	3	1673	4	4097	5	7865	6	11814	7	14934	8	15917	9	14336	10	11210	11	7795	12	4796	13	2783	14	1314	15	606	16	212	17	73	18	26	19	5	20	4	21	2	22	1
947	1	32	2	311	3	1203	4	3364	5	7105	6	11040	7	14544	8	15965	9	14804	10	12091	11	8485	12	5284	13	3003	14	1526	15	753	16	303	17	126	18	40	19	17	20	4
948	1	81	2	432	3	1424	4	3537	5	6761	6	10742	7	13919	8	15413	9	14787	10	12080	11	8771	12	5805	13	3226	14	1651	15	796	16	361	17	136	18	57	19	13	20	5	21	1	22	1	23	1
949	1	16	2	154	3	744	4	2276	5	5199	6	8969	7	12626	8	15321	9	15480	10	13427	11	10327	12	6855	13	4269	14	2269	15	1129	16	543	17	251	18	96	19	26	20	16	21	5	22	2
950	1	31	2	242	3	870	4	2300	5	4750	6	8324	7	12008	8	14544	9	15092	10	13603	11	10767	12	7667	13	4723	14	2631	15	1354	16	677	17	259	18	111	19	35	20	9	21	2	23	1
951	1	7	2	95	3	479	4	1604	5	3862	6	7525	7	11295	8	13986	9	15308	10	14232	11	11367	12	8476	13	5453	14	3166	15	1695	16	846	17	353	18	164	19	50	20	20	21	10	22	5	23	1	28	1
952	1	28	2	189	3	685	4	1793	5	3713	6	6771	7	10176	8	13259	9	14451	10	13962	11	12076	12	9036	13	6159	14	3838	15	2001	16	1037	17	465	18	223	19	90	20	33	21	7	22	6	23	1	25	1
953	1	6	2	48	3	291	4	1069	5	2788	6	5450	7	9070	8	12338	9	14374	10	14593	11	13029	12	10169	13	7030	14	4531	15	2656	16	1414	17	661	18	275	19	130	20	50	21	21	22	4	23	3
954	1	14	2	99	3	391	4	1116	5	2659	6	4952	7	8208	8	11577	9	13762	10	14456	11	13175	12	10706	13	7699	14	5153	15	2998	16	1627	17	782	18	339	19	188	20	60	21	26	22	11	23	2
955	1	1	2	34	3	185	4	681	5	1797	6	3860	7	6934	8	10530	9	13137	10	14278	11	13664	12	11856	13	8985	14	6118	15	3756	16	2185	17	1091	18	537	19	214	20	100	21	37	22	13	23	3	24	4
956	1	11	2	74	3	281	4	749	5	1811	6	3593	7	6346	8	9367	9	12160	10	13617	11	13425	12	12047	13	9709	14	6844	15	4531	16	2593	17	1427	18	807	19	349	20	137	21	68	22	38	23	13	24	2	25	1
957	1	1	2	24	3	122	4	466	5	1362	6	3005	7	5722	8	8790	9	11984	10	13583	11	13930	12	12569	13	10198	14	7226	15	4945	16	2920	17	1617	18	841	19	415	20	168	21	65	22	31	23	13	24	3
958	1	6	2	32	3	178	4	505	5	1257	6	2610	7	4632	8	7616	9	10647	10	12718	11	13456	12	12803	13	11139	14	8539	15	5914	16	3699	17	2134	18	1135	19	568	20	247	21	90	22	41	23	19	24	11	25	4
959	1	2	2	18	3	54	4	275	5	774	6	1965	7	3921	8	6924	9	9564	10	12337	11	13576	12	13437	13	11652	14	9105	15	6610	16	4273	17	2677	18	1460	19	760	20	354	21	155	22	63	23	30	24	11	25	3
960	1	8	2	40	3	161	4	429	5	937	6	1928	7	3466	8	5900	9	8382	10	10971	11	12635	12	13142	13	12199	14	10058	15	7466	16	5175	17	3342	18	1804	19	1026	20	492	21	253	22	115	23	40	24	16	25	7	26	4	27	3	28	1
961	2	5	3	33	4	138	5	432	6	1218	7	2641	8	4670	9	7544	10	10340	11	12299	12	13348	13	12814	14	10993	15	8522	16	6060	17	3941	18	2453	19	1270	20	708	21	317	22	145	23	70	24	28	25	6	26	3	27	1	28	1
962	1	2	2	26	3	94	4	295	5	720	6	1303	7	2520	8	4417	9	6825	10	9561	11	11676	12	12761	13	12737	14	11108	15	9100	16	6590	17	4379	18	2791	19	1551	20	850	21	385	22	180	23	71	24	42	25	9	26	5	27	1	28	1
963	2	1	3	16	4	88	5	303	6	773	7	1855	8	3772	9	6007	10	9044	11	11243	12	12713	13	12904	14	11849	15	9813	16	7338	17	5070	18	3211	19	1977	20	999	21	539	22	289	23	107	24	54	25	20	26	6	27	4	28	3	29	1	30	1
964	1	5	2	18	3	58	4	220	5	458	6	873	7	1700	8	3061	9	5126	10	7563	11	9860	12	11750	13	12484	14	12167	15	10687	16	8405	17	5987	18	4057	19	2603	20	1481	21	770	22	371	23	154	24	87	25	35	26	12	27	4	28	3	30	1
965	2	2	3	6	4	37	5	153	6	475	7	1063	8	2303	9	4148	10	6628	11	9145	12	11335	13	12584	14	12469	15	11233	16	9175	17	7110	18	4982	19	3173	20	1898	21	1074	22	549	23	273	24	102	25	52	26	20	27	8	28	3
966	1	1	2	9	3	44	4	136	5	276	6	641	7	1148	8	2078	9	3584	10	5588	11	8050	12	10396	13	12016	14	12249	15	11525	16	10060	17	7804	18	5704	19	3755	20	2320	21	1264	22	701	23	370	24	164	25	66	26	36	27	8	28	4	29	1	30	1	31	1
967	3	5	4	22	5	79	6	256	7	624	8	1290	9	2671	10	4708	11	6936	12	9663	13	11218	14	12551	15	12231	16	10908	17	8837	18	6632	19	4651	20	3016	21	1727	22	978	23	503	24	265	25	133	26	52	27	29	28	11	29	3	31	1
968	1	2	2	11	3	63	4	136	5	260	6	543	7	932	8	1612	9	2738	10	4437	11	6429	12	8629	13	10774	14	11697	15	11802	16	10850	17	9169	18	7111	19	4975	20	3342	21	2066	22	1173	23	683	24	307	25	140	26	71	27	25	28	12	29	9	30	1	31	1
969	2	1	4	8	5	40	6	123	7	382	8	918	9	1853	10	3429	11	5554	12	7843	13	9951	14	11597	15	12262	16	11615	17	9951	18	8292	19	6103	20	4090	21	2697	22	1555	23	903	24	447	25	206	26	114	27	47	28	13	29	4	30	2
970	2	3	3	8	4	44	5	130	6	260	7	542	8	971	9	1610	10	2679	11	4153	12	6468	13	8448	14	10591	15	11770	16	11789	17	10836	18	9188	19	7178	20	5146	21	3416	22	2158	23	1262	24	714	25	341	26	152	27	76	28	41	29	16	30	6	31	2	32	2
971	3	2	4	2	5	22	6	70	7	195	8	458	9	1156	10	2113	11	3581	12	5614	13	7937	14	9901	15	11466	16	11964	17	11375	18	9831	19	8043	20	6019	21	4066	22	2702	23	1648	24	911	25	487	26	254	27	93	28	60	29	21	30	3	31	5	34	1
972	2	6	3	22	4	57	5	110	6	262	7	424	8	717	9	1209	10	1871	11	3122	12	4773	13	6722	14	8711	15	10425	16	11215	17	11309	18	10439	19	8723	20	6841	21	4949	22	3427	23	1986	24	1273	25	690	26	373	27	188	28	74	29	55	30	16	31	5	32	5	34	1
973	4	1	5	4	6	26	7	79	8	194	9	563	10	1162	11	2202	12	3734	13	5678	14	7839	15	9903	16	11297	17	11727	18	11235	19	9824	20	8017	21	6027	22	4151	23	2698	24	1634	25	990	26	518	27	264	28	123	29	63	30	28	31	9	32	9	33	1
974	3	8	4	17	5	61	6	172	7	286	8	468	9	748	10	1147	11	1819	12	3003	13	4752	14	6513	15	8679	16	10189	17	11177	18	11354	19	10359	20	8840	21	6789	22	4963	23	3556	24	2221	25	1331	26	714	27	430	28	208	29	115	30	39	31	24	32	9	33	3	34	5	35	1
975	5	4	6	10	7	42	8	145	9	365	10	700	11	1401	12	2552	13	4136	14	5919	15	7994	16	9664	17	10990	18	11501	19	10781	20	9376	21	7717	22	5895	23	4139	24	2831	25	1688	26	1030	27	547	28	316	29	160	30	48	31	29	32	11	33	6	34	3
976	1	1	2	3	3	13	4	40	5	74	6	129	7	227	8	384	9	583	10	856	11	1403	12	2141	13	3362	14	4997	15	6775	16	8524	17	9994	18	10913	19	11026	20	9765	21	8441	22	6686	23	5025	24	3361	25	2319	26	1299	27	783	28	457	29	230	30	98	31	50	32	24	33	10	34	3	36	2	37	1	38	1
977	5	1	6	5	7	24	8	56	9	176	10	398	11	831	12	1518	13	2665	14	4201	15	5972	16	7811	17	9504	18	10714	19	11122	20	10466	21	9425	22	7784	23	5964	24	4211	25	2961	26	1836	27	1109	28	600	29	325	30	172	31	91	32	35	33	13	34	9	37	1
978	3	6	4	11	5	33	6	73	7	164	8	270	9	395	10	540	11	794	12	1224	13	1898	14	3073	15	4555	16	6485	17	8370	18	9926	19	10647	20	10923	21	10052	22	8781	23	7102	24	5286	25	3690	26	2372	27	1508	28	846	29	477	30	279	31	120	32	56	33	26	34	9	35	7	36	2
979	7	6	8	19	9	68	10	190	11	399	12	769	13	1428	14	2413	15	3835	16	5531	17	7495	18	9146	19	10301	20	10908	21	10639	22	9527	23	8164	24	6338	25	4658	26	3291	27	2043	28	1276	29	748	30	407	31	186	32	119	33	61	34	22	35	9	36	3	38	1
980	3	7	4	19	5	30	6	65	7	119	8	196	9	339	10	470	11	677	12	908	13	1367	14	2132	15	3167	16	4526	17	6265	18	8087	19	9329	20	10249	21	10534	22	9813	23	8619	24	7143	25	5449	26	3937	27	2677	28	1693	29	1010	30	592	31	301	32	155	33	68	34	32	35	13	36	10	38	2
981	6	3	7	3	8	28	9	34	10	87	11	240	12	497	13	961	14	1646	15	2591	16	3882	17	5586	18	7372	19	8982	20	9867	21	10473	22	10456	23	9317	24	8025	25	6323	26	4877	27	3423	28	2156	29	1406	30	773	31	482	32	285	33	114	34	69	35	22	36	11	37	5	38	3	39	1
982	4	3	5	9	6	41	7	71	8	130	9	212	10	300	11	476	12	544	13	754	14	1076	15	1629	16	2724	17	3910	18	5744	19	7398	20	8919	21	9980	22	10653	23	10229	24	9049	25	7704	26	5966	27	4498	28	3166	29	1970	30	1247	31	759	32	410	33	189	34	130	35	67	36	22	37	13	38	5	41	2	44	1
983	6	3	7	2	8	10	9	27	10	44	11	128	12	273	13	506	14	846	15	1443	16	2445	17	3731	18	5112	19	6851	20	8440	21	9681	22	10299	23	10201	24	9478	25	8315	26	6729	27	5270	28	3824	29	2565	30	1662	31	937	32	578	33	308	34	150	35	71	36	34	37	24	38	8	39	3	41	1	44	1
984	3	5	4	14	5	23	6	52	7	75	8	118	9	221	10	267	11	395	12	515	13	640	14	896	15	1285	16	2101	17	2908	18	4204	19	5596	20	7169	21	8679	22	9609	23	9957	24	9836	25	8824	26	7588	27	6070	28	4505	29	3218	30	2180	31	1375	32	750	33	440	34	255	35	124	36	58	37	22	38	14	39	8	40	3	41	1
985	8	3	9	5	10	11	11	31	12	77	13	165	14	313	15	632	16	1105	17	1889	18	2925	19	4260	20	5754	21	7494	22	8911	23	9932	24	10128	25	10008	26	9113	27	7729	28	6248	29	4692	30	3311	31	2131	32	1321	33	847	34	473	35	239	36	135	37	61	38	30	39	15	40	7	41	3	42	1	43	1
986	2	1	3	1	5	4	6	12	7	29	8	74	9	127	10	196	11	253	12	354	13	425	14	516	15	655	16	927	17	1357	18	2181	19	3346	20	4719	21	6308	22	7961	23	9174	24	10025	25	10026	26	9247	27	8419	28	7021	29	5522	30	4012	31	2809	32	1764	33	1117	34	656	35	379	36	198	37	91	38	53	39	26	40	9	41	5	44	1
987	9	7	10	12	11	28	12	73	13	131	14	232	15	429	16	762	17	1219	18	2021	19	3066	20	4039	21	5527	22	6950	23	8483	24	9367	25	9923	26	9570	27	8786	28	8013	29	6325	30	5042	31	3610	32	2484	33	1646	34	952	35	626	36	359	37	174	38	75	39	37	40	14	41	10	42	3	43	3	44	1	46	1
988	3	2	4	9	5	10	6	21	7	41	8	55	9	86	10	124	11	244	12	302	13	396	14	441	15	587	16	714	17	949	18	1309	19	2086	20	3005	21	4185	22	5436	23	7048	24	8319	25	9312	26	9636	27	9374	28	8768	29	7482	30	6051	31	4594	32	3435	33	2308	34	1533	35	986	36	535	37	301	38	162	39	90	40	36	41	18	42	4	43	5	44	1
989	8	1	9	2	10	4	11	11	12	28	13	54	14	118	15	243	16	363	17	630	18	1072	19	1719	20	2470	21	3511	22	4864	23	6234	24	7697	25	8853	26	9445	27	9480	28	9405	29	8286	30	7048	31	5586	32	4289	33	3134	34	2151	35	1450	36	804	37	498	38	255	39	141	40	85	41	40	42	19	43	6	44	2	45	2
990	6	2	7	13	8	17	9	59	10	100	11	143	12	227	13	302	14	367	15	415	16	451	17	544	18	683	19	985	20	1535	21	2448	22	3565	23	4863	24	6408	25	7796	26	8928	27	9464	28	9663	29	9091	30	8159	31	6617	32	5454	33	4019	34	2944	35	1964	36	1201	37	741	38	386	39	225	40	121	41	45	42	23	43	22	44	3	45	4	46	3
991	9	2	10	1	11	2	12	7	13	19	14	31	15	94	16	167	17	278	18	510	19	811	20	1230	21	1884	22	2792	23	3817	24	5120	25	6601	26	8090	27	9011	28	9431	29	9701	30	8984	31	7948	32	6765	33	5341	34	3966	35	2802	36	1804	37	1185	38	742	39	399	40	223	41	114	42	69	43	38	44	17	45	1	47	3
992	3	3	4	4	5	8	6	9	7	21	8	35	9	55	10	82	11	106	12	164	13	255	14	335	15	389	16	487	17	543	18	594	19	826	20	1105	21	1612	22	2232	23	3079	24	4223	25	5596	26	6639	27	7998	28	8794	29	8848	30	8863	31	8444	32	7320	33	6157	34	4779	35	3578	36	2560	37	1742	38	1038	39	671	40	377	41	224	42	111	43	48	44	25	45	9	46	8	47	2	49	2
993	10	1	11	2	12	6	13	13	14	22	15	62	16	101	17	172	18	299	19	486	20	735	21	1162	22	1687	23	2461	24	3468	25	4620	26	6037	27	7151	28	8133	29	8791	30	9150	31	8929	32	8365	33	7296	34	6033	35	4667	36	3625	37	2459	38	1626	39	1087	40	605	41	361	42	193	43	100	44	48	45	26	46	13	47	6	48	2
994	5	1	6	2	7	1	8	8	9	25	10	38	11	71	12	121	13	160	14	227	15	296	16	348	17	363	18	351	19	413	20	464	21	605	22	926	23	1480	24	2169	25	3160	26	4347	27	5833	28	7073	29	8436	30	8954	31	9319	32	9020	33	8324	34	7248	35	5928	36	4548	37	3452	38	2372	39	1591	40	1018	41	622	42	335	43	176	44	82	45	51	46	20	47	11	48	7	49	1	50	2	51	1
995	10	1	11	3	12	2	13	7	14	14	15	26	16	52	17	77	18	188	19	232	20	411	21	638	22	942	23	1401	24	2103	25	2753	26	3666	27	4808	28	6169	29	7097	30	8108	31	8709	32	8884	33	8749	34	8094	35	7154	36	5749	37	4474	38	3290	39	2275	40	1617	41	960	42	616	43	329	44	205	45	101	46	45	47	29	48	13	49	5	50	4
996	4	1	5	4	6	11	7	12	8	17	9	25	10	46	11	53	12	88	13	117	14	184	15	242	16	338	17	363	18	374	19	479	20	485	21	597	22	742	23	1014	24	1347	25	2003	26	2704	27	3663	28	4692	29	5871	30	7065	31	8070	32	8383	33	8767	34	8515	35	7813	36	6748	37	5580	38	4310	39	3199	40	2346	41	1487	42	951	43	608	44	329	45	175	46	105	47	36	48	20	49	9	50	7	51	3	52	2
997	10	1	13	2	14	6	15	12	16	19	17	34	18	70	19	109	20	163	21	292	22	453	23	681	24	1033	25	1502	26	2183	27	2891	28	3913	29	5004	30	6353	31	7294	32	8112	33	8747	34	8928	35	8524	36	7962	37	6795	38	5575	39	4370	40	3098	41	2231	42	1456	43	916	44	598	45	308	46	168	47	96	48	52	49	33	50	7	51	5	52	3	53	1
998	6	1	7	1	8	4	9	7	10	20	11	43	12	61	13	95	14	144	15	198	16	243	17	329	18	367	19	338	20	336	21	359	22	331	23	447	24	591	25	884	26	1368	27	2057	28	2933	29	3856	30	4912	31	6210	32	7325	33	8112	34	8589	35	8769	36	8312	37	7711	38	6587	39	5369	40	4280	41	3028	42	2154	43	1431	44	926	45	555	46	328	47	188	48	106	49	59	50	24	51	8	52	1	53	2	54	1
999	12	2	14	5	15	10	16	11	17	26	18	55	19	68	20	147	21	215	22	280	23	439	24	623	25	963	26	1274	27	1846	28	2489	29	3255	30	4148	31	5334	32	6327	33	7272	34	7912	35	8540	36	8515	37	8199	38	7417	39	6540	40	5324	41	4110	42	3045	43	2140	44	1432	45	898	46	502	47	285	48	183	49	92	50	40	51	18	52	10	53	6	54	3
1000	4	2	5	2	6	7	7	10	8	14	9	29	10	31	11	51	12	58	13	79	14	104	15	143	16	195	17	243	18	311	19	355	20	396	21	416	22	411	23	480	24	546	25	693	26	970	27	1316	28	1766	29	2269	30	3050	31	3974	32	5053	33	6122	34	7043	35	7900	36	8362	37	8308	38	8055	39	7324	40	6415	41	5087	42	3924	43	3024	44	2002	45	1362	46	910	47	564	48	293	49	161	50	83	51	45	52	23	53	10	54	3	55	4	56	1	57	1
