1	1	100000
2	1	100000
3	1	100000
4	1	100000
5	1	100000
6	1	100000
7	1	100000
8	1	100000
9	1	100000
10	1	100000
11	1	100000
12	1	100000
13	1	100000
14	1	100000
15	1	100000
16	1	100000
17	1	100000
18	1	100000
19	1	100000
20	1	100000
21	1	100000
22	1	100000
23	1	100000
24	1	100000
25	1	100000
26	1	100000
27	1	100000
28	1	100000
29	1	100000
30	1	100000
31	1	100000
32	1	100000
33	1	100000
34	1	100000
35	1	100000
36	1	100000
37	1	100000
38	1	100000
39	1	100000
40	1	100000
41	1	100000
42	1	100000
43	1	100000
44	1	100000
45	1	100000
46	1	100000
47	1	100000
48	1	100000
49	1	100000
50	1	100000
51	1	100000
52	1	100000
53	1	100000
54	1	100000
55	1	100000
56	1	100000
57	1	100000
58	1	100000
59	1	100000
60	1	100000
61	1	100000
62	1	100000
63	1	100000
64	1	100000
65	1	100000
66	1	100000
67	1	100000
68	1	100000
69	1	100000
70	1	100000
71	1	100000
72	1	100000
73	1	100000
74	1	100000
75	1	100000
76	1	100000
77	1	100000
78	1	100000
79	1	100000
80	1	100000
81	1	100000
82	1	100000
83	1	100000
84	1	100000
85	1	100000
86	1	100000
87	1	100000
88	1	100000
89	1	100000
90	1	100000
91	1	100000
92	1	100000
93	1	100000
94	1	100000
95	1	100000
96	1	100000
97	1	100000
98	1	100000
99	1	100000
100	1	100000
101	1	100000
102	1	100000
103	1	100000
104	1	100000
105	1	100000
106	1	100000
107	1	100000
108	1	100000
109	1	100000
110	1	100000
111	1	100000
112	1	100000
113	1	100000
114	1	100000
115	1	100000
116	1	100000
117	1	100000
118	1	100000
119	1	100000
120	1	100000
121	1	100000
122	1	100000
123	1	100000
124	1	100000
125	1	100000
126	1	100000
127	1	100000
128	1	100000
129	1	100000
130	1	100000
131	1	100000
132	1	100000
133	1	100000
134	1	100000
135	1	100000
136	1	99999	2	1
137	1	100000
138	1	100000
139	1	100000
140	1	99999	2	1
141	1	100000
142	1	100000
143	1	100000
144	1	100000
145	1	100000
146	1	100000
147	1	100000
148	1	100000
149	1	100000
150	1	100000
151	1	100000
152	1	100000
153	1	100000
154	1	100000
155	1	100000
156	1	100000
157	1	100000
158	1	100000
159	1	100000
160	1	100000
161	1	100000
162	1	100000
163	1	100000
164	1	100000
165	1	100000
166	1	100000
167	1	100000
168	1	100000
169	1	100000
170	1	100000
171	1	100000
172	1	100000
173	1	100000
174	1	100000
175	1	100000
176	1	100000
177	1	100000
178	1	100000
179	1	100000
180	1	100000
181	1	100000
182	1	100000
183	1	100000
184	1	100000
185	1	100000
186	1	100000
187	1	100000
188	1	100000
189	1	100000
190	1	100000
191	1	100000
192	1	100000
193	1	100000
194	1	100000
195	1	100000
196	1	100000
197	1	100000
198	1	100000
199	1	100000
200	1	100000
201	1	100000
202	1	100000
203	1	100000
204	1	100000
205	1	100000
206	1	100000
207	1	100000
208	1	99999	2	1
209	1	100000
210	1	100000
211	1	100000
212	1	100000
213	1	100000
214	1	100000
215	1	100000
216	1	100000
217	1	100000
218	1	100000
219	1	100000
220	1	100000
221	1	100000
222	1	100000
223	1	100000
224	1	100000
225	1	100000
226	1	100000
227	1	100000
228	1	100000
229	1	100000
230	1	100000
231	1	100000
232	1	100000
233	1	100000
234	1	100000
235	1	100000
236	1	100000
237	1	100000
238	1	100000
239	1	100000
240	1	100000
241	1	100000
242	1	100000
243	1	100000
244	1	100000
245	1	100000
246	1	100000
247	1	100000
248	1	100000
249	1	100000
250	1	100000
251	1	100000
252	1	100000
253	1	100000
254	1	100000
255	1	100000
256	1	100000
257	1	100000
258	1	100000
259	1	100000
260	1	100000
261	1	100000
262	1	100000
263	1	100000
264	1	100000
265	1	100000
266	1	99999	2	1
267	1	100000
268	1	100000
269	1	100000
270	1	100000
271	1	100000
272	1	100000
273	1	100000
274	1	100000
275	1	100000
276	1	100000
277	1	100000
278	1	100000
279	1	100000
280	1	100000
281	1	100000
282	1	100000
283	1	100000
284	1	100000
285	1	100000
286	1	99999	2	1
287	1	100000
288	1	100000
289	1	100000
290	1	100000
291	1	100000
292	1	100000
293	1	100000
294	1	100000
295	1	100000
296	1	100000
297	1	100000
298	1	100000
299	1	100000
300	1	100000
301	1	100000
302	1	100000
303	1	100000
304	1	100000
305	1	100000
306	1	100000
307	1	100000
308	1	100000
309	1	100000
310	1	100000
311	1	100000
312	1	100000
313	1	100000
314	1	100000
315	1	100000
316	1	100000
317	1	100000
318	1	100000
319	1	100000
320	1	100000
321	1	100000
322	1	99999	2	1
323	1	100000
324	1	100000
325	1	100000
326	1	100000
327	1	100000
328	1	100000
329	1	100000
330	1	100000
331	1	100000
332	1	100000
333	1	100000
334	1	99999	2	1
335	1	100000
336	1	100000
337	1	100000
338	1	100000
339	1	100000
340	1	100000
341	1	100000
342	1	100000
343	1	100000
344	1	100000
345	1	100000
346	1	100000
347	1	100000
348	1	100000
349	1	100000
350	1	100000
351	1	100000
352	1	99999	2	1
353	1	100000
354	1	100000
355	1	100000
356	1	99999	2	1
357	1	100000
358	1	100000
359	1	100000
360	1	100000
361	1	100000
362	1	100000
363	1	100000
364	1	100000
365	1	100000
366	1	100000
367	1	100000
368	1	100000
369	1	100000
370	1	100000
371	1	100000
372	1	100000
373	1	100000
374	1	100000
375	1	100000
376	1	99999	2	1
377	1	100000
378	1	100000
379	1	100000
380	1	99998	2	2
381	1	100000
382	1	100000
383	1	100000
384	1	100000
385	1	100000
386	1	100000
387	1	100000
388	1	100000
389	1	100000
390	1	100000
391	1	100000
392	1	100000
393	1	100000
394	1	100000
395	1	100000
396	1	99999	2	1
397	1	100000
398	1	99999	2	1
399	1	100000
400	1	100000
401	1	100000
402	1	100000
403	1	100000
404	1	100000
405	1	100000
406	1	99998	2	2
407	1	100000
408	1	100000
409	1	100000
410	1	100000
411	1	100000
412	1	100000
413	1	100000
414	1	99999	2	1
415	1	100000
416	1	100000
417	1	100000
418	1	100000
419	1	99999	2	1
420	1	100000
421	1	100000
422	1	100000
423	1	100000
424	1	100000
425	1	100000
426	1	100000
427	1	100000
428	1	100000
429	1	99999	2	1
430	1	100000
431	1	100000
432	1	100000
433	1	100000
434	1	99999	2	1
435	1	100000
436	1	100000
437	1	100000
438	1	100000
439	1	100000
440	1	99999	2	1
441	1	100000
442	1	100000
443	1	99999	2	1
444	1	100000
445	1	100000
446	1	99999	2	1
447	1	100000
448	1	100000
449	1	100000
450	1	99999	2	1
451	1	100000
452	1	100000
453	1	100000
454	1	99999	2	1
455	1	100000
456	1	100000
457	1	100000
458	1	100000
459	1	100000
460	1	100000
461	1	99999	2	1
462	1	100000
463	1	100000
464	1	100000
465	1	99998	2	2
466	1	100000
467	1	100000
468	1	99999	2	1
469	1	100000
470	1	100000
471	1	100000
472	1	99999	2	1
473	1	99999	2	1
474	1	99999	2	1
475	1	100000
476	1	100000
477	1	100000
478	1	100000
479	1	99999	2	1
480	1	100000
481	1	100000
482	1	100000
483	1	100000
484	1	99999	2	1
485	1	99998	2	2
486	1	99999	2	1
487	1	100000
488	1	99998	2	2
489	1	100000
490	1	99998	2	2
491	1	99995	2	5
492	1	99999	2	1
493	1	99998	2	2
494	1	99999	2	1
495	1	99998	2	2
496	1	99995	2	5
497	1	99999	2	1
498	1	99994	2	6
499	1	99995	2	5
500	1	99999	2	1
501	1	7861	2	92136	3	3
502	1	15343	2	84654	3	3
503	1	21883	2	78114	3	3
504	1	27863	2	72133	3	4
505	1	33885	2	66111	3	3	4	1
506	1	38742	2	61254	3	4
507	1	43730	2	56268	3	1	4	1
508	1	47897	2	52103
509	1	52164	2	47834	3	2
510	1	55969	2	44025	3	2	4	4
511	1	59190	2	40810
512	1	62125	2	37874	3	1
513	1	65467	2	34532	3	1
514	1	68105	2	31893	3	2
515	1	70675	2	29322	3	3
516	1	72538	2	27462
517	1	75227	2	24773
518	1	77044	2	22956
519	1	78743	2	21256	3	1
520	1	80484	2	19512	3	2	4	2
521	1	82016	2	17981	3	3
522	1	83459	2	16539	3	1	4	1
523	1	84701	2	15297	3	2
524	1	85734	2	14266
525	1	87283	2	12714	3	2	4	1
526	1	87971	2	12027	3	2
527	1	89123	2	10875	3	2
528	1	89825	2	10174	3	1
529	1	90718	2	9281	3	1
530	1	91312	2	8688
531	1	92048	2	7951	4	1
532	1	92716	2	7282	3	2
533	1	93341	2	6657	3	2
534	1	93990	2	6005	3	5
535	1	94342	2	5658
536	1	94820	2	5178	3	1	4	1
537	1	95203	2	4795	3	2
538	1	95637	2	4363
539	1	95879	2	4120	3	1
540	1	96287	2	3708	3	5
541	1	96445	2	3555
542	1	96737	2	3261	3	2
543	1	97046	2	2953	3	1
544	1	97243	2	2752	3	5
545	1	97513	2	2486	3	1
546	1	97754	2	2246
547	1	97847	2	2152	3	1
548	1	98026	2	1973	3	1
549	1	98118	2	1879	3	2	4	1
550	1	98289	2	1706	3	5
551	1	98451	2	1549
552	1	98581	2	1419
553	1	98664	2	1333	3	3
554	1	98760	2	1239	3	1
555	1	98877	2	1121	3	2
556	1	98970	2	1026	3	4
557	1	99049	2	951
558	1	99142	2	857	3	1
559	1	99193	2	804	3	3
560	1	99233	2	765	3	2
561	1	99320	2	677	3	3
562	1	99366	2	632	3	2
563	1	99419	2	580	3	1
564	1	99426	2	572	3	2
565	1	99497	2	502	3	1
566	1	99526	2	471	3	3
567	1	99585	2	413	3	2
568	1	99564	2	435	3	1
569	1	99629	2	369	3	2
570	1	99662	2	335	3	3
571	1	99681	2	317	3	2
572	1	99714	2	283	3	3
573	1	99726	2	271	3	3
574	1	99752	2	246	3	2
575	1	99739	2	260	3	1
576	1	99781	2	219
577	1	99807	2	191	3	2
578	1	99798	2	202
579	1	99782	2	217	3	1
580	1	99828	2	172
581	1	99831	2	168	3	1
582	1	99836	2	162	3	2
583	1	99856	2	143	3	1
584	1	99826	2	171	3	3
585	1	99847	2	148	3	5
586	1	99873	2	126	3	1
587	1	99862	2	138
588	1	99868	2	130	3	2
589	1	99876	2	123	3	1
590	1	99891	2	106	3	3
591	1	99899	2	100	3	1
592	1	99874	2	125	3	1
593	1	99904	2	93	3	3
594	1	99895	2	105
595	1	99907	2	91	3	2
596	1	99901	2	95	3	4
597	1	99907	2	92	3	1
598	1	99895	2	101	3	4
599	1	99887	2	111	3	2
600	1	99907	2	92	3	1
601	1	99883	2	115	3	2
602	1	99872	2	123	3	5
603	1	99876	2	122	3	2
604	1	99842	2	155	3	3
605	1	99859	2	140	3	1
606	1	99865	2	134	3	1
607	1	99868	2	131	3	1
608	1	99871	2	128	3	1
609	1	99865	2	132	3	3
610	1	99872	2	123	3	5
611	1	99848	2	152
612	1	99859	2	138	3	3
613	1	99861	2	137	3	2
614	1	99848	2	147	3	5
615	1	99829	2	167	3	4
616	1	99828	2	168	3	4
617	1	99868	2	131	3	1
618	1	99845	2	153	3	2
619	1	99839	2	156	3	5
620	1	99816	2	177	3	7
621	1	99834	2	161	3	5
622	1	99811	2	187	3	2
623	1	99841	2	155	3	4
624	1	99781	2	214	3	5
625	1	99801	2	199
626	1	99773	2	224	3	3
627	1	99788	2	210	3	2
628	1	99751	2	246	3	3
629	1	99751	2	247	3	2
630	1	99728	2	267	3	5
631	1	99764	2	235	3	1
632	1	99729	2	269	3	2
633	1	99755	2	242	3	3
634	1	99737	2	263
635	1	99739	2	260	3	1
636	1	99686	2	314
637	1	99668	2	329	3	3
638	1	99682	2	317	3	1
639	1	99647	2	353
640	1	99627	2	369	3	4
641	1	99640	2	357	3	3
642	1	99633	2	365	3	2
643	1	99627	2	370	3	3
644	1	99538	2	460	3	2
645	1	99584	2	413	3	3
646	1	99491	2	505	3	4
647	1	99575	2	424	3	1
648	1	99486	2	511	3	3
649	1	99516	2	477	3	7
650	1	99494	2	501	3	5
651	1	99450	2	543	3	7
652	1	99408	2	587	3	4	4	1
653	1	99425	2	571	3	4
654	1	99360	2	634	3	6
655	1	99328	2	669	3	3
656	1	99259	2	735	3	6
657	1	99279	2	719	3	2
658	1	99225	2	771	3	4
659	1	99221	2	777	3	2
660	1	99141	2	852	3	7
661	1	99175	2	821	3	4
662	1	99037	2	960	3	3
663	1	99032	2	961	3	7
664	1	98814	2	1176	3	10
665	1	98915	2	1080	3	5
666	1	98636	2	1354	3	10
667	1	99408	2	589	3	3
668	1	99040	2	955	3	5
669	1	99188	2	808	3	4
670	1	99167	2	830	3	3
671	1	99197	2	801	3	2
672	1	98899	2	1092	3	9
673	1	99044	2	949	3	7
674	1	99077	2	915	3	7	4	1
675	1	98971	2	1025	3	4
676	1	98694	2	1286	3	20
677	1	98861	2	1134	3	5
678	1	98916	2	1075	3	9
679	1	98869	2	1120	3	11
680	1	98482	2	1502	3	15	4	1
681	1	98761	2	1229	3	10
682	1	98708	2	1277	3	15
683	1	98665	2	1326	3	9
684	1	98396	2	1586	3	18
685	1	98559	2	1434	3	6	4	1
686	1	98565	2	1426	3	9
687	1	98575	2	1410	3	15
688	1	98233	2	1748	3	19
689	1	98378	2	1605	3	17
690	1	98175	2	1810	3	15
691	1	98253	2	1735	3	12
692	1	98109	2	1871	3	20
693	1	98171	2	1811	3	18
694	1	98115	2	1858	3	26	4	1
695	1	98060	2	1917	3	23
696	1	97830	2	2139	3	31
697	1	97927	2	2044	3	29
698	1	97951	2	2027	3	22
699	1	97828	2	2146	3	26
700	1	97428	2	2538	3	34
701	1	97577	2	2391	3	31	4	1
702	1	97575	2	2400	3	25
703	1	97516	2	2448	3	36
704	1	96913	2	3041	3	46
705	1	97329	2	2625	3	46
706	1	97545	2	2425	3	30
707	1	97267	2	2705	3	27	4	1
708	1	97007	2	2949	3	43	4	1
709	1	96978	2	2977	3	45
710	1	96940	2	3023	3	36	4	1
711	1	96722	2	3220	3	57	4	1
712	1	96462	2	3466	3	72
713	1	96569	2	3368	3	63
714	1	96601	2	3342	3	55	4	2
715	1	96316	2	3617	3	66	4	1
716	1	95790	2	4124	3	85	4	1
717	1	96353	2	3573	3	71	4	3
718	1	96025	2	3899	3	76
719	1	95982	2	3942	3	75	4	1
720	1	95082	2	4797	3	118	4	3
721	1	95722	2	4181	3	97
722	1	95741	2	4164	3	95
723	1	95469	2	4426	3	105
724	1	94991	2	4869	3	138	4	2
725	1	94940	2	4938	3	120	4	2
726	1	94742	2	5100	3	157	4	1
727	1	94555	2	5314	3	130	4	1
728	1	94781	2	5076	3	141	4	2
729	1	94823	2	5062	3	115
730	1	94710	2	5145	3	139	4	6
731	1	94334	2	5522	3	139	4	5
732	1	93801	2	6016	3	177	4	6
733	1	94091	2	5734	3	172	4	3
734	1	93852	2	5959	3	186	4	3
735	1	93709	2	6097	3	192	4	2
736	1	92944	2	6810	3	242	4	4
737	1	93659	2	6129	3	210	4	2
738	1	93384	2	6404	3	209	4	3
739	1	93112	2	6659	3	225	4	4
740	1	92306	2	7380	3	304	4	10
741	1	92656	2	7013	3	322	4	8	5	1
742	1	92270	2	7420	3	299	4	11
743	1	92162	2	7563	3	272	4	3
744	1	91914	2	7715	3	363	4	8
745	1	91337	2	8301	3	352	4	10
746	1	91498	2	8162	3	329	4	11
747	1	91198	2	8429	3	360	4	13
748	1	90741	2	8811	3	439	4	9
749	1	90699	2	8875	3	408	4	17	5	1
750	1	90525	2	9009	3	454	4	11	5	1
751	1	88018	2	11284	3	682	4	14	5	2
752	1	87563	2	11658	3	746	4	32	5	1
753	1	87387	2	11838	3	743	4	31	5	1
754	1	87529	2	11687	3	752	4	31	5	1
755	1	87011	2	12157	3	797	4	33	5	2
756	1	86693	2	12378	3	882	4	47
757	1	87285	2	11864	3	812	4	39
758	1	86375	2	12673	3	904	4	47	5	1
759	1	86149	2	12814	3	982	4	54	5	1
760	1	85879	2	13095	3	972	4	53	5	1
761	1	86001	2	12927	3	1020	4	48	5	4
762	1	85645	2	13305	3	995	4	55
763	1	85351	2	13537	3	1046	4	64	5	2
764	1	84821	2	14012	3	1103	4	62	5	2
765	1	84826	2	14000	3	1111	4	58	5	5
766	1	84251	2	14476	3	1208	4	62	5	3
767	1	83524	2	15065	3	1335	4	73	5	3
768	1	82629	2	15704	3	1543	4	116	5	8
769	1	82617	2	15748	3	1523	4	101	5	11
770	1	83474	2	15024	3	1411	4	87	5	4
771	1	83002	2	15425	3	1455	4	113	5	5
772	1	82726	2	15582	3	1570	4	116	5	6
773	1	81617	2	16642	3	1622	4	114	5	5
774	1	80831	2	17190	3	1838	4	130	5	11
775	1	80767	2	17218	3	1854	4	152	5	8	6	1
776	1	80655	2	17222	3	1980	4	134	5	8	6	1
777	1	79761	2	18072	3	2005	4	153	5	8	6	1
778	1	79613	2	18083	3	2142	4	152	5	10
779	1	79314	2	18366	3	2172	4	141	5	7
780	1	77818	2	19496	3	2474	4	200	5	11	6	1
781	1	78122	2	19284	3	2360	4	221	5	13
782	1	76566	2	20498	3	2669	4	237	5	30
783	1	77030	2	20223	3	2496	4	239	5	12
784	1	75413	2	21203	3	3053	4	302	5	28	6	1
785	1	75791	2	21014	3	2902	4	270	5	22	6	1
786	1	74238	2	22097	3	3293	4	346	5	25	6	1
787	1	74888	2	21614	3	3173	4	297	5	26	6	2
788	1	73770	2	22404	3	3426	4	374	5	25	6	1
789	1	73759	2	22407	3	3458	4	351	5	23	6	2
790	1	72362	2	23401	3	3809	4	392	5	34	6	2
791	1	72256	2	23474	3	3794	4	436	5	36	6	4
792	1	70803	2	24518	3	4174	4	457	5	46	6	1	7	1
793	1	70524	2	24623	3	4303	4	494	5	53	6	3
794	1	68981	2	25755	3	4673	4	528	5	58	6	5
795	1	69163	2	25681	3	4553	4	538	5	62	6	3
796	1	67894	2	26423	3	5034	4	588	5	56	6	4	7	1
797	1	67058	2	26839	3	5313	4	713	5	70	6	6	7	1
798	1	65578	2	27782	3	5727	4	824	5	82	6	7
799	1	65653	2	27870	3	5589	4	801	5	81	6	6
800	1	66942	2	26789	3	5447	4	749	5	63	6	9	7	1
801	1	68290	2	25656	3	5311	4	663	5	73	6	6	7	1
802	1	67795	2	26199	3	5226	4	696	5	76	6	7	7	1
803	1	66605	2	26834	3	5667	4	813	5	74	6	6	7	1
804	1	65790	2	27257	3	5983	4	889	5	72	6	8	7	1
805	1	64266	2	28129	3	6513	4	971	5	102	6	17	7	2
806	1	63733	2	28643	3	6495	4	1003	5	108	6	17	7	1
807	1	62030	2	29517	3	7168	4	1138	5	134	6	9	7	3	8	1
808	1	61847	2	29461	3	7355	4	1167	5	153	6	17
809	1	61571	2	29581	3	7498	4	1182	5	147	6	20	7	1
810	1	59859	2	30681	3	7874	4	1374	5	189	6	22	7	1
811	1	58594	2	31311	3	8493	4	1403	5	180	6	17	7	2
812	1	58160	2	31633	3	8452	4	1542	5	182	6	29	7	2
813	1	56574	2	32242	3	9196	4	1757	5	208	6	21	7	2
814	1	56108	2	32277	3	9492	4	1809	5	274	6	36	7	3	8	1
815	1	55677	2	32634	3	9647	4	1746	5	257	6	36	7	3
816	1	54026	2	33051	3	10457	4	2104	5	309	6	50	7	3
817	1	53587	2	33495	3	10468	4	2129	5	291	6	29	7	1
818	1	52562	2	33998	3	10742	4	2286	5	363	6	43	7	6
819	1	51011	2	34494	3	11492	4	2545	5	403	6	52	7	3
820	1	50565	2	34510	3	11787	4	2625	5	451	6	55	7	5	8	2
821	1	49781	2	34779	3	12123	4	2788	5	454	6	72	7	3
822	1	48839	2	35297	3	12342	4	2938	5	501	6	68	7	14	8	1
823	1	46701	2	36096	3	13264	4	3247	5	592	6	79	7	18	8	3
824	1	47493	2	35627	3	12971	4	3273	5	528	6	91	7	16	8	1
825	1	45869	2	35981	3	13968	4	3419	5	649	6	102	7	11	9	1
826	1	45349	2	36008	3	14175	4	3635	5	706	6	107	7	18	8	2
827	1	44089	2	36430	3	14712	4	3854	5	789	6	111	7	12	8	3
828	1	43203	2	36505	3	15160	4	4108	5	874	6	129	7	20	8	1
829	1	42298	2	36816	3	15454	4	4413	5	861	6	136	7	21	8	1
830	1	41069	2	36734	3	16244	4	4694	5	1053	6	179	7	26	9	1
831	1	40248	2	37126	3	16504	4	4867	5	1048	6	165	7	37	8	5
832	1	39142	2	37225	3	17094	4	5188	5	1108	6	194	7	45	8	4
833	1	38029	2	37360	3	17685	4	5446	5	1208	6	233	7	32	8	7
834	1	36387	2	37235	3	18734	4	5916	5	1423	6	252	7	48	8	5
835	1	35826	2	37201	3	19030	4	6053	5	1503	6	325	7	50	8	12
836	1	33963	2	37459	3	19641	4	6797	5	1735	6	333	7	62	8	8	9	2
837	1	33518	2	37266	3	19947	4	7056	5	1730	6	401	7	72	8	9	10	1
838	1	32853	2	37086	3	20323	4	7308	5	1953	6	395	7	71	8	8	9	3
839	1	32372	2	37089	3	20526	4	7463	5	2054	6	412	7	73	8	11
840	1	30669	2	36730	3	21674	4	8077	5	2254	6	495	7	80	8	17	9	4
841	1	30324	2	36823	3	21605	4	8310	5	2315	6	511	7	91	8	19	9	1	10	1
842	1	27853	2	36148	3	22949	4	9389	5	2816	6	682	7	129	8	30	9	4
843	1	28960	2	36187	3	22554	4	8968	5	2554	6	631	7	118	8	25	9	3
844	1	28013	2	35994	3	23013	4	9299	5	2840	6	697	7	119	8	20	9	5
845	1	27046	2	35725	3	23338	4	9852	5	3077	6	760	7	172	8	26	9	4
846	1	25467	2	35595	3	23945	4	10461	5	3485	6	820	7	184	8	34	9	8	10	1
847	1	24723	2	35133	3	24510	4	10918	5	3598	6	888	7	195	8	27	9	8
848	1	23178	2	34621	3	25142	4	11659	5	3974	6	1133	7	226	8	53	9	11	10	1	11	2
849	1	22730	2	34701	3	25173	4	11718	5	4255	6	1135	7	232	8	44	9	10	10	1	11	1
850	1	22162	2	33951	3	25287	4	12454	5	4473	6	1262	7	322	8	77	9	10	10	1	11	1
851	1	20527	2	33564	3	26190	4	13110	5	4775	6	1387	7	359	8	68	9	18	10	2
852	1	19611	2	32738	3	26341	4	13994	5	5276	6	1553	7	377	8	84	9	22	10	4
853	1	19570	2	32588	3	26382	4	13964	5	5340	6	1653	7	384	8	97	9	21	11	1
854	1	18108	2	31706	3	26789	4	14887	5	6042	6	1849	7	500	8	96	9	19	10	3	11	1
855	1	16936	2	30929	3	27415	4	15511	5	6408	6	2038	7	601	8	131	9	22	10	7	11	2
856	1	15803	2	30035	3	27681	4	16373	5	6932	6	2321	7	655	8	159	9	37	10	2	11	1	13	1
857	1	15335	2	29346	3	27532	4	16771	5	7453	6	2600	7	753	8	165	9	37	10	6	11	1	12	1
858	1	19117	2	31220	3	26337	4	14778	5	6080	6	1806	7	509	8	119	9	26	10	8
859	1	16987	2	29164	3	26856	4	16311	5	7239	6	2534	7	687	8	183	9	28	10	8	11	3
860	1	16576	2	29064	3	26776	4	16672	5	7289	6	2654	7	738	8	188	9	37	10	5	11	1
861	1	15291	2	28405	3	27166	4	17250	5	7932	6	2819	7	874	8	213	9	45	10	5
862	1	14492	2	27523	3	26959	4	17715	5	8562	6	3360	7	1060	8	251	9	64	10	13	11	1
863	1	13147	2	26536	3	27057	4	18746	5	9161	6	3743	7	1177	8	320	9	83	10	24	11	5	12	1
864	1	12933	2	26263	3	27473	4	18727	5	9303	6	3708	7	1173	8	330	9	73	10	11	11	5	12	1
865	1	12023	2	25698	3	27149	4	19345	5	9901	6	4049	7	1369	8	359	9	82	10	18	11	7
866	1	11305	2	24532	3	26898	4	19919	5	10654	6	4479	7	1625	8	455	9	97	10	27	11	8	12	1
867	1	10602	2	23941	3	26958	4	20309	5	11173	6	4710	7	1658	8	479	9	124	10	33	11	9	12	3	13	1
868	1	9822	2	23051	3	26838	4	20542	5	11946	6	5147	7	1908	8	564	9	139	10	35	11	7	12	1
869	1	9079	2	22176	3	26664	4	21161	5	12198	6	5702	7	2132	8	644	9	174	10	52	11	8	12	9	14	1
870	1	9215	2	21884	3	26615	4	21099	5	12451	6	5751	7	2048	8	683	9	199	10	48	11	4	12	2	13	1
871	1	8305	2	20920	3	26272	4	21587	5	13077	6	6312	7	2448	8	802	9	225	10	36	11	13	12	1	13	2
872	1	7864	2	19814	3	25825	4	21770	5	13786	6	6837	7	2784	8	934	9	294	10	76	11	13	12	3
873	1	7476	2	19602	3	25630	4	22202	5	13985	6	6966	7	2816	8	991	9	238	10	72	11	16	12	6
874	1	6806	2	18593	3	24923	4	22234	5	14908	6	7786	7	3104	8	1152	9	374	10	91	11	24	12	4	13	1
875	1	6146	2	17721	3	24773	4	22637	5	15422	6	8082	7	3479	8	1194	9	400	10	111	11	31	12	3	15	1
876	1	5780	2	16646	3	23780	4	22864	5	15987	6	8763	7	3978	8	1525	9	464	10	167	11	37	12	5	13	2	15	2
877	1	4949	2	15513	3	23160	4	23120	5	16861	6	9446	7	4429	8	1673	9	626	10	145	11	61	12	13	13	3	14	1
878	1	4624	2	14527	3	22238	4	23000	5	17266	6	10210	7	5147	8	1955	9	702	10	259	11	55	12	12	13	4	14	1
879	1	4379	2	14249	3	22528	4	23092	5	17298	6	10388	7	4988	8	2039	9	742	10	216	11	60	12	16	13	5
880	1	4070	2	13278	3	21771	4	22867	5	17856	6	11020	7	5454	8	2355	9	918	10	298	11	82	12	18	13	12	14	1
881	1	3751	2	12482	3	21072	4	22969	5	18297	6	11547	7	5947	8	2550	9	952	10	321	11	74	12	33	13	4	15	1
882	1	3716	2	12624	3	20541	4	22913	5	18309	6	11733	7	6106	8	2603	9	968	10	336	11	108	12	30	13	10	14	3
883	1	3216	2	11313	3	20148	4	22701	5	18741	6	12487	7	6651	8	2963	9	1167	10	439	11	131	12	32	13	9	14	1	15	1
884	1	3036	2	10615	3	18860	4	22346	5	19411	6	12996	7	7265	8	3390	9	1390	10	483	11	149	12	47	13	8	14	2	15	2
885	1	2569	2	10074	3	18089	4	22171	5	19643	6	13696	7	7839	8	3639	9	1483	10	565	11	167	12	55	13	5	14	3	15	1	16	1
886	1	2508	2	9408	3	17732	4	21795	5	19717	6	14014	7	8128	8	4029	9	1736	10	628	11	221	12	54	13	24	14	4	15	2
887	1	2115	2	8594	3	16921	4	21375	5	20036	6	14873	7	8729	8	4446	9	1883	10	699	11	238	12	65	13	15	14	8	15	3
888	1	1903	2	7921	3	15547	4	20559	5	20367	6	15235	7	9811	8	4966	9	2317	10	893	11	339	12	101	13	26	14	10	15	3	16	1	19	1
889	1	2327	2	8571	3	16374	4	20870	5	19808	6	14869	7	9169	8	4614	9	2106	10	892	11	278	12	95	13	19	14	6	15	2
890	1	2044	2	7759	3	15647	4	20391	5	20043	6	15386	7	9694	8	5183	9	2374	10	965	11	361	12	106	13	30	14	13	15	4
891	1	1765	2	6855	3	14171	4	19446	5	20197	6	16197	7	10676	8	5939	9	2857	10	1191	11	468	12	165	13	54	14	15	15	3	18	1
892	1	1924	2	7045	3	14085	4	19603	5	19788	6	16340	7	10686	8	5880	9	2750	10	1248	11	424	12	151	13	56	14	16	15	3	17	1
893	1	1322	2	5616	3	12640	4	18502	5	20072	6	17178	7	11635	8	7057	9	3484	10	1567	11	622	12	215	13	66	14	22	15	1	17	1
894	1	1357	2	5720	3	12545	4	18051	5	20010	6	16873	7	11979	8	7102	9	3679	10	1654	11	680	12	231	13	86	14	30	15	3
895	1	1175	2	5018	3	11662	4	17738	5	19829	6	17323	7	12727	8	7651	9	3952	10	1790	11	719	12	291	13	88	14	27	15	9	17	1
896	1	1069	2	4577	3	10569	4	16420	5	19288	6	17804	7	13255	8	8520	9	4748	10	2234	11	929	12	392	13	126	14	46	15	17	16	5	17	1
897	1	890	2	4193	3	10026	4	16118	5	19185	6	18007	7	13788	8	8795	9	4903	10	2437	11	1058	12	408	13	135	14	38	15	12	16	6	17	1
898	1	903	2	4031	3	9654	4	15627	5	18688	6	18023	7	14018	8	9237	9	5293	10	2604	11	1210	12	447	13	185	14	55	15	20	16	4	18	1
899	1	642	2	3218	3	8631	4	14739	5	18575	6	18208	7	14778	8	10083	9	6010	10	2926	11	1351	12	543	13	207	14	57	15	21	16	8	17	3
900	1	674	2	3333	3	8252	4	14157	5	18223	6	18219	7	14686	8	10372	9	6323	10	3256	11	1484	12	655	13	239	14	91	15	22	16	10	17	3	18	1
901	1	494	2	2669	3	7213	4	12971	5	17426	6	18206	7	15719	8	11327	9	7185	10	3774	11	1727	12	779	13	326	14	137	15	34	16	12	17	1
902	1	448	2	2454	3	6741	4	12183	5	16751	6	17990	7	16235	8	11851	9	7535	10	4244	11	2084	12	902	13	375	14	138	15	44	16	13	17	10	18	1	19	1
903	1	373	2	2208	3	6158	4	11809	5	16449	6	18041	7	16381	8	12359	9	7892	10	4446	11	2211	12	1030	13	417	14	147	15	54	16	18	17	5	18	1	20	1
904	1	433	2	2260	3	6007	4	11313	5	16218	6	17520	7	15886	8	12712	9	8418	10	4752	11	2538	12	1178	13	478	14	183	15	69	16	23	17	5	18	5	19	2
905	1	253	2	1608	3	4897	4	10110	5	14942	6	17767	7	17040	8	13496	9	9130	10	5571	11	2891	12	1332	13	571	14	265	15	85	16	25	17	10	18	4	19	3
906	1	287	2	1550	3	4746	4	9591	5	14467	6	17321	7	16760	8	13782	9	9546	10	5836	11	3398	12	1611	13	690	14	278	15	90	16	29	17	13	18	5
907	1	182	2	1297	3	4181	4	8725	5	13674	6	17016	7	16923	8	14376	9	10338	10	6387	11	3624	12	1849	13	848	14	347	15	148	16	48	17	24	18	9	19	2	20	1	21	1
908	1	203	2	1150	3	3673	4	7789	5	12423	6	16055	7	16617	8	14840	9	11124	10	7525	11	4418	12	2280	13	1073	14	529	15	192	16	59	17	37	18	7	19	4	20	2
909	1	119	2	890	3	3222	4	7259	5	11812	6	15656	7	16741	8	15228	9	11705	10	7766	11	4834	12	2602	13	1236	14	555	15	239	16	100	17	22	18	12	19	1	20	1
910	1	219	2	1220	3	3677	4	7778	5	12169	6	15719	7	16604	8	14635	9	11282	10	7595	11	4455	12	2583	13	1150	14	549	15	227	16	92	17	34	18	7	19	3	20	2
911	1	132	2	999	3	3155	4	6980	5	11780	6	15235	7	16807	8	15178	9	11827	10	8058	11	4884	12	2690	13	1272	14	603	15	255	16	93	17	38	18	7	19	6	21	1
912	1	141	2	882	3	2771	4	6167	5	10637	6	14344	7	15913	8	15132	9	12759	10	9200	11	5712	12	3262	13	1710	14	805	15	347	16	139	17	54	18	21	19	4
913	1	96	2	693	3	2355	4	5469	5	9775	6	13565	7	15861	8	15576	9	13189	10	9733	11	6333	12	3744	13	1938	14	967	15	453	16	142	17	62	18	31	19	9	20	7	21	2
914	1	122	2	726	3	2372	4	5383	5	9515	6	13258	7	15487	8	15729	9	13122	10	9913	11	6548	12	3915	13	2097	14	1051	15	435	16	204	17	70	18	35	19	11	20	6	23	1
915	1	75	2	493	3	1749	4	4507	5	8607	6	12746	7	15344	8	15771	9	13822	10	10602	11	7247	12	4427	13	2500	14	1196	15	537	16	220	17	95	18	39	19	16	20	5	21	1	22	1
916	1	84	2	589	3	1918	4	4427	5	8026	6	11981	7	14798	8	15466	9	13837	10	10970	11	7745	12	4756	13	2724	14	1498	15	664	16	299	17	147	18	46	19	18	20	6	21	1
917	1	32	2	338	3	1327	4	3571	5	7313	6	11312	7	14156	8	15653	9	14615	10	11674	11	8429	12	5390	13	3140	14	1664	15	834	16	349	17	113	18	55	19	26	20	7	22	1	23	1
918	1	42	2	304	3	1220	4	3276	5	6338	6	10291	7	13609	8	15112	9	14576	10	12346	11	9266	12	6133	13	3680	14	2010	15	969	16	478	17	217	18	84	19	31	20	10	21	6	22	1	23	1
919	1	34	2	236	3	1033	4	2905	5	5932	6	9885	7	13336	8	15103	9	14717	10	12704	11	9649	12	6506	13	3805	14	2154	15	1092	16	515	17	229	18	103	19	35	20	15	21	8	22	2	23	2
920	1	49	2	295	3	1062	4	2787	5	5525	6	8890	7	12534	8	14465	9	14750	10	13025	11	10058	12	6990	13	4411	14	2593	15	1353	16	661	17	329	18	128	19	54	20	26	21	10	22	5
921	1	19	2	139	3	640	4	1981	5	4650	6	8012	7	11661	8	14489	9	14965	10	13713	11	10861	12	7797	13	5050	14	2958	15	1645	16	772	17	381	18	158	19	72	20	22	21	11	22	3	23	1
922	1	30	2	172	3	708	4	1878	5	4265	6	7300	7	10702	8	13525	9	14525	10	13608	11	11590	12	8641	13	5816	14	3481	15	1902	16	1000	17	504	18	206	19	90	20	33	21	15	22	5	23	2	24	2
923	1	9	2	100	3	498	4	1573	5	3692	6	6696	7	10215	8	13220	9	14537	10	14208	11	11771	12	9020	13	6275	14	3809	15	2246	16	1131	17	535	18	277	19	106	20	51	21	22	22	6	23	2	24	1
924	1	23	2	178	3	709	4	1946	5	4069	6	7083	7	10496	8	13070	9	14470	10	13513	11	11835	12	8750	13	5995	14	3673	15	2112	16	1145	17	512	18	247	19	116	20	39	21	12	22	4	23	1	24	1	25	1
925	1	11	2	83	3	411	4	1298	5	3080	6	5818	7	9289	8	12414	9	13931	10	14304	11	12483	12	10037	13	7006	14	4533	15	2519	16	1472	17	738	18	327	19	147	20	53	21	31	22	11	23	2	24	1	26	1
926	1	10	2	102	3	438	4	1203	5	2789	6	5221	7	8304	8	11331	9	13361	10	14046	11	12811	12	10666	13	7789	14	5208	15	3202	16	1747	17	978	18	447	19	217	20	82	21	28	22	12	23	7	24	1
927	1	4	2	44	3	259	4	951	5	2312	6	4717	7	8171	8	11119	9	13336	10	14003	11	13023	12	10923	13	8139	14	5536	15	3522	16	1925	17	1032	18	536	19	242	20	117	21	54	22	23	23	8	24	3	25	1
928	1	13	2	91	3	344	4	911	5	2205	6	4329	7	7139	8	10003	9	12607	10	13472	11	13411	12	11507	13	8784	14	6241	15	3855	16	2466	17	1326	18	713	19	354	20	138	21	53	22	17	23	11	24	5	25	3	26	1	27	1
929	1	2	2	23	3	158	4	572	5	1721	6	3693	7	6351	8	9476	9	12300	10	13811	11	13477	12	11935	13	9525	14	6744	15	4521	16	2697	17	1479	18	808	19	395	20	180	21	82	22	21	23	19	24	6	25	2	26	1	27	1
930	1	3	2	61	3	238	4	615	5	1670	6	3380	7	5921	8	8745	9	11587	10	13085	11	13520	12	12028	13	9897	14	7317	15	5089	16	3186	17	1797	18	966	19	470	20	239	21	114	22	42	23	20	24	5	25	3	26	1	27	1
931	1	1	2	13	3	89	4	394	5	1105	6	2674	7	4924	8	8137	9	10829	10	13021	11	13534	12	12846	13	10656	14	8014	15	5653	16	3668	17	2121	18	1192	19	610	20	291	21	129	22	57	23	25	24	11	25	3	26	3
932	1	6	2	43	3	159	4	491	5	1211	6	2419	7	4456	8	7183	9	9959	10	12157	11	13162	12	12640	13	11030	14	8742	15	6407	16	4269	17	2638	18	1497	19	810	20	383	21	178	22	89	23	37	24	22	25	10	26	1	28	1
933	2	15	3	70	4	265	5	832	6	1939	7	3850	8	6591	9	9319	10	11597	11	13066	12	13146	13	11644	14	9439	15	6950	16	4739	17	2964	18	1728	19	942	20	470	21	249	22	94	23	58	24	23	25	3	26	6	30	1
934	1	8	2	30	3	123	4	407	5	1016	6	2167	7	4003	8	6511	9	9059	10	11706	11	12654	12	12817	13	11556	14	9329	15	7017	16	4746	17	3109	18	1792	19	1007	20	506	21	231	22	127	23	44	24	24	25	5	26	3	27	3
935	2	5	3	50	4	197	5	596	6	1432	7	3136	8	5316	9	8086	10	10670	11	12486	12	12988	13	12144	14	10327	15	8133	16	5714	17	3696	18	2397	19	1282	20	688	21	341	22	171	23	91	24	30	25	12	26	10	27	1	34	1
936	1	6	2	36	3	121	4	307	5	780	6	1647	7	3149	8	5354	9	7808	10	10222	11	12119	12	12909	13	12014	14	10220	15	8115	16	5816	17	3950	18	2508	19	1449	20	751	21	384	22	189	23	92	24	28	25	19	26	4	27	2	29	1
937	2	2	3	27	4	113	5	413	6	1067	7	2310	8	4286	9	6938	10	9666	11	11890	12	12796	13	12705	14	11095	15	9053	16	6659	17	4548	18	2824	19	1745	20	923	21	477	22	244	23	121	24	56	25	26	26	12	27	3	29	1
938	1	1	2	10	3	58	4	186	5	444	6	991	7	1964	8	3691	9	5988	10	8502	11	10723	12	12223	13	12694	14	11626	15	9824	16	7406	17	5406	18	3525	19	2107	20	1277	21	692	22	358	23	177	24	75	25	29	26	12	27	8	28	2	32	1
939	2	2	3	11	4	68	5	255	6	706	7	1649	8	3149	9	5420	10	7951	11	10579	12	12223	13	12565	14	11960	15	10246	16	8110	17	5759	18	3880	19	2451	20	1430	21	805	22	417	23	214	24	91	25	30	26	13	27	9	28	4	29	2	31	1
940	1	1	2	13	3	39	4	130	5	382	6	798	7	1606	8	2775	9	4906	10	6933	11	9399	12	11163	13	12159	14	11864	15	10799	16	8814	17	6642	18	4670	19	2994	20	1810	21	1048	22	504	23	269	24	159	25	70	26	33	27	17	29	2	30	1
941	3	8	4	25	5	100	6	389	7	960	8	2146	9	3828	10	6119	11	8527	12	10954	13	12054	14	12147	15	11563	16	9636	17	7530	18	5404	19	3581	20	2208	21	1350	22	727	23	377	24	190	25	96	26	48	27	20	28	6	29	6	31	1
942	2	10	3	18	4	124	5	258	6	602	7	1216	8	2219	9	3653	10	5999	11	8218	12	10278	13	11911	14	12073	15	11458	16	9509	17	7836	18	5558	19	3729	20	2381	21	1380	22	780	23	410	24	206	25	102	26	38	27	22	28	7	29	2	30	1	31	2
943	2	1	3	2	4	20	5	82	6	292	7	756	8	1540	9	2999	10	5104	11	7517	12	9820	13	11603	14	12139	15	11840	16	10241	17	8418	18	6310	19	4358	20	2992	21	1746	22	1018	23	569	24	312	25	183	26	78	27	33	28	16	29	6	30	2	31	1	32	2
944	1	3	2	7	3	32	4	70	5	212	6	474	7	877	8	1640	9	2812	10	4582	11	6788	12	8989	13	10748	14	11807	15	11680	16	10486	17	8754	18	6878	19	5059	20	3347	21	2110	22	1253	23	654	24	399	25	172	26	93	27	41	28	18	29	12	30	2	34	1
945	3	1	4	9	5	51	6	178	7	458	8	1106	9	2143	10	3889	11	5953	12	8240	13	10249	14	11597	15	11774	16	11168	17	9796	18	7567	19	5846	20	3949	21	2545	22	1558	23	911	24	518	25	266	26	129	27	63	28	21	29	10	31	2	32	2	33	1
946	2	2	3	6	4	54	5	121	6	257	7	575	8	1089	9	2014	10	3232	11	5320	12	7224	13	9504	14	11056	15	11799	16	11308	17	10102	18	8299	19	6329	20	4479	21	2942	22	1870	23	1107	24	630	25	338	26	192	27	84	28	43	29	16	30	5	31	1	32	1	35	1
947	3	1	4	7	5	27	6	110	7	300	8	701	9	1547	10	2874	11	4742	12	6853	13	9044	14	10883	15	11545	16	11471	17	10523	18	8952	19	6967	20	5029	21	3362	22	2206	23	1271	24	765	25	410	26	229	27	90	28	48	29	30	30	3	31	7	32	1	33	1	34	1
948	1	1	2	2	3	19	4	68	5	108	6	233	7	470	8	915	9	1623	10	2713	11	4385	12	6501	13	8643	14	10297	15	11269	16	11481	17	10519	18	8973	19	7115	20	5387	21	3588	22	2389	23	1487	24	871	25	479	26	237	27	124	28	56	29	31	30	9	31	5	32	1	33	1
949	3	1	4	2	5	17	6	56	7	164	8	419	9	931	10	1934	11	3450	12	5317	13	7451	14	9431	15	10903	16	11575	17	11063	18	10210	19	8399	20	6325	21	4643	22	3112	23	2015	24	1150	25	724	26	347	27	190	28	90	29	51	30	13	31	10	32	5	33	1	34	1
950	2	1	3	9	4	35	5	88	6	165	7	317	8	596	9	1072	10	1846	11	2990	12	4666	13	6683	14	8736	15	10379	16	11282	17	11210	18	10438	19	8843	20	6730	21	4987	22	3551	23	2247	24	1414	25	781	26	456	27	249	28	114	29	54	30	28	31	23	32	7	33	2	37	1
951	5	5	6	39	7	98	8	289	9	655	10	1391	11	2534	12	4067	13	6050	14	8239	15	9967	16	11081	17	11398	18	10732	19	9420	20	7530	21	5709	22	4017	23	2722	24	1776	25	1003	26	592	27	359	28	157	29	86	30	50	31	21	32	2	33	8	34	2	35	1
952	1	1	2	2	3	7	4	21	5	62	6	136	7	262	8	444	9	777	10	1366	11	2264	12	3673	13	5453	14	7436	15	9097	16	10631	17	11174	18	10684	19	9599	20	7961	21	6362	22	4569	23	3160	24	2011	25	1291	26	719	27	407	28	212	29	125	30	55	31	18	32	9	33	5	34	5	35	1	36	1
953	4	1	5	3	6	6	7	51	8	141	9	365	10	852	11	1671	12	2948	13	4623	14	6577	15	8530	16	10012	17	10871	18	11203	19	10344	20	9014	21	7250	22	5302	23	3870	24	2582	25	1654	26	934	27	545	28	323	29	151	30	95	31	43	32	18	33	14	34	3	35	2	36	2
954	2	1	3	3	4	13	5	33	6	92	7	154	8	311	9	504	10	833	11	1527	12	2392	13	3852	14	5694	15	7733	16	9219	17	10597	18	11085	19	10645	20	9534	21	7875	22	6064	23	4287	24	2957	25	1923	26	1180	27	710	28	363	29	215	30	101	31	58	32	24	33	13	34	6	35	1	39	1
955	5	2	6	3	7	19	8	82	9	222	10	507	11	1026	12	1890	13	3213	14	4896	15	6984	16	8780	17	10185	18	10877	19	10799	20	10013	21	8793	22	6775	23	5235	24	3754	25	2327	26	1500	27	967	28	536	29	337	30	144	31	78	32	27	33	16	34	6	35	5	36	1	37	1
956	3	3	4	6	5	30	6	66	7	129	8	244	9	395	10	578	11	1081	12	1806	13	2767	14	4239	15	6009	16	7810	17	9446	18	10335	19	10738	20	10036	21	9004	22	7429	23	5760	24	4357	25	3004	26	1930	27	1287	28	730	29	378	30	199	31	107	32	56	33	22	34	10	35	4	36	4	37	1
957	5	1	6	5	7	15	8	44	9	136	10	297	11	729	12	1462	13	2411	14	4000	15	5660	16	7454	17	8967	18	10384	19	10682	20	10490	21	9568	22	7972	23	6300	24	4727	25	3226	26	2293	27	1341	28	820	29	478	30	275	31	128	32	80	33	30	34	15	35	10
958	2	1	4	5	5	22	6	51	7	101	8	170	9	269	10	435	11	711	12	1154	13	1859	14	2924	15	4579	16	6280	17	7913	18	9475	19	10339	20	10818	21	10115	22	8823	23	7072	24	5617	25	4157	26	2720	27	1803	28	1095	29	658	30	398	31	211	32	124	33	48	34	29	35	17	36	4	37	3
959	6	3	7	4	8	22	9	65	10	171	11	411	12	829	13	1549	14	2676	15	4230	16	5842	17	7510	18	9206	19	10354	20	10479	21	10408	22	9044	23	7669	24	6159	25	4557	26	3257	27	2173	28	1457	29	833	30	494	31	289	32	161	33	78	34	39	35	18	36	8	37	3	38	1	39	1
960	3	3	4	12	5	17	6	43	7	83	8	120	9	227	10	335	11	555	12	854	13	1353	14	2217	15	3366	16	4750	17	6326	18	8073	19	9545	20	10308	21	10237	22	9612	23	8387	24	6913	25	5257	26	4082	27	2739	28	1882	29	1126	30	721	31	390	32	239	33	113	34	56	35	31	36	17	37	6	38	2	39	2	40	1
961	7	3	8	7	9	32	10	89	11	207	12	512	13	891	14	1667	15	2786	16	4232	17	5917	18	7610	19	8984	20	10015	21	10357	22	9971	23	9216	24	7757	25	6103	26	4695	27	3288	28	2143	29	1476	30	945	31	491	32	276	33	175	34	82	35	35	36	19	37	10	38	3	39	4	40	2
962	3	1	4	3	5	8	6	19	7	63	8	115	9	191	10	283	11	407	12	652	13	893	14	1424	15	2337	16	3634	17	5093	18	6823	19	8495	20	9743	21	10127	22	10113	23	9365	24	8073	25	6574	26	5144	27	3741	28	2579	29	1637	30	1073	31	619	32	323	33	200	34	126	35	71	36	26	37	18	38	4	39	3
963	7	4	8	8	9	26	10	72	11	149	12	281	13	617	14	1232	15	2050	16	3181	17	4687	18	6553	19	7897	20	9261	21	9939	22	10287	23	9587	24	8640	25	7226	26	5733	27	4260	28	3138	29	2047	30	1270	31	788	32	475	33	270	34	145	35	84	36	51	37	21	38	8	39	3	40	6	41	1	42	1	43	2
964	3	2	4	3	5	9	6	23	7	54	8	65	9	138	10	210	11	274	12	486	13	679	14	1051	15	1576	16	2474	17	3811	18	5197	19	6746	20	8361	21	9542	22	9972	23	9836	24	9066	25	7985	26	6399	27	5056	28	3973	29	2597	30	1728	31	1133	32	662	33	393	34	228	35	136	36	74	37	31	38	11	39	13	40	4	41	1	43	1
965	5	1	8	2	9	12	10	33	11	63	12	127	13	320	14	659	15	1184	16	1987	17	3139	18	4551	19	6238	20	7817	21	9042	22	9920	23	10092	24	9612	25	8578	26	7356	27	5865	28	4543	29	3149	30	2184	31	1426	32	900	33	554	34	299	35	180	36	88	37	42	38	16	39	14	40	3	41	3	42	1
966	4	2	5	3	6	15	7	24	8	73	9	120	10	182	11	246	12	369	13	462	14	618	15	968	16	1616	17	2513	18	3799	19	5297	20	6872	21	8447	22	9328	23	9908	24	9749	25	8904	26	7912	27	6535	28	5015	29	3750	30	2705	31	1797	32	1114	33	703	34	404	35	250	36	143	37	79	38	40	39	20	40	9	41	6	42	1	43	1	45	1
967	7	1	9	6	10	14	11	25	12	83	13	177	14	382	15	717	16	1211	17	2033	18	3232	19	4474	20	6065	21	7611	22	8812	23	9699	24	9935	25	9668	26	8639	27	7410	28	5847	29	4436	30	3290	31	2384	32	1469	33	1010	34	571	35	366	36	195	37	125	38	54	39	31	40	15	41	8	42	3	43	2
968	3	2	4	5	5	9	6	21	7	32	8	54	9	79	10	137	11	211	12	282	13	406	14	557	15	798	16	1151	17	1897	18	2895	19	4104	20	5495	21	6871	22	8063	23	9199	24	9756	25	9363	26	8748	27	7551	28	6382	29	4865	30	3791	31	2599	32	1764	33	1242	34	766	35	415	36	219	37	139	38	65	39	37	40	11	41	6	42	7	43	4	45	2
969	8	1	9	2	10	8	11	23	12	44	13	106	14	206	15	426	16	777	17	1374	18	2260	19	3402	20	4791	21	6272	22	7707	23	8752	24	9544	25	9664	26	9236	27	8512	28	7169	29	5743	30	4562	31	3304	32	2309	33	1539	34	983	35	556	36	318	37	195	38	99	39	65	40	26	41	16	42	6	43	1	44	2
970	4	1	5	2	6	4	7	17	8	27	9	42	10	121	11	150	12	239	13	284	14	343	15	458	16	612	17	960	18	1545	19	2333	20	3746	21	5085	22	6638	23	8171	24	8968	25	9711	26	9405	27	9073	28	7884	29	6660	30	5450	31	3945	32	2864	33	2000	34	1322	35	838	36	488	37	277	38	162	39	76	40	47	41	28	42	16	43	5	44	2	45	1
971	9	1	10	5	11	6	12	26	13	51	14	102	15	238	16	444	17	777	18	1288	19	2038	20	3268	21	4564	22	5967	23	7299	24	8599	25	9409	26	9566	27	9402	28	8409	29	7302	30	6013	31	4771	32	3544	33	2518	34	1699	35	1050	36	708	37	400	38	222	39	133	40	101	41	35	42	19	43	15	44	4	45	4	46	1	47	1	49	1
972	4	3	5	3	6	18	7	15	8	32	9	35	10	79	11	123	12	202	13	267	14	291	15	404	16	510	17	755	18	1125	19	1698	20	2683	21	3646	22	4919	23	6552	24	7752	25	8824	26	9275	27	9235	28	8790	29	7922	30	6677	31	5436	32	4041	33	2935	34	2161	35	1372	36	848	37	593	38	354	39	197	40	107	41	47	42	36	43	16	44	10	45	7	46	4	47	1
973	11	2	12	8	13	21	14	42	15	90	16	215	17	404	18	735	19	1255	20	1972	21	2975	22	4389	23	5655	24	7112	25	8275	26	9112	27	9612	28	9379	29	8676	30	7564	31	6253	32	4909	33	3737	34	2662	35	1891	36	1181	37	766	38	517	39	266	40	135	41	100	42	41	43	28	44	13	45	4	46	3	48	1
974	4	1	6	2	7	5	8	19	9	41	10	43	11	107	12	162	13	201	14	253	15	295	16	360	17	450	18	583	19	888	20	1433	21	2299	22	3351	23	4591	24	6025	25	7458	26	8631	27	9336	28	9468	29	8896	30	8164	31	6990	32	5770	33	4420	34	3342	35	2245	36	1643	37	1032	38	617	39	364	40	250	41	125	42	68	43	37	44	20	45	8	46	4	47	2	48	1
975	10	1	11	1	12	6	13	13	14	32	15	65	16	113	17	241	18	463	19	821	20	1359	21	2037	22	3035	23	4135	24	5554	25	6752	26	8013	27	8878	28	9261	29	9226	30	8638	31	7665	32	6411	33	5197	34	3817	35	2833	36	1994	37	1323	38	832	39	533	40	315	41	219	42	103	43	62	44	25	45	11	46	8	47	6	49	1	51	1
976	3	2	4	2	5	3	6	3	7	12	8	18	9	26	10	55	11	76	12	111	13	166	14	242	15	313	16	361	17	381	18	512	19	700	20	1006	21	1566	22	2363	23	3350	24	4579	25	5925	26	7176	27	8109	28	8828	29	9046	30	8804	31	8112	32	7166	33	5691	34	4620	35	3490	36	2473	37	1680	38	1178	39	701	40	488	41	284	42	183	43	96	44	52	45	29	46	10	47	7	48	3	49	2
977	11	1	12	2	13	5	14	15	15	23	16	71	17	127	18	232	19	423	20	751	21	1250	22	1978	23	2902	24	3952	25	5200	26	6557	27	7631	28	8660	29	9228	30	9106	31	8675	32	7745	33	6648	34	5251	35	4172	36	3107	37	2232	38	1586	39	954	40	612	41	389	42	208	43	143	44	76	45	54	46	12	47	12	48	5	49	4	50	1
978	7	1	8	6	9	13	10	24	11	48	12	76	13	123	14	178	15	237	16	298	17	287	18	333	19	347	20	508	21	730	22	1219	23	1922	24	2980	25	4083	26	5350	27	6796	28	7972	29	8747	30	9196	31	9091	32	8463	33	7386	34	6283	35	4920	36	3835	37	2883	38	2063	39	1360	40	895	41	570	42	324	43	208	44	111	45	59	46	37	47	18	48	11	49	6	50	3
979	13	1	14	7	15	11	16	27	17	51	18	123	19	223	20	394	21	633	22	1030	23	1615	24	2389	25	3466	26	4640	27	5924	28	7188	29	8331	30	9031	31	9058	32	8781	33	8093	34	7024	35	5968	36	4760	37	3623	38	2608	39	1824	40	1239	41	813	42	482	43	299	44	166	45	82	46	44	47	24	48	13	49	6	50	6	51	1	52	2
980	3	2	5	1	6	3	7	11	8	12	9	10	10	23	11	45	12	63	13	108	14	163	15	195	16	272	17	309	18	341	19	371	20	444	21	542	22	873	23	1268	24	1991	25	2898	26	3827	27	5079	28	6259	29	7388	30	8211	31	8695	32	8741	33	8548	34	7485	35	6581	36	5458	37	4243	38	3149	39	2257	40	1522	41	977	42	654	43	424	44	238	45	140	46	90	47	47	48	21	49	6	50	6	51	5	52	3	55	1
981	11	1	12	2	13	1	14	3	15	7	16	26	17	29	18	62	19	129	20	246	21	412	22	679	23	1098	24	1596	25	2491	26	3405	27	4476	28	5711	29	6826	30	7877	31	8694	32	8792	33	8664	34	8233	35	7255	36	6053	37	4978	38	3819	39	2731	40	1961	41	1448	42	891	43	562	44	360	45	206	46	118	47	73	48	50	49	14	50	9	51	6	52	2	53	2	54	1	56	1
982	7	1	8	2	9	8	10	7	11	20	12	50	13	74	14	115	15	153	16	182	17	234	18	275	19	265	20	271	21	323	22	377	23	597	24	943	25	1499	26	2203	27	3244	28	4494	29	5630	30	6925	31	7952	32	8872	33	8948	34	8652	35	7976	36	7068	37	5912	38	4818	39	3817	40	2749	41	1899	42	1284	43	865	44	549	45	311	46	194	47	114	48	62	49	27	50	19	51	11	52	7	53	1	56	1
983	11	1	12	1	13	2	14	1	15	5	16	11	17	20	18	32	19	80	20	134	21	231	22	392	23	602	24	933	25	1407	26	2151	27	2980	28	3942	29	5110	30	6210	31	7438	32	8241	33	8750	34	8700	35	8411	36	7644	37	6573	38	5525	39	4337	40	3231	41	2424	42	1615	43	1080	44	705	45	456	46	270	47	151	48	98	49	47	50	32	51	15	52	6	53	3	54	3
984	4	1	5	2	6	2	7	9	8	10	9	20	10	23	11	14	12	46	13	70	14	107	15	121	16	171	17	198	18	309	19	267	20	323	21	350	22	403	23	513	24	761	25	1071	26	1616	27	2261	28	3092	29	4314	30	5388	31	6482	32	7568	33	8280	34	8423	35	8421	36	8010	37	7205	38	6053	39	4913	40	3982	41	3113	42	2057	43	1450	44	988	45	633	46	386	47	247	48	133	49	103	50	40	51	27	52	12	53	7	54	2	55	1	57	1	59	1
985	15	1	17	3	18	8	19	18	20	42	21	78	22	158	23	220	24	389	25	630	26	950	27	1527	28	2369	29	3096	30	4386	31	5529	32	6684	33	7504	34	8550	35	8947	36	8701	37	8086	38	7471	39	6229	40	5151	41	4010	42	3059	43	2156	44	1452	45	1023	46	626	47	398	48	234	49	147	50	73	51	56	52	24	53	10	54	3	57	2
986	8	1	9	1	10	8	11	10	12	18	13	41	14	50	15	100	16	145	17	177	18	195	19	242	20	253	21	247	22	227	23	261	24	292	25	424	26	699	27	1032	28	1729	29	2427	30	3389	31	4601	32	5793	33	6814	34	7898	35	8500	36	8733	37	8379	38	7938	39	6896	40	5789	41	4666	42	3678	43	2732	44	1959	45	1320	46	894	47	580	48	382	49	210	50	118	51	75	52	34	53	22	54	11	55	5	56	1	57	2	58	1	60	1
987	11	1	12	1	13	1	15	3	16	3	17	13	18	10	19	26	20	53	21	62	22	115	23	180	24	288	25	432	26	729	27	1086	28	1535	29	2158	30	3005	31	3918	32	5092	33	6060	34	7095	35	7932	36	8607	37	8460	38	8159	39	7624	40	6694	41	5350	42	4391	43	3432	44	2464	45	1735	46	1200	47	841	48	508	49	317	50	172	51	98	52	52	53	38	54	24	55	14	56	13	57	4	58	3	59	1	62	1
988	5	1	6	3	7	2	8	7	9	11	10	19	11	10	12	13	13	12	14	42	15	42	16	96	17	135	18	171	19	221	20	266	21	248	22	282	23	280	24	300	25	399	26	508	27	698	28	1091	29	1496	30	2081	31	2913	32	4089	33	4890	34	6056	35	7166	36	7806	37	8363	38	8364	39	7991	40	7288	41	6341	42	5424	43	4294	44	3296	45	2417	46	1712	47	1144	48	805	49	444	50	322	51	187	52	129	53	64	54	32	55	12	56	10	57	3	58	3	61	1
989	15	1	16	1	17	4	18	3	19	10	20	21	21	35	22	54	23	85	24	144	25	223	26	392	27	543	28	870	29	1289	30	1816	31	2495	32	3351	33	4444	34	5508	35	6451	36	7357	37	7938	38	8477	39	8398	40	7786	41	6965	42	6118	43	5204	44	4017	45	3129	46	2350	47	1602	48	1126	49	702	50	470	51	262	52	142	53	101	54	49	55	28	56	23	57	7	58	7	60	1	64	1
990	8	1	9	2	11	6	12	7	13	12	14	26	15	51	16	63	17	97	18	149	19	169	20	215	21	235	22	219	23	202	24	203	25	192	26	233	27	305	28	441	29	714	30	1084	31	1611	32	2421	33	3265	34	4398	35	5542	36	6581	37	7676	38	8160	39	8472	40	8208	41	7737	42	7128	43	5925	44	4893	45	3882	46	3008	47	2146	48	1486	49	1075	50	679	51	470	52	259	53	151	54	106	55	40	56	22	57	14	58	6	59	9	60	2	61	1	63	1
991	16	1	17	1	18	1	19	2	20	7	21	12	22	20	23	52	24	66	25	135	26	184	27	298	28	395	29	668	30	950	31	1382	32	1911	33	2537	34	3566	35	4547	36	5511	37	6655	38	7561	39	8140	40	8403	41	8435	42	7786	43	7071	44	5854	45	4798	46	3836	47	2854	48	2101	49	1495	50	1053	51	695	52	435	53	249	54	153	55	94	56	39	57	23	58	11	59	5	60	5	62	2	66	1
992	6	4	7	5	8	3	9	3	10	11	11	8	12	17	13	20	14	23	15	42	16	60	17	70	18	116	19	136	20	162	21	234	22	212	23	240	24	239	25	257	26	288	27	333	28	367	29	532	30	729	31	1053	32	1499	33	2079	34	2893	35	3727	36	4687	37	5731	38	6560	39	7322	40	7780	41	8016	42	7750	43	7522	44	6636	45	5672	46	4595	47	3513	48	2760	49	2104	50	1396	51	985	52	683	53	363	54	221	55	145	56	81	57	52	58	28	59	19	60	6	61	2	62	4	63	4	66	1
993	19	5	20	8	21	11	22	15	23	29	24	52	25	72	26	128	27	166	28	260	29	379	30	606	31	818	32	1162	33	1727	34	2257	35	3156	36	3987	37	4928	38	5844	39	6832	40	7537	41	7816	42	8203	43	7765	44	7433	45	6530	46	5560	47	4563	48	3621	49	2651	50	1990	51	1390	52	971	53	594	54	385	55	217	56	150	57	83	58	53	59	25	60	12	61	5	62	1	63	2	66	1
994	11	3	12	4	13	2	14	8	15	21	16	31	17	51	18	96	19	122	20	146	21	197	22	226	23	259	24	217	25	159	26	168	27	164	28	182	29	163	30	240	31	367	32	676	33	1005	34	1395	35	2123	36	2947	37	3776	38	4770	39	5905	40	6741	41	7695	42	8135	43	8125	44	7937	45	7285	46	6481	47	5431	48	4628	49	3654	50	2643	51	1984	52	1401	53	951	54	600	55	405	56	204	57	117	58	59	59	44	60	29	61	18	62	6	63	2	64	1	65	1
995	14	1	19	1	20	3	21	3	22	7	23	14	24	28	25	43	26	64	27	112	28	160	29	223	30	330	31	470	32	633	33	929	34	1311	35	1889	36	2406	37	3226	38	4051	39	5002	40	5924	41	6815	42	7555	43	7921	44	8032	45	7859	46	7160	47	6293	48	5383	49	4454	50	3471	51	2649	52	1877	53	1340	54	878	55	589	56	395	57	218	58	120	59	72	60	42	61	25	62	11	63	4	64	3	65	1	66	2	69	1
996	7	2	8	2	9	1	10	9	11	4	12	9	13	19	14	10	15	15	16	25	17	34	18	54	19	76	20	123	21	144	22	162	23	226	24	219	25	228	26	227	27	233	28	233	29	249	30	288	31	370	32	502	33	690	34	959	35	1354	36	1758	37	2355	38	3067	39	4013	40	4957	41	5920	42	6704	43	7526	44	7859	45	7761	46	7603	47	6868	48	6198	49	5356	50	4264	51	3321	52	2517	53	1852	54	1345	55	829	56	604	57	351	58	214	59	127	60	75	61	49	62	20	63	15	64	2	65	1	66	1	74	1
997	20	1	21	2	22	4	23	4	24	11	25	22	26	29	27	51	28	93	29	121	30	163	31	239	32	419	33	513	34	764	35	1020	36	1366	37	1890	38	2574	39	3198	40	4192	41	5086	42	6051	43	6873	44	7524	45	8060	46	7980	47	7713	48	6994	49	6202	50	5326	51	4386	52	3278	53	2481	54	1829	55	1216	56	884	57	584	58	336	59	237	60	130	61	57	62	42	63	31	64	13	65	6	66	3	67	1	72	1
998	9	1	11	1	12	2	13	4	14	6	15	15	16	13	17	16	18	47	19	60	20	89	21	118	22	153	23	196	24	209	25	218	26	202	27	190	28	159	29	153	30	124	31	140	32	164	33	226	34	404	35	567	36	876	37	1294	38	1812	39	2541	40	3354	41	4220	42	5123	43	6093	44	6883	45	7504	46	7851	47	7810	48	7579	49	6988	50	6065	51	5244	52	4099	53	3316	54	2482	55	1853	56	1317	57	843	58	553	59	364	60	190	61	128	62	62	63	41	64	17	65	10	66	7	67	3	70	1
999	18	1	20	2	21	3	22	3	23	4	24	4	25	27	26	24	27	35	28	59	29	111	30	158	31	187	32	233	33	336	34	437	35	681	36	909	37	1201	38	1606	39	2053	40	2640	41	3507	42	4403	43	5249	44	6154	45	6762	46	7365	47	7816	48	7747	49	7501	50	6859	51	5985	52	4992	53	4101	54	3279	55	2391	56	1778	57	1226	58	866	59	506	60	337	61	198	62	98	63	73	64	51	65	18	66	14	67	6	70	2	71	2
1000	7	3	8	1	9	2	10	4	11	13	12	6	13	11	14	14	15	11	16	24	17	31	18	21	19	34	20	62	21	84	22	117	23	159	24	200	25	200	26	207	27	211	28	173	29	208	30	194	31	185	32	230	33	313	34	380	35	504	36	656	37	905	38	1174	39	1544	40	2041	41	2605	42	3463	43	4144	44	5150	45	5987	46	6927	47	7343	48	7660	49	7555	50	7210	51	6518	52	5816	53	4915	54	4078	55	3176	56	2395	57	1687	58	1197	59	900	60	531	61	329	62	195	63	140	64	77	65	42	66	21	67	7	68	3	69	3	70	1	71	2	72	1
