1	1	100000
2	1	100000
3	1	100000
4	1	100000
5	1	100000
6	1	100000
7	1	100000
8	1	100000
9	1	100000
10	1	100000
11	1	100000
12	1	100000
13	1	100000
14	1	100000
15	1	100000
16	1	100000
17	1	100000
18	1	100000
19	1	100000
20	1	100000
21	1	100000
22	1	100000
23	1	100000
24	1	100000
25	1	100000
26	1	100000
27	1	100000
28	1	100000
29	1	100000
30	1	100000
31	1	100000
32	1	100000
33	1	100000
34	1	100000
35	1	100000
36	1	100000
37	1	100000
38	1	100000
39	1	100000
40	1	100000
41	1	100000
42	1	100000
43	1	100000
44	1	100000
45	1	100000
46	1	100000
47	1	100000
48	1	100000
49	1	100000
50	1	100000
51	1	100000
52	1	100000
53	1	100000
54	1	100000
55	1	100000
56	1	100000
57	1	100000
58	1	100000
59	1	100000
60	1	100000
61	1	100000
62	1	100000
63	1	100000
64	1	100000
65	1	100000
66	1	100000
67	1	100000
68	1	100000
69	1	100000
70	1	100000
71	1	100000
72	1	100000
73	1	100000
74	1	100000
75	1	100000
76	1	100000
77	1	100000
78	1	100000
79	1	100000
80	1	100000
81	1	100000
82	1	100000
83	1	100000
84	1	100000
85	1	100000
86	1	100000
87	1	100000
88	1	100000
89	1	100000
90	1	100000
91	1	100000
92	1	100000
93	1	100000
94	1	100000
95	1	100000
96	1	100000
97	1	100000
98	1	100000
99	1	100000
100	1	100000
101	1	100000
102	1	100000
103	1	100000
104	1	100000
105	1	100000
106	1	100000
107	1	100000
108	1	100000
109	1	100000
110	1	100000
111	1	100000
112	1	100000
113	1	100000
114	1	100000
115	1	100000
116	1	100000
117	1	100000
118	1	100000
119	1	100000
120	1	100000
121	1	100000
122	1	100000
123	1	100000
124	1	100000
125	1	100000
126	1	100000
127	1	100000
128	1	100000
129	1	100000
130	1	100000
131	1	100000
132	1	100000
133	1	100000
134	1	100000
135	1	100000
136	1	100000
137	1	100000
138	1	100000
139	1	100000
140	1	100000
141	1	100000
142	1	100000
143	1	100000
144	1	100000
145	1	100000
146	1	100000
147	1	100000
148	1	100000
149	1	100000
150	1	100000
151	1	100000
152	1	100000
153	1	100000
154	1	100000
155	1	100000
156	1	100000
157	1	100000
158	1	100000
159	1	100000
160	1	100000
161	1	100000
162	1	100000
163	1	100000
164	1	100000
165	1	100000
166	1	100000
167	1	100000
168	1	100000
169	1	100000
170	1	100000
171	1	100000
172	1	100000
173	1	100000
174	1	100000
175	1	100000
176	1	100000
177	1	100000
178	1	100000
179	1	100000
180	1	100000
181	1	100000
182	1	100000
183	1	100000
184	1	100000
185	1	100000
186	1	100000
187	1	100000
188	1	100000
189	1	100000
190	1	100000
191	1	100000
192	1	100000
193	1	100000
194	1	100000
195	1	100000
196	1	100000
197	1	100000
198	1	100000
199	1	100000
200	1	100000
201	1	100000
202	1	100000
203	1	100000
204	1	100000
205	1	100000
206	1	100000
207	1	100000
208	1	100000
209	1	100000
210	1	100000
211	1	100000
212	1	100000
213	1	100000
214	1	100000
215	1	100000
216	1	100000
217	1	100000
218	1	100000
219	1	100000
220	1	100000
221	1	100000
222	1	100000
223	1	100000
224	1	100000
225	1	100000
226	1	100000
227	1	100000
228	1	100000
229	1	100000
230	1	100000
231	1	100000
232	1	100000
233	1	100000
234	1	100000
235	1	100000
236	1	100000
237	1	100000
238	1	100000
239	1	100000
240	1	100000
241	1	100000
242	1	100000
243	1	100000
244	1	100000
245	1	100000
246	1	100000
247	1	100000
248	1	100000
249	1	100000
250	1	100000
251	1	100000
252	1	100000
253	1	100000
254	1	100000
255	1	100000
256	1	100000
257	1	100000
258	1	100000
259	1	100000
260	1	100000
261	1	100000
262	1	100000
263	1	100000
264	1	100000
265	1	100000
266	1	100000
267	1	100000
268	1	100000
269	1	100000
270	1	100000
271	1	100000
272	1	100000
273	1	100000
274	1	100000
275	1	100000
276	1	100000
277	1	100000
278	1	100000
279	1	100000
280	1	100000
281	1	100000
282	1	100000
283	1	100000
284	1	100000
285	1	100000
286	1	100000
287	1	100000
288	1	100000
289	1	100000
290	1	100000
291	1	100000
292	1	100000
293	1	100000
294	1	100000
295	1	100000
296	1	100000
297	1	100000
298	1	100000
299	1	100000
300	1	100000
301	1	100000
302	1	100000
303	1	100000
304	1	100000
305	1	100000
306	1	100000
307	1	100000
308	1	100000
309	1	100000
310	1	100000
311	1	100000
312	1	100000
313	1	100000
314	1	100000
315	1	100000
316	1	100000
317	1	100000
318	1	100000
319	1	100000
320	1	100000
321	1	100000
322	1	100000
323	1	100000
324	1	100000
325	1	100000
326	1	100000
327	1	100000
328	1	100000
329	1	100000
330	1	100000
331	1	100000
332	1	100000
333	1	100000
334	1	100000
335	1	100000
336	1	100000
337	1	100000
338	1	100000
339	1	100000
340	1	100000
341	1	100000
342	1	100000
343	1	100000
344	1	100000
345	1	100000
346	1	100000
347	1	100000
348	1	100000
349	1	100000
350	1	100000
351	1	100000
352	1	100000
353	1	100000
354	1	100000
355	1	100000
356	1	100000
357	1	100000
358	1	100000
359	1	100000
360	1	99999	2	1
361	1	100000
362	1	100000
363	1	100000
364	1	100000
365	1	100000
366	1	100000
367	1	100000
368	1	100000
369	1	100000
370	1	100000
371	1	100000
372	1	100000
373	1	100000
374	1	100000
375	1	100000
376	1	100000
377	1	100000
378	1	100000
379	1	100000
380	1	100000
381	1	100000
382	1	100000
383	1	100000
384	1	100000
385	1	100000
386	1	100000
387	1	100000
388	1	100000
389	1	100000
390	1	100000
391	1	100000
392	1	100000
393	1	100000
394	1	100000
395	1	100000
396	1	100000
397	1	100000
398	1	100000
399	1	100000
400	1	100000
401	1	100000
402	1	100000
403	1	100000
404	1	100000
405	1	100000
406	1	100000
407	1	100000
408	1	100000
409	1	100000
410	1	100000
411	1	100000
412	1	100000
413	1	100000
414	1	100000
415	1	100000
416	1	100000
417	1	100000
418	1	100000
419	1	100000
420	1	100000
421	1	100000
422	1	100000
423	1	100000
424	1	100000
425	1	100000
426	1	100000
427	1	100000
428	1	100000
429	1	100000
430	1	100000
431	1	100000
432	1	100000
433	1	100000
434	1	100000
435	1	100000
436	1	100000
437	1	100000
438	1	100000
439	1	100000
440	1	100000
441	1	100000
442	1	100000
443	1	100000
444	1	100000
445	1	100000
446	1	100000
447	1	100000
448	1	100000
449	1	100000
450	1	100000
451	1	100000
452	1	100000
453	1	100000
454	1	100000
455	1	100000
456	1	100000
457	1	100000
458	1	100000
459	1	100000
460	1	100000
461	1	100000
462	1	100000
463	1	100000
464	1	100000
465	1	100000
466	1	100000
467	1	100000
468	1	100000
469	1	100000
470	1	100000
471	1	100000
472	1	100000
473	1	100000
474	1	100000
475	1	100000
476	1	100000
477	1	100000
478	1	100000
479	1	99999	2	1
480	1	100000
481	1	100000
482	1	100000
483	1	100000
484	1	100000
485	1	100000
486	1	100000
487	1	100000
488	1	100000
489	1	100000
490	1	100000
491	1	100000
492	1	99999	2	1
493	1	100000
494	1	100000
495	1	100000
496	1	100000
497	1	100000
498	1	100000
499	1	100000
500	1	100000
501	1	9770	2	90230
502	1	18678	2	81321	3	1
503	1	26387	2	73613
504	1	33800	2	66200
505	1	39945	2	60055
506	1	46259	2	53741
507	1	51059	2	48941
508	1	56210	2	43790
509	1	60206	2	39794
510	1	64266	2	35734
511	1	67395	2	32605
512	1	70515	2	29485
513	1	73698	2	26302
514	1	76226	2	23773	4	1
515	1	78789	2	21211
516	1	80675	2	19325
517	1	82577	2	17423
518	1	84383	2	15617
519	1	85827	2	14173
520	1	87263	2	12737
521	1	88496	2	11504
522	1	89646	2	10354
523	1	90667	2	9333
524	1	91440	2	8560
525	1	92300	2	7700
526	1	93249	2	6751
527	1	93657	2	6342	3	1
528	1	94298	2	5702
529	1	94887	2	5113
530	1	95369	2	4631
531	1	95739	2	4261
532	1	96281	2	3719
533	1	96738	2	3262
534	1	96935	2	3065
535	1	97348	2	2652
536	1	97515	2	2485
537	1	97821	2	2179
538	1	97949	2	2051
539	1	98227	2	1773
540	1	98348	2	1652
541	1	98588	2	1412
542	1	98681	2	1319
543	1	98822	2	1178
544	1	98850	2	1150
545	1	99018	2	982
546	1	99119	2	881
547	1	99206	2	794
548	1	99283	2	717
549	1	99356	2	644
550	1	99351	2	649
551	1	99442	2	558
552	1	99513	2	487
553	1	99596	2	404
554	1	99645	2	355
555	1	99659	2	341
556	1	99681	2	319
557	1	99714	2	286
558	1	99734	2	266
559	1	99785	2	215
560	1	99811	2	189
561	1	99819	2	181
562	1	99821	2	179
563	1	99841	2	159
564	1	99875	2	124	3	1
565	1	99876	2	124
566	1	99881	2	119
567	1	99918	2	82
568	1	99895	2	105
569	1	99929	2	71
570	1	99916	2	84
571	1	99917	2	83
572	1	99939	2	61
573	1	99945	2	55
574	1	99950	2	50
575	1	99957	2	43
576	1	99972	2	28
577	1	99968	2	32
578	1	99971	2	29
579	1	99976	2	23	3	1
580	1	99978	2	22
581	1	99963	2	37
582	1	99982	2	18
583	1	99986	2	14
584	1	99988	2	12
585	1	99980	2	20
586	1	99985	2	15
587	1	99984	2	16
588	1	99983	2	17
589	1	99987	2	13
590	1	99986	2	14
591	1	99987	2	13
592	1	99989	2	11
593	1	99993	2	7
594	1	99994	2	6
595	1	99994	2	6
596	1	99990	2	10
597	1	99991	2	9
598	1	99987	2	13
599	1	99995	2	5
600	1	99992	2	7	3	1
601	1	99992	2	8
602	1	99988	2	12
603	1	99994	2	6
604	1	99993	2	7
605	1	99992	2	8
606	1	99989	2	11
607	1	99985	2	15
608	1	99986	2	14
609	1	99992	2	8
610	1	99993	2	7
611	1	99991	2	9
612	1	99990	2	10
613	1	99989	2	11
614	1	99994	2	6
615	1	99989	2	11
616	1	99994	2	6
617	1	99987	2	12	3	1
618	1	99996	2	4
619	1	99985	2	14	3	1
620	1	99987	2	13
621	1	99990	2	8	3	2
622	1	99989	2	11
623	1	99990	2	10
624	1	99989	2	11
625	1	99986	2	13	3	1
626	1	99979	2	21
627	1	99980	2	20
628	1	99977	2	23
629	1	99986	2	14
630	1	99981	2	19
631	1	99976	2	24
632	1	99979	2	21
633	1	99969	2	31
634	1	99981	2	19
635	1	99966	2	34
636	1	99977	2	22	3	1
637	1	99971	2	29
638	1	99975	2	25
639	1	99966	2	34
640	1	99958	2	42
641	1	99966	2	34
642	1	99971	2	29
643	1	99966	2	34
644	1	99975	2	25
645	1	99965	2	35
646	1	99952	2	48
647	1	99960	2	40
648	1	99946	2	54
649	1	99962	2	38
650	1	99965	2	35
651	1	99955	2	45
652	1	99946	2	54
653	1	99943	2	57
654	1	99933	2	67
655	1	99927	2	73
656	1	99931	2	69
657	1	99933	2	67
658	1	99939	2	61
659	1	99916	2	84
660	1	99891	2	109
661	1	99904	2	96
662	1	99875	2	125
663	1	99882	2	118
664	1	99829	2	171
665	1	99867	2	133
666	1	99813	2	187
667	1	99941	2	59
668	1	99890	2	110
669	1	99909	2	91
670	1	99918	2	81	3	1
671	1	99918	2	82
672	1	99847	2	153
673	1	99904	2	95	3	1
674	1	99887	2	113
675	1	99889	2	111
676	1	99827	2	172	3	1
677	1	99903	2	96	3	1
678	1	99891	2	109
679	1	99875	2	125
680	1	99804	2	196
681	1	99872	2	128
682	1	99873	2	127
683	1	99822	2	177	3	1
684	1	99800	2	200
685	1	99834	2	166
686	1	99849	2	151
687	1	99859	2	141
688	1	99758	2	242
689	1	99788	2	212
690	1	99775	2	224	3	1
691	1	99792	2	207	3	1
692	1	99747	2	253
693	1	99783	2	217
694	1	99753	2	247
695	1	99725	2	275
696	1	99681	2	319
697	1	99717	2	281	3	2
698	1	99729	2	271
699	1	99750	2	250
700	1	99613	2	387
701	1	99682	2	317	3	1
702	1	99711	2	289
703	1	99661	2	339
704	1	99489	2	510	3	1
705	1	99604	2	396
706	1	99660	2	339	3	1
707	1	99616	2	384
708	1	99525	2	475
709	1	99596	2	403	3	1
710	1	99548	2	452
711	1	99519	2	480	3	1
712	1	99507	2	493
713	1	99507	2	492	3	1
714	1	99542	2	457	3	1
715	1	99441	2	556	3	3
716	1	99333	2	665	3	2
717	1	99460	2	540
718	1	99446	2	552	3	2
719	1	99414	2	585	3	1
720	1	99183	2	815	3	2
721	1	99371	2	626	3	3
722	1	99374	2	626
723	1	99276	2	720	3	4
724	1	99255	2	742	3	3
725	1	99212	2	782	3	6
726	1	99171	2	827	3	2
727	1	99092	2	906	3	2
728	1	99166	2	833	3	1
729	1	99134	2	864	3	2
730	1	99187	2	811	3	2
731	1	99097	2	900	3	3
732	1	99015	2	979	3	6
733	1	99021	2	975	3	4
734	1	98999	2	992	3	9
735	1	98963	2	1033	3	4
736	1	98811	2	1182	3	7
737	1	98951	2	1040	3	9
738	1	98904	2	1091	3	5
739	1	98837	2	1159	3	4
740	1	98556	2	1430	3	14
741	1	98721	2	1271	3	8
742	1	98649	2	1338	3	13
743	1	98629	2	1360	3	11
744	1	98579	2	1409	3	12
745	1	98519	2	1474	3	7
746	1	98521	2	1467	3	11	4	1
747	1	98477	2	1519	3	4
748	1	98257	2	1734	3	9
749	1	98274	2	1711	3	15
750	1	98248	2	1742	3	10
751	1	97226	2	2744	3	30
752	1	97120	2	2842	3	38
753	1	97164	2	2804	3	31	4	1
754	1	97155	2	2821	3	24
755	1	96996	2	2962	3	42
756	1	96936	2	3026	3	38
757	1	97162	2	2804	3	33	5	1
758	1	96907	2	3048	3	45
759	1	97006	2	2936	3	56	4	2
760	1	96885	2	3071	3	44
761	1	96780	2	3171	3	48	4	1
762	1	96778	2	3180	3	42
763	1	96711	2	3242	3	46	4	1
764	1	96630	2	3297	3	73
765	1	96602	2	3320	3	77	4	1
766	1	96414	2	3521	3	62	4	3
767	1	96251	2	3679	3	70
768	1	96068	2	3836	3	96
769	1	95924	2	4004	3	70	4	2
770	1	96329	2	3581	3	89	4	1
771	1	96088	2	3829	3	82	4	1
772	1	96007	2	3909	3	83	4	1
773	1	95781	2	4114	3	103	4	2
774	1	95488	2	4423	3	88	4	1
775	1	95363	2	4518	3	116	4	3
776	1	95310	2	4573	3	115	4	2
777	1	95233	2	4658	3	108	4	1
778	1	95027	2	4850	3	123
779	1	95085	2	4785	3	128	4	2
780	1	94444	2	5396	3	157	4	3
781	1	94539	2	5305	3	153	4	3
782	1	93992	2	5820	3	184	4	4
783	1	94192	2	5624	3	181	4	3
784	1	93691	2	6105	3	196	4	8
785	1	93852	2	5949	3	197	4	2
786	1	93169	2	6611	3	214	4	6
787	1	93628	2	6146	3	220	4	6
788	1	93024	2	6711	3	257	4	8
789	1	93048	2	6711	3	236	4	5
790	1	92591	2	7129	3	266	4	14
791	1	92360	2	7309	3	322	4	9
792	1	91780	2	7895	3	318	4	7
793	1	91891	2	7768	3	334	4	7
794	1	91087	2	8525	3	370	4	17	5	1
795	1	91185	2	8420	3	381	4	14
796	1	90682	2	8877	3	432	4	9
797	1	90285	2	9253	3	447	4	14	5	1
798	1	89621	2	9813	3	544	4	21	5	1
799	1	89558	2	9881	3	542	4	18	5	1
800	1	90115	2	9353	3	511	4	20	5	1
801	1	90738	2	8782	3	458	4	22
802	1	90667	2	8853	3	459	4	21
803	1	89907	2	9538	3	537	4	17	5	1
804	1	89980	2	9446	3	556	4	18
805	1	88844	2	10515	3	618	4	23
806	1	88808	2	10500	3	657	4	35
807	1	88223	2	11034	3	716	4	25	5	1	6	1
808	1	87933	2	11291	3	748	4	26	5	2
809	1	87698	2	11525	3	748	4	28	5	1
810	1	86985	2	12144	3	837	4	33	5	1
811	1	86867	2	12260	3	829	4	44
812	1	86314	2	12745	3	893	4	48
813	1	85299	2	13587	3	1053	4	61
814	1	84954	2	13854	3	1128	4	59	5	4	6	1
815	1	84988	2	13828	3	1129	4	54	5	1
816	1	84085	2	14560	3	1280	4	74	5	1
817	1	83608	2	15011	3	1309	4	67	5	5
818	1	83091	2	15396	3	1422	4	89	5	2
819	1	82595	2	15809	3	1510	4	83	5	3
820	1	82142	2	16145	3	1595	4	112	5	6
821	1	81792	2	16419	3	1678	4	103	5	7	6	1
822	1	80884	2	17173	3	1826	4	108	5	9
823	1	79501	2	18307	3	2049	4	137	5	6
824	1	80190	2	17736	3	1920	4	147	5	7
825	1	79555	2	18262	3	2044	4	135	5	4
826	1	79021	2	18709	3	2091	4	168	5	11
827	1	78379	2	19117	3	2314	4	176	5	14
828	1	77710	2	19641	3	2447	4	191	5	11
829	1	76839	2	20392	3	2540	4	219	5	10
830	1	76041	2	20882	3	2803	4	255	5	17	6	2
831	1	75861	2	21078	3	2810	4	239	5	11	6	1
832	1	75020	2	21678	3	3038	4	242	5	21	6	1
833	1	74206	2	22266	3	3221	4	291	5	15	6	1
834	1	72277	2	23692	3	3628	4	374	5	28	6	1
835	1	72003	2	23791	3	3831	4	348	5	26	6	1
836	1	70150	2	25015	3	4329	4	463	5	41	6	2
837	1	70544	2	24777	3	4190	4	452	5	36	6	1
838	1	69759	2	25300	3	4346	4	540	5	52	6	3
839	1	69481	2	25542	3	4438	4	502	5	33	6	4
840	1	67858	2	26464	3	5020	4	593	5	59	6	5	7	1
841	1	67386	2	26742	3	5181	4	639	5	51	6	1
842	1	64535	2	28555	3	5992	4	818	5	89	6	11
843	1	66409	2	27233	3	5556	4	746	5	51	6	4	7	1
844	1	65570	2	27680	3	5877	4	800	5	66	6	7
845	1	64038	2	28857	3	6193	4	824	5	77	6	11
846	1	62826	2	29533	3	6563	4	979	5	91	6	8
847	1	62280	2	29662	3	6872	4	1056	5	113	6	14	7	3
848	1	60222	2	30948	3	7509	4	1169	5	138	6	12	7	1	8	1
849	1	60194	2	30766	3	7654	4	1229	5	143	6	13	7	1
850	1	59304	2	31204	3	8041	4	1278	5	156	6	17
851	1	57802	2	31886	3	8594	4	1520	5	180	6	16	7	2
852	1	56224	2	32807	3	9034	4	1690	5	221	6	23	8	1
853	1	56234	2	32561	3	9164	4	1807	5	213	6	20	7	1
854	1	54524	2	33428	3	9866	4	1878	5	273	6	29	7	1	8	1
855	1	52867	2	34060	3	10559	4	2152	5	324	6	35	7	2	8	1
856	1	51196	2	34696	3	11412	4	2321	5	327	6	45	7	3
857	1	50244	2	34742	3	11896	4	2627	5	432	6	54	7	4	8	1
858	1	55538	2	32520	3	9706	4	1946	5	252	6	35	7	3
859	1	52506	2	33646	3	10976	4	2409	5	404	6	56	7	3
860	1	51521	2	34203	3	11350	4	2489	5	390	6	44	7	2	8	1
861	1	49854	2	34810	3	12064	4	2711	5	481	6	70	7	10
862	1	48574	2	35118	3	12731	4	2955	5	545	6	72	7	5
863	1	46228	2	35576	3	14004	4	3474	5	616	6	91	7	11
864	1	46201	2	35701	3	13914	4	3446	5	642	6	90	7	6
865	1	44927	2	36369	3	14299	4	3548	5	734	6	111	7	9	8	3
866	1	43690	2	36117	3	15038	4	4172	5	835	6	132	7	15	9	1
867	1	42360	2	36681	3	15476	4	4404	5	931	6	126	7	17	8	4	9	1
868	1	40694	2	36886	3	16389	4	4835	5	996	6	174	7	22	8	3	9	1
869	1	39686	2	36990	3	16898	4	5056	5	1147	6	192	7	29	8	2
870	1	39526	2	37006	3	16999	4	5115	5	1131	6	187	7	33	8	3
871	1	37628	2	37162	3	18034	4	5598	5	1294	6	235	7	42	8	6	10	1
872	1	36534	2	37119	3	18532	4	6080	5	1412	6	285	7	35	8	3
873	1	35802	2	37179	3	18926	4	6277	5	1499	6	263	7	50	8	4
874	1	34115	2	37193	3	19707	4	6887	5	1688	6	333	7	66	8	10	9	1
875	1	33177	2	37101	3	20163	4	7198	5	1900	6	382	7	67	8	11	9	1
876	1	30857	2	36760	3	21397	4	8107	5	2240	6	513	7	114	8	10	9	1	11	1
877	1	29336	2	36570	3	22093	4	8885	5	2484	6	523	7	98	8	9	9	2
878	1	27835	2	36111	3	22879	4	9535	5	2778	6	688	7	149	8	22	9	2	10	1
879	1	27731	2	36116	3	23048	4	9424	5	2840	6	680	7	136	8	22	9	2	10	1
880	1	26405	2	35433	3	23532	4	10394	5	3237	6	812	7	160	8	21	9	5	12	1
881	1	25279	2	35579	3	24137	4	10542	5	3389	6	851	7	192	8	28	9	3
882	1	25501	2	35360	3	23823	4	10747	5	3442	6	892	7	200	8	32	9	3
883	1	23700	2	34582	3	24885	4	11661	5	3858	6	1034	7	216	8	55	9	8	10	1
884	1	22478	2	33986	3	25187	4	12346	5	4459	6	1193	7	277	8	60	9	8	10	5	11	1
885	1	21168	2	33692	3	25726	4	12904	5	4749	6	1386	7	313	8	48	9	12	10	2
886	1	20500	2	32957	3	26180	4	13393	5	5037	6	1514	7	330	8	81	9	6	10	2
887	1	18892	2	32555	3	26415	4	14307	5	5617	6	1697	7	424	8	75	9	17	10	1
888	1	17433	2	31314	3	27103	4	15329	5	6234	6	1925	7	519	8	117	9	19	10	5	12	1	14	1
889	1	19642	2	31983	3	26029	4	14273	5	5662	6	1813	7	470	8	103	9	22	10	2	11	1
890	1	18287	2	31337	3	26624	4	14878	5	6159	6	2030	7	536	8	127	9	19	10	2	11	1
891	1	16762	2	30001	3	27035	4	16062	5	6921	6	2357	7	673	8	145	9	35	10	7	11	2
892	1	16914	2	29952	3	26887	4	15947	5	7006	6	2427	7	666	8	156	9	39	10	5	11	1
893	1	14549	2	28184	3	27674	4	17464	5	7980	6	2988	7	918	8	193	9	39	10	11
894	1	14583	2	27844	3	27086	4	17695	5	8368	6	3141	7	980	8	233	9	55	10	13	11	1	12	1
895	1	13188	2	27328	3	27664	4	18225	5	8770	6	3383	7	1063	8	307	9	58	10	12	11	1	13	1
896	1	12289	2	25879	3	27333	4	19151	5	9698	6	3847	7	1319	8	381	9	85	10	14	11	3	13	1
897	1	11561	2	25237	3	27435	4	19598	5	10105	6	4177	7	1377	8	396	9	86	10	23	11	5
898	1	11449	2	24485	3	27382	4	19895	5	10393	6	4336	7	1514	8	406	9	109	10	26	11	5
899	1	9830	2	23346	3	27070	4	20742	5	11487	6	4977	7	1813	8	559	9	134	10	35	11	7
900	1	9730	2	22538	3	26827	4	20779	5	12056	6	5303	7	1995	8	585	9	142	10	36	11	7	12	2
901	1	8371	2	21555	3	26380	4	21680	5	12685	6	6019	7	2297	8	744	9	214	10	39	11	16
902	1	7833	2	20092	3	26077	4	21894	5	13830	6	6443	7	2621	8	852	9	273	10	70	11	8	12	4	13	2	14	1
903	1	7186	2	19526	3	25656	4	22230	5	14052	6	7162	7	2861	8	957	9	279	10	58	11	27	12	3	13	2	14	1
904	1	7145	2	19109	3	25090	4	22394	5	14317	6	7305	7	3099	8	1116	9	317	10	84	11	19	12	5
905	1	6002	2	17430	3	24583	4	22822	5	15566	6	8170	7	3596	8	1282	9	412	10	104	11	26	12	6	13	1
906	1	5735	2	16472	3	24093	4	22986	5	15994	6	8716	7	3939	8	1426	9	464	10	139	11	33	12	3
907	1	5152	2	15529	3	23690	4	23004	5	16576	6	9427	7	4262	8	1624	9	508	10	176	11	43	12	8	13	1
908	1	4334	2	13839	3	21997	4	23237	5	17530	6	10628	7	5214	8	2161	9	731	10	232	11	71	12	21	13	4	14	1
909	1	3804	2	12972	3	21556	4	23325	5	17984	6	11265	7	5477	8	2344	9	879	10	294	11	78	12	14	13	4	14	4
910	1	4879	2	14286	3	21727	4	22639	5	17201	6	10548	7	5316	8	2266	9	788	10	240	11	85	12	20	13	2	14	3
911	1	4191	2	13337	3	21342	4	22787	5	17839	6	11239	7	5675	8	2340	9	869	10	276	11	76	12	24	13	5
912	1	3572	2	11897	3	20126	4	22521	5	18777	6	12124	7	6441	8	2866	9	1132	10	372	11	133	12	35	13	2	14	1	16	1
913	1	3071	2	10841	3	19186	4	22364	5	19150	6	12912	7	7187	8	3283	9	1319	10	492	11	139	12	39	13	14	14	3
914	1	3213	2	10612	3	18892	4	22122	5	19193	6	13051	7	7302	8	3474	9	1426	10	480	11	176	12	43	13	14	14	2
915	1	2544	2	9348	3	17695	4	21894	5	19679	6	13853	7	8226	8	4132	9	1715	10	625	11	205	12	58	13	17	14	6	15	3
916	1	2455	2	9353	3	17017	4	21193	5	19700	6	14484	7	8518	8	4231	9	1962	10	733	11	254	12	72	13	19	14	7	15	1	16	1
917	1	1952	2	8015	3	15836	4	20626	5	20034	6	15456	7	9565	8	5009	9	2179	10	874	11	318	12	97	13	28	14	8	15	2	16	1
918	1	1810	2	7004	3	14569	4	20131	5	20221	6	15976	7	10266	8	5786	9	2606	10	1068	11	379	12	135	13	35	14	11	15	3
919	1	1561	2	6624	3	14167	4	19881	5	20257	6	16272	7	10858	8	5834	9	2753	10	1178	11	412	12	127	13	58	14	13	15	4	17	1
920	1	1529	2	6226	3	13288	4	18948	5	19976	6	16458	7	11435	8	6713	9	3138	10	1470	11	554	12	177	13	61	14	14	15	11	16	2
921	1	1051	2	5058	3	11862	4	18137	5	19877	6	17684	7	12538	8	7387	9	3765	10	1677	11	624	12	231	13	80	14	19	15	6	16	4
922	1	1041	2	4766	3	11020	4	17035	5	19438	6	17819	7	13325	8	8097	9	4227	10	1956	11	820	12	313	13	107	14	25	15	10	16	1
923	1	825	2	4085	3	10031	4	16265	5	19148	6	18145	7	13905	8	8935	9	4862	10	2299	11	957	12	351	13	140	14	34	15	12	16	4	18	1	19	1
924	1	1028	2	4773	3	11062	4	16781	5	19225	6	17599	7	13087	8	8403	9	4522	10	2102	11	924	12	332	13	112	14	38	15	7	16	4	18	1
925	1	672	2	3561	3	9153	4	15469	5	19024	6	18252	7	14338	8	9439	9	5524	10	2685	11	1204	12	428	13	178	14	50	15	17	16	5	17	1
926	1	675	2	3213	3	8330	4	14048	5	18145	6	17864	7	15322	8	10587	9	6144	10	3143	11	1581	12	628	13	220	14	69	15	20	16	8	17	3
927	1	509	2	2831	3	7624	4	13851	5	18017	6	18302	7	15278	8	10804	9	6679	10	3494	11	1554	12	666	13	257	14	98	15	25	16	7	17	3	19	1
928	1	539	2	2617	3	6975	4	12533	5	17023	6	18121	7	15635	8	11773	9	7429	10	4018	11	1966	12	838	13	342	14	130	15	41	16	9	17	7	18	4
929	1	349	2	2003	3	6056	4	11601	5	16530	6	18436	7	16400	8	12268	9	8050	10	4473	11	2241	12	998	13	376	14	154	15	41	16	16	17	7	18	1
930	1	369	2	1927	3	5649	4	10895	5	15546	6	17706	7	16365	8	13091	9	8736	10	5139	11	2632	12	1165	13	477	14	188	15	78	16	30	17	4	18	3
931	1	242	2	1495	3	4563	4	9798	5	14611	6	17443	7	17008	8	13816	9	9661	10	5897	11	3047	12	1434	13	639	14	235	15	71	16	27	17	8	18	3	19	1	21	1
932	1	252	2	1503	3	4214	4	8799	5	13617	6	16526	7	16927	8	14312	9	10487	10	6463	11	3743	12	1799	13	839	14	323	15	130	16	47	17	13	18	5	19	1
933	1	149	2	1047	3	3509	4	7951	5	13017	6	16461	7	17006	8	14785	9	11098	10	7266	11	4086	12	2030	13	936	14	416	15	158	16	58	17	19	18	7	19	1
934	1	234	2	1304	3	3858	4	8214	5	12918	6	16123	7	16747	8	14654	9	11025	10	7000	11	4169	12	2079	13	1000	14	426	15	162	16	67	17	15	18	3	19	2
935	1	104	2	817	3	2840	4	6597	5	11356	6	15480	7	16742	8	15388	9	12199	10	8413	11	5168	12	2578	13	1361	14	590	15	233	16	85	17	33	18	12	19	2	20	1	21	1
936	1	163	2	967	3	3116	4	6814	5	11206	6	14865	7	16299	8	15380	9	12269	10	8533	11	5265	12	2806	13	1331	14	609	15	235	16	90	17	36	18	10	19	6
937	1	66	2	555	3	2225	4	5467	5	9875	6	14214	7	16488	8	15915	9	13212	10	9520	11	6026	12	3445	13	1723	14	789	15	286	16	134	17	45	18	12	19	1	20	1	22	1
938	1	81	2	594	3	2019	4	4812	5	8755	6	12946	7	15661	8	15886	9	13707	10	10498	11	6974	12	4117	13	2189	14	1053	15	442	16	168	17	58	18	26	19	10	20	4
939	1	49	2	364	3	1524	4	4048	5	8150	6	12405	7	15351	8	16029	9	14152	10	11087	11	7545	12	4543	13	2545	14	1274	15	539	16	251	17	84	18	40	19	16	20	3	21	1
940	1	59	2	427	3	1507	4	3774	5	7285	6	11090	7	14064	8	15635	9	14671	10	11853	11	8373	12	5292	13	3077	14	1585	15	752	16	342	17	141	18	48	19	20	20	5
941	1	28	2	178	3	926	4	2654	5	6071	6	9982	7	13530	8	15699	9	15196	10	12561	11	9629	12	6163	13	3696	14	1998	15	967	16	440	17	167	18	75	19	26	20	9	21	1	22	3	24	1
942	1	46	2	348	3	1147	4	3128	5	6013	6	9784	7	13339	8	15231	9	15193	10	12509	11	9365	12	6352	13	3842	14	1959	15	997	16	436	17	188	18	78	19	32	20	8	21	4	22	1
943	1	16	2	166	3	672	4	2195	5	4935	6	8727	7	12386	8	14984	9	15133	10	13462	11	10508	12	7348	13	4537	14	2520	15	1322	16	631	17	293	18	101	19	43	20	13	21	8
944	1	39	2	263	3	889	4	2274	5	4771	6	8071	7	11400	8	14138	9	14949	10	13550	11	10906	12	7801	13	5089	14	2918	15	1583	16	783	17	350	18	140	19	51	20	24	21	7	22	4
945	1	7	2	93	3	456	4	1550	5	3661	6	6933	7	10560	8	13700	9	14774	10	14113	11	11885	12	8905	13	5961	14	3559	15	2002	16	1009	17	488	18	202	19	87	20	32	21	18	22	3	23	1	24	1
946	1	21	2	155	3	549	4	1528	5	3351	6	6152	7	9563	8	12794	9	14396	10	14017	11	12652	12	9599	13	6599	14	4047	15	2354	16	1223	17	532	18	277	19	115	20	47	21	19	22	7	23	3
947	1	7	2	66	3	332	4	1075	5	2796	6	5514	7	9078	8	12297	9	14256	10	14511	11	12904	12	10245	13	7143	14	4493	15	2621	16	1418	17	713	18	337	19	100	20	59	21	21	22	11	23	1	24	1	25	1
948	1	13	2	133	3	501	4	1235	5	2892	6	5520	7	8595	8	11559	9	13684	10	14101	11	12984	12	10405	13	7596	14	4988	15	2811	16	1573	17	787	18	353	19	169	20	63	21	21	22	13	23	3	24	1
949	1	2	2	22	3	171	4	622	5	1794	6	4103	7	7155	8	10426	9	13145	10	14245	11	13765	12	11497	13	8876	14	6141	15	3769	16	2202	17	1122	18	539	19	247	20	87	21	40	22	20	23	6	24	3	25	1
950	1	13	2	65	3	261	4	813	5	1911	6	3719	7	6654	8	9475	9	12366	10	13800	11	13667	12	12052	13	9439	14	6576	15	4235	16	2421	17	1326	18	687	19	314	20	124	21	52	22	23	23	6	24	1
951	1	2	2	22	3	101	4	432	5	1339	6	2965	7	5506	8	8841	9	11600	10	13560	11	13870	12	12779	13	10224	14	7483	15	4863	16	3102	17	1703	18	882	19	400	20	192	21	85	22	31	23	16	25	2
952	1	13	2	62	3	210	4	596	5	1394	6	2880	7	5140	8	7986	9	10844	10	12947	11	13448	12	12636	13	10741	14	8212	15	5580	16	3391	17	1963	18	1030	19	505	20	235	21	117	22	47	23	12	24	9	25	2
953	1	1	2	10	3	64	4	256	5	775	6	2081	7	4023	8	6883	9	9920	10	12399	11	13510	12	13291	13	11544	14	9145	15	6578	16	4264	17	2504	18	1408	19	705	20	390	21	157	22	59	23	25	24	6	25	2
954	1	4	2	29	3	142	4	348	5	959	6	1961	7	3576	8	6151	9	8932	10	11410	11	13149	12	13202	13	12040	14	9755	15	7175	16	4706	17	3025	18	1729	19	910	20	457	21	185	22	80	23	44	24	17	25	11	26	3
955	2	5	3	30	4	128	5	450	6	1207	7	2797	8	5064	9	8006	10	10696	11	12721	12	13372	13	12695	14	10759	15	8303	16	5670	17	3691	18	2120	19	1240	20	550	21	280	22	134	23	57	24	17	25	7	26	1
956	1	7	2	23	3	111	4	282	5	622	6	1337	7	2565	8	4504	9	6972	10	9640	11	11762	12	12590	13	12543	14	11153	15	9062	16	6569	17	4387	18	2739	19	1569	20	839	21	391	22	178	23	96	24	36	25	17	26	6
957	3	20	4	91	5	324	6	965	7	2023	8	4039	9	6353	10	9191	11	11613	12	12924	13	12958	14	11590	15	9521	16	6978	17	4754	18	3095	19	1748	20	919	21	515	22	215	23	89	24	46	25	17	26	6	27	4	28	2
958	1	3	2	15	3	78	4	189	5	436	6	899	7	1882	8	3335	9	5426	10	7974	11	10312	12	12316	13	12480	14	12124	15	10193	16	7961	17	5716	18	3755	19	2302	20	1288	21	709	22	361	23	133	24	61	25	31	26	12	27	6	28	2	30	1
959	2	1	3	13	4	57	5	168	6	545	7	1298	8	2670	9	4803	10	7328	11	9815	12	11624	13	12769	14	12541	15	10796	16	8681	17	6473	18	4442	19	2652	20	1620	21	856	22	449	23	223	24	96	25	55	26	17	27	3	28	3	29	2
960	1	4	2	12	3	59	4	142	5	326	6	688	7	1347	8	2361	9	3912	10	6195	11	8477	12	10609	13	12172	14	12223	15	11352	16	9548	17	7357	18	5241	19	3379	20	2135	21	1194	22	658	23	336	24	169	25	59	26	31	27	12	29	1	30	1
961	2	1	3	3	4	20	5	82	6	269	7	736	8	1727	9	3292	10	5412	11	7904	12	10162	13	11971	14	12254	15	11899	16	10336	17	8196	18	5932	19	4094	20	2505	21	1528	22	844	23	458	24	215	25	92	26	38	27	18	28	8	29	2	30	1	31	1
962	1	1	2	3	3	31	4	91	5	218	6	522	7	887	8	1716	9	2891	10	4833	11	6847	12	9315	13	11076	14	12069	15	11790	16	10739	17	8911	18	6554	19	4623	20	3027	21	1757	22	1017	23	564	24	296	25	121	26	61	27	24	28	11	29	5
963	3	3	4	18	5	63	6	213	7	536	8	1225	9	2347	10	4033	11	6410	12	8798	13	10878	14	11934	15	12083	16	11175	17	9265	18	7365	19	5181	20	3590	21	2221	22	1303	23	713	24	348	25	152	26	83	27	33	28	21	29	8	30	1
964	1	1	2	11	3	30	4	87	5	175	6	342	7	622	8	1212	9	2102	10	3376	11	5151	12	7331	13	9573	14	10859	15	11746	16	11295	17	10202	18	8445	19	6241	20	4446	21	2892	22	1741	23	972	24	577	25	322	26	138	27	59	28	34	29	9	30	7	31	2
965	3	2	4	5	5	23	6	80	7	265	8	657	9	1335	10	2596	11	4471	12	6658	13	8742	14	10639	15	11779	16	11864	17	10690	18	9206	19	7183	20	5247	21	3591	22	2219	23	1299	24	718	25	388	26	209	27	78	28	38	29	11	30	3	31	4
966	2	7	3	19	4	39	5	118	6	266	7	440	8	816	9	1299	10	2341	11	3709	12	5651	13	7732	14	9736	15	11202	16	11496	17	11197	18	9975	19	7811	20	5930	21	4079	22	2647	23	1577	24	920	25	523	26	255	27	112	28	64	29	23	30	12	31	2	32	2
967	3	1	4	3	5	12	6	46	7	145	8	361	9	810	10	1539	11	2989	12	4654	13	6891	14	8955	15	10521	16	11520	17	11583	18	10501	19	8884	20	7015	21	5080	22	3473	23	2243	24	1297	25	730	26	397	27	206	28	75	29	36	30	19	31	8	32	6
968	1	1	2	7	3	30	4	49	5	99	6	212	7	373	8	623	9	1099	10	1832	11	2878	12	4307	13	6129	14	8263	15	10109	16	10988	17	11186	18	10531	19	8954	20	7206	21	5549	22	3730	23	2460	24	1529	25	902	26	489	27	233	28	126	29	51	30	23	31	23	32	6	33	3
969	5	5	6	18	7	66	8	202	9	509	10	1112	11	2044	12	3475	13	5267	14	7436	15	9569	16	10639	17	11348	18	11058	19	9990	20	8273	21	6469	22	4655	23	3320	24	2032	25	1184	26	618	27	385	28	178	29	90	30	40	31	8	32	5	33	3	34	1	35	1
970	2	2	3	5	4	17	5	44	6	124	7	218	8	407	9	594	10	951	11	1636	12	2652	13	4069	14	5857	15	8061	16	9808	17	11062	18	11183	19	10666	20	9212	21	7600	22	5703	23	3961	24	2580	25	1608	26	940	27	513	28	279	29	139	30	65	31	29	32	5	33	5	34	1	35	1	36	3
971	5	3	6	13	7	40	8	101	9	266	10	622	11	1199	12	2196	13	3594	14	5404	15	7380	16	9183	17	10426	18	11313	19	10986	20	9697	21	8378	22	6321	23	4741	24	3223	25	2143	26	1272	27	707	28	404	29	202	30	107	31	49	32	16	33	7	34	4	35	3
972	2	5	3	11	4	37	5	34	6	119	7	172	8	353	9	498	10	811	11	1237	12	1940	13	3047	14	4432	15	6107	16	7964	17	9856	18	10621	19	10773	20	10157	21	8984	22	7227	23	5489	24	3840	25	2542	26	1674	27	949	28	529	29	317	30	155	31	58	32	41	33	14	34	5	35	2
973	4	1	6	8	7	18	8	38	9	119	10	286	11	630	12	1250	13	2106	14	3551	15	5303	16	7276	17	9131	18	10245	19	10924	20	10794	21	9914	22	8476	23	6591	24	4956	25	3318	26	2075	27	1301	28	796	29	434	30	246	31	111	32	49	33	31	34	12	35	4	36	4	37	1	38	1
974	3	4	4	8	5	22	6	67	7	133	8	227	9	368	10	464	11	734	12	1128	13	1669	14	2759	15	4127	16	6184	17	8038	18	9227	19	10628	20	10837	21	10292	22	9118	23	7237	24	5702	25	4092	26	2748	27	1722	28	1049	29	658	30	378	31	195	32	111	33	47	34	23	35	3	36	1
975	6	5	7	10	8	27	9	72	10	163	11	386	12	824	13	1370	14	2422	15	3803	16	5454	17	7269	18	9113	19	10192	20	10716	21	10540	22	9538	23	8087	24	6447	25	4794	26	3434	27	2227	28	1329	29	822	30	471	31	242	32	115	33	79	34	28	35	10	36	8	37	1	38	1	40	1
976	1	1	2	1	3	2	4	16	5	32	6	49	7	119	8	199	9	288	10	390	11	605	12	863	13	1352	14	2011	15	3022	16	4452	17	6056	18	7789	19	9225	20	10233	21	10162	22	10005	23	8868	24	7271	25	5564	26	4197	27	2843	28	1836	29	1120	30	658	31	390	32	208	33	91	34	41	35	20	36	12	37	5	38	3	39	1
977	6	2	7	7	8	7	9	46	10	99	11	207	12	411	13	846	14	1479	15	2495	16	3748	17	5322	18	7134	19	8538	20	9836	21	10521	22	10199	23	9592	24	8253	25	6595	26	5039	27	3624	28	2497	29	1516	30	869	31	522	32	293	33	156	34	83	35	39	36	16	37	8	38	1
978	4	5	5	12	6	24	7	61	8	119	9	204	10	295	11	366	12	508	13	720	14	1049	15	1678	16	2692	17	4080	18	5590	19	7517	20	8915	21	9913	22	10375	23	10074	24	9147	25	7829	26	5975	27	4569	28	3192	29	2117	30	1282	31	782	32	412	33	253	34	132	35	50	36	34	37	10	38	13	39	3	40	1	41	1	42	1
979	8	4	9	4	10	31	11	84	12	168	13	355	14	757	15	1246	16	2179	17	3329	18	5011	19	6557	20	8062	21	9390	22	10258	23	10527	24	10002	25	8572	26	7039	27	5429	28	3941	29	2767	30	1781	31	1087	32	662	33	356	34	218	35	93	36	49	37	26	38	11	39	3	40	1	41	1
980	3	2	4	9	5	17	6	31	7	52	8	81	9	139	10	224	11	355	12	462	13	589	14	855	15	1303	16	1856	17	2841	18	3878	19	5549	20	6989	21	8531	22	9553	23	9837	24	9779	25	9086	26	7667	27	6204	28	4712	29	3451	30	2387	31	1485	32	900	33	529	34	299	35	171	36	100	37	42	38	22	39	9	40	2	41	2
981	7	1	8	5	9	7	10	23	11	43	12	137	13	229	14	458	15	881	16	1545	17	2397	18	3540	19	4849	20	6419	21	7875	22	9028	23	9982	24	9935	25	9702	26	8401	27	7184	28	5533	29	4203	30	2924	31	1825	32	1210	33	723	34	456	35	246	36	121	37	65	38	29	39	15	40	5	41	3	43	1
982	3	1	5	2	6	8	7	24	8	59	9	110	10	185	11	283	12	368	13	436	14	471	15	674	16	924	17	1396	18	2231	19	3434	20	4872	21	6340	22	8008	23	9194	24	9862	25	10261	26	9417	27	8334	28	6666	29	5370	30	3898	31	2728	32	1807	33	1134	34	681	35	407	36	218	37	104	38	49	39	21	40	13	41	1	42	7	43	1	44	1
983	8	3	9	4	10	10	11	21	12	74	13	130	14	255	15	453	16	796	17	1338	18	2103	19	3100	20	4510	21	5853	22	7536	23	8725	24	9561	25	9961	26	9589	27	8633	28	7631	29	6047	30	4479	31	3377	32	2250	33	1435	34	943	35	555	36	309	37	154	38	91	39	41	40	15	41	7	42	6	43	3	44	1	45	1
984	2	2	3	7	4	9	5	19	6	27	7	43	8	55	9	89	10	128	11	216	12	281	13	393	14	507	15	627	16	826	17	1110	18	1735	19	2447	20	3563	21	4893	22	6358	23	7669	24	8875	25	9621	26	9368	27	9074	28	8109	29	6751	30	5366	31	4017	32	2906	33	1903	34	1304	35	750	36	439	37	260	38	131	39	61	40	27	41	16	42	10	43	7	44	1
985	10	4	11	5	12	19	13	31	14	80	15	147	16	306	17	541	18	929	19	1560	20	2340	21	3630	22	4897	23	6542	24	7972	25	9207	26	9764	27	9941	28	9451	29	8267	30	7014	31	5462	32	4097	33	2878	34	2020	35	1245	36	740	37	423	38	239	39	134	40	55	41	32	42	15	43	7	44	5	45	1
986	4	1	5	2	6	4	7	9	8	22	9	58	10	94	11	167	12	226	13	284	14	346	15	384	16	438	17	601	18	720	19	1098	20	1810	21	2732	22	3972	23	5394	24	6897	25	8447	26	9095	27	9711	28	9440	29	8736	30	7763	31	6228	32	4943	33	3602	34	2548	35	1722	36	1058	37	664	38	377	39	198	40	111	41	59	42	23	43	9	44	7
987	9	2	10	2	11	5	12	12	13	35	14	58	15	119	16	225	17	408	18	675	19	1040	20	1642	21	2545	22	3455	23	4714	24	6112	25	7416	26	8433	27	9113	28	9407	29	9257	30	8244	31	7260	32	5741	33	4558	34	3430	35	2311	36	1536	37	965	38	583	39	348	40	160	41	96	42	41	43	33	44	15	45	1	46	1	47	1	48	1
988	4	1	5	3	6	13	7	18	8	36	9	35	10	62	11	95	12	165	13	235	14	310	15	349	16	459	17	488	18	606	19	849	20	1160	21	1658	22	2560	23	3472	24	4562	25	6061	26	7335	27	8410	28	9158	29	9094	30	8955	31	8213	32	6944	33	5700	34	4329	35	3159	36	2100	37	1368	38	888	39	489	40	325	41	152	42	104	43	39	44	17	45	13	46	8	47	3
989	10	1	12	6	13	13	14	28	15	54	16	102	17	175	18	329	19	547	20	890	21	1368	22	2152	23	3028	24	4114	25	5351	26	6815	27	7668	28	8870	29	9176	30	9325	31	8752	32	7730	33	6486	34	5033	35	4033	36	2861	37	1997	38	1211	39	825	40	480	41	286	42	150	43	79	44	35	45	11	46	13	47	2	48	2	51	2
990	6	1	7	6	8	9	9	32	10	39	11	66	12	115	13	187	14	253	15	299	16	334	17	353	18	359	19	357	20	551	21	788	22	1227	23	1947	24	2884	25	4104	26	5482	27	6748	28	8017	29	8848	30	9277	31	9149	32	8561	33	7485	34	6404	35	4966	36	3738	37	2726	38	1812	39	1169	40	757	41	447	42	247	43	128	44	73	45	34	46	13	47	3	48	2	49	2	53	1
991	12	1	13	6	14	12	15	22	16	43	17	96	18	153	19	273	20	409	21	691	22	1028	23	1551	24	2269	25	3248	26	4385	27	5646	28	6955	29	8032	30	8718	31	9210	32	9175	33	8445	34	7649	35	6222	36	4918	37	3735	38	2616	39	1777	40	1130	41	654	42	403	43	264	44	128	45	68	46	41	47	15	48	5	49	4	50	2	51	1
992	2	1	3	3	4	1	5	1	6	8	7	8	8	24	9	22	10	40	11	63	12	96	13	137	14	181	15	233	16	334	17	357	18	414	19	452	20	546	21	657	22	902	23	1263	24	1843	25	2490	26	3505	27	4583	28	5651	29	6950	30	8075	31	8548	32	8757	33	8544	34	8007	35	7001	36	5679	37	4548	38	3436	39	2386	40	1627	41	1102	42	698	43	389	44	220	45	118	46	49	47	31	48	6	49	8	50	3	51	1	52	1	54	1
993	10	1	12	2	13	4	14	3	15	13	16	28	17	44	18	102	19	146	20	244	21	383	22	650	23	916	24	1396	25	2086	26	2866	27	3864	28	4867	29	6189	30	7303	31	8133	32	8835	33	8910	34	8501	35	7845	36	6957	37	5628	38	4485	39	3260	40	2322	41	1592	42	988	43	603	44	402	45	192	46	123	47	59	48	31	49	17	50	3	51	4	52	3
994	7	1	8	3	9	9	10	9	11	37	12	56	13	96	14	142	15	194	16	247	17	295	18	309	19	314	20	318	21	311	22	355	23	509	24	764	25	1084	26	1823	27	2681	28	3611	29	4900	30	6050	31	7333	32	8279	33	8670	34	9160	35	8490	36	7815	37	6828	38	5573	39	4226	40	3224	41	2323	42	1575	43	1009	44	597	45	347	46	193	47	105	48	53	49	45	50	21	51	11	52	3	53	1	54	1
995	13	2	14	2	15	10	16	19	17	20	18	45	19	85	20	137	21	216	22	354	23	528	24	822	25	1170	26	1643	27	2266	28	3042	29	4122	30	5087	31	6250	32	7353	33	8171	34	8592	35	8687	36	8406	37	7595	38	6485	39	5488	40	4279	41	3070	42	2261	43	1568	44	883	45	588	46	338	47	197	48	100	49	62	50	39	51	11	52	4	53	1	54	1	56	1
996	3	2	4	1	5	4	6	1	7	6	8	8	9	16	10	25	11	22	12	49	13	49	14	97	15	150	16	211	17	263	18	287	19	361	20	375	21	424	22	416	23	484	24	586	25	854	26	1177	27	1579	28	2240	29	3038	30	3846	31	5008	32	6239	33	7199	34	8005	35	8532	36	8412	37	8079	38	7375	39	6419	40	5237	41	4055	42	3034	43	2161	44	1409	45	908	46	586	47	342	48	195	49	126	50	48	51	32	52	18	53	6	54	3	55	1
997	14	3	15	3	16	6	17	11	18	17	19	39	20	62	21	112	22	177	23	261	24	376	25	549	26	830	27	1227	28	1731	29	2407	30	3230	31	4134	32	5389	33	6409	34	7445	35	8227	36	8713	37	8607	38	8098	39	7279	40	6417	41	5317	42	4057	43	3046	44	2196	45	1428	46	902	47	578	48	340	49	192	50	98	51	37	52	24	53	16	54	8	56	1	58	1
998	7	2	9	5	10	4	11	15	12	30	13	47	14	65	15	123	16	150	17	188	18	242	19	260	20	294	21	272	22	295	23	242	24	275	25	337	26	502	27	699	28	1134	29	1553	30	2295	31	3134	32	4246	33	5283	34	6429	35	7393	36	8172	37	8498	38	8582	39	8138	40	7326	41	6211	42	4931	43	3971	44	2963	45	2104	46	1422	47	903	48	563	49	342	50	177	51	96	52	48	53	19	54	11	55	7	59	2
999	13	1	14	2	15	5	16	4	17	10	18	10	19	27	20	46	21	78	22	109	23	192	24	244	25	396	26	552	27	789	28	1022	29	1524	30	2056	31	2707	32	3418	33	4564	34	5447	35	6604	36	7397	37	7794	38	8253	39	8386	40	7942	41	7190	42	6039	43	4980	44	3781	45	2954	46	2001	47	1337	48	859	49	551	50	323	51	183	52	114	53	55	54	30	55	13	56	6	57	4	58	1
1000	3	1	4	3	5	5	6	2	7	3	8	8	9	18	10	16	11	22	12	33	13	50	14	42	15	77	16	105	17	166	18	202	19	245	20	289	21	335	22	343	23	333	24	339	25	411	26	453	27	573	28	764	29	1124	30	1404	31	2063	32	2531	33	3388	34	4358	35	5321	36	6230	37	7062	38	8002	39	8168	40	8082	41	7681	42	6936	43	5868	44	4804	45	3845	46	2874	47	1967	48	1394	49	873	50	504	51	321	52	166	53	98	54	54	55	25	56	11	57	4	58	2	60	1	61	1
