1	1	100000
2	1	100000
3	1	100000
4	1	100000
5	1	100000
6	1	100000
7	1	100000
8	1	100000
9	1	100000
10	1	100000
11	1	100000
12	1	100000
13	1	100000
14	1	100000
15	1	100000
16	1	100000
17	1	100000
18	1	100000
19	1	100000
20	1	100000
21	1	100000
22	1	100000
23	1	100000
24	1	100000
25	1	100000
26	1	100000
27	1	100000
28	1	100000
29	1	100000
30	1	100000
31	1	100000
32	1	100000
33	1	100000
34	1	100000
35	1	100000
36	1	100000
37	1	100000
38	1	100000
39	1	100000
40	1	100000
41	1	100000
42	1	100000
43	1	100000
44	1	100000
45	1	100000
46	1	100000
47	1	100000
48	1	100000
49	1	100000
50	1	100000
51	1	100000
52	1	100000
53	1	100000
54	1	100000
55	1	100000
56	1	100000
57	1	100000
58	1	100000
59	1	100000
60	1	100000
61	1	100000
62	1	100000
63	1	100000
64	1	100000
65	1	100000
66	1	100000
67	1	100000
68	1	100000
69	1	100000
70	1	100000
71	1	100000
72	1	100000
73	1	100000
74	1	100000
75	1	100000
76	1	100000
77	1	100000
78	1	100000
79	1	100000
80	1	100000
81	1	100000
82	1	100000
83	1	100000
84	1	100000
85	1	100000
86	1	100000
87	1	100000
88	1	100000
89	1	100000
90	1	100000
91	1	100000
92	1	100000
93	1	100000
94	1	100000
95	1	100000
96	1	100000
97	1	100000
98	1	100000
99	1	100000
100	1	100000
101	1	100000
102	1	100000
103	1	100000
104	1	100000
105	1	100000
106	1	100000
107	1	100000
108	1	100000
109	1	100000
110	1	100000
111	1	100000
112	1	100000
113	1	100000
114	1	100000
115	1	100000
116	1	100000
117	1	100000
118	1	100000
119	1	100000
120	1	100000
121	1	100000
122	1	100000
123	1	100000
124	1	100000
125	1	100000
126	1	100000
127	1	100000
128	1	100000
129	1	100000
130	1	100000
131	1	100000
132	1	100000
133	1	100000
134	1	100000
135	1	100000
136	1	100000
137	1	100000
138	1	100000
139	1	100000
140	1	100000
141	1	100000
142	1	100000
143	1	100000
144	1	100000
145	1	100000
146	1	100000
147	1	100000
148	1	100000
149	1	100000
150	1	100000
151	1	100000
152	1	100000
153	1	100000
154	1	100000
155	1	100000
156	1	100000
157	1	100000
158	1	100000
159	1	100000
160	1	100000
161	1	100000
162	1	100000
163	1	100000
164	1	100000
165	1	100000
166	1	100000
167	1	100000
168	1	100000
169	1	100000
170	1	100000
171	1	100000
172	1	100000
173	1	100000
174	1	100000
175	1	100000
176	1	100000
177	1	100000
178	1	100000
179	1	100000
180	1	100000
181	1	100000
182	1	100000
183	1	100000
184	1	100000
185	1	100000
186	1	100000
187	1	100000
188	1	100000
189	1	100000
190	1	100000
191	1	100000
192	1	100000
193	1	100000
194	1	100000
195	1	100000
196	1	100000
197	1	100000
198	1	100000
199	1	100000
200	1	100000
201	1	100000
202	1	100000
203	1	100000
204	1	100000
205	1	100000
206	1	100000
207	1	100000
208	1	100000
209	1	100000
210	1	100000
211	1	100000
212	1	100000
213	1	100000
214	1	100000
215	1	100000
216	1	100000
217	1	100000
218	1	100000
219	1	100000
220	1	100000
221	1	100000
222	1	100000
223	1	100000
224	1	100000
225	1	100000
226	1	100000
227	1	100000
228	1	100000
229	1	100000
230	1	100000
231	1	100000
232	1	100000
233	1	100000
234	1	100000
235	1	100000
236	1	100000
237	1	100000
238	1	100000
239	1	100000
240	1	100000
241	1	100000
242	1	100000
243	1	100000
244	1	100000
245	1	100000
246	1	100000
247	1	100000
248	1	100000
249	1	100000
250	1	100000
251	1	100000
252	1	100000
253	1	100000
254	1	100000
255	1	100000
256	1	100000
257	1	100000
258	1	100000
259	1	100000
260	1	100000
261	1	100000
262	1	100000
263	1	100000
264	1	100000
265	1	100000
266	1	100000
267	1	100000
268	1	100000
269	1	100000
270	1	100000
271	1	100000
272	1	100000
273	1	100000
274	1	100000
275	1	100000
276	1	100000
277	1	100000
278	1	100000
279	1	100000
280	1	100000
281	1	100000
282	1	100000
283	1	100000
284	1	100000
285	1	100000
286	1	100000
287	1	100000
288	1	100000
289	1	100000
290	1	100000
291	1	100000
292	1	100000
293	1	100000
294	1	100000
295	1	100000
296	1	100000
297	1	100000
298	1	100000
299	1	100000
300	1	100000
301	1	100000
302	1	100000
303	1	100000
304	1	100000
305	1	100000
306	1	100000
307	1	100000
308	1	100000
309	1	100000
310	1	100000
311	1	100000
312	1	100000
313	1	100000
314	1	100000
315	1	100000
316	1	100000
317	1	100000
318	1	100000
319	1	100000
320	1	100000
321	1	100000
322	1	100000
323	1	100000
324	1	100000
325	1	100000
326	1	100000
327	1	100000
328	1	100000
329	1	100000
330	1	100000
331	1	100000
332	1	100000
333	1	100000
334	1	100000
335	1	100000
336	1	100000
337	1	100000
338	1	100000
339	1	100000
340	1	100000
341	1	100000
342	1	100000
343	1	100000
344	1	100000
345	1	100000
346	1	100000
347	1	100000
348	1	100000
349	1	100000
350	1	100000
351	1	100000
352	1	100000
353	1	100000
354	1	100000
355	1	100000
356	1	100000
357	1	100000
358	1	100000
359	1	100000
360	1	100000
361	1	100000
362	1	100000
363	1	100000
364	1	100000
365	1	100000
366	1	100000
367	1	100000
368	1	100000
369	1	100000
370	1	100000
371	1	100000
372	1	100000
373	1	100000
374	1	100000
375	1	100000
376	1	100000
377	1	100000
378	1	100000
379	1	100000
380	1	100000
381	1	100000
382	1	100000
383	1	100000
384	1	100000
385	1	100000
386	1	100000
387	1	100000
388	1	100000
389	1	100000
390	1	100000
391	1	100000
392	1	100000
393	1	100000
394	1	100000
395	1	100000
396	1	100000
397	1	100000
398	1	100000
399	1	100000
400	1	100000
401	1	100000
402	1	100000
403	1	100000
404	1	100000
405	1	100000
406	1	100000
407	1	100000
408	1	100000
409	1	100000
410	1	100000
411	1	100000
412	1	100000
413	1	100000
414	1	100000
415	1	100000
416	1	100000
417	1	100000
418	1	100000
419	1	100000
420	1	100000
421	1	100000
422	1	100000
423	1	100000
424	1	100000
425	1	100000
426	1	100000
427	1	100000
428	1	100000
429	1	100000
430	1	100000
431	1	100000
432	1	100000
433	1	100000
434	1	100000
435	1	100000
436	1	100000
437	1	100000
438	1	100000
439	1	100000
440	1	100000
441	1	100000
442	1	100000
443	1	100000
444	1	100000
445	1	100000
446	1	100000
447	1	100000
448	1	100000
449	1	100000
450	1	100000
451	1	100000
452	1	100000
453	1	100000
454	1	100000
455	1	100000
456	1	100000
457	1	100000
458	1	100000
459	1	100000
460	1	100000
461	1	100000
462	1	100000
463	1	100000
464	1	100000
465	1	100000
466	1	100000
467	1	100000
468	1	100000
469	1	100000
470	1	100000
471	1	100000
472	1	100000
473	1	100000
474	1	100000
475	1	100000
476	1	100000
477	1	100000
478	1	100000
479	1	100000
480	1	100000
481	1	100000
482	1	100000
483	1	100000
484	1	100000
485	1	100000
486	1	100000
487	1	100000
488	1	100000
489	1	100000
490	1	100000
491	1	100000
492	1	100000
493	1	100000
494	1	100000
495	1	100000
496	1	100000
497	1	100000
498	1	100000
499	1	100000
500	1	100000
501	1	13421	2	86579
502	1	25218	2	74782
503	1	35465	2	64535
504	1	44063	2	55937
505	1	51548	2	48452
506	1	58235	2	41765
507	1	63632	2	36368
508	1	68955	2	31045
509	1	72998	2	27002
510	1	76462	2	23538
511	1	79740	2	20260
512	1	82584	2	17416
513	1	84895	2	15105
514	1	86974	2	13026
515	1	88752	2	11248
516	1	90146	2	9854
517	1	91624	2	8376
518	1	92591	2	7409
519	1	93862	2	6138
520	1	94591	2	5409
521	1	95373	2	4627
522	1	96009	2	3991
523	1	96552	2	3448
524	1	96909	2	3091
525	1	97351	2	2649
526	1	97677	2	2323
527	1	98054	2	1946
528	1	98212	2	1788
529	1	98496	2	1504
530	1	98812	2	1188
531	1	98878	2	1122
532	1	99088	2	912
533	1	99206	2	794
534	1	99321	2	679
535	1	99390	2	610
536	1	99476	2	524
537	1	99573	2	427
538	1	99583	2	417
539	1	99667	2	333
540	1	99710	2	290
541	1	99737	2	263
542	1	99810	2	190
543	1	99792	2	208
544	1	99838	2	162
545	1	99835	2	165
546	1	99877	2	123
547	1	99918	2	82
548	1	99916	2	84
549	1	99926	2	74
550	1	99940	2	60
551	1	99937	2	63
552	1	99966	2	34
553	1	99957	2	43
554	1	99970	2	30
555	1	99962	2	38
556	1	99969	2	31
557	1	99975	2	25
558	1	99977	2	23
559	1	99979	2	21
560	1	99992	2	8
561	1	99984	2	16
562	1	99984	2	16
563	1	99989	2	11
564	1	99994	2	6
565	1	99987	2	13
566	1	99994	2	6
567	1	99994	2	6
568	1	99993	2	7
569	1	99998	2	2
570	1	99998	2	2
571	1	99997	2	3
572	1	99999	2	1
573	1	99999	2	1
574	1	99998	2	2
575	1	99999	2	1
576	1	99999	2	1
577	1	100000
578	1	100000
579	1	99999	2	1
580	1	100000
581	1	99999	2	1
582	1	99998	2	2
583	1	99999	2	1
584	1	99999	2	1
585	1	99999	2	1
586	1	99999	2	1
587	1	99999	2	1
588	1	100000
589	1	100000
590	1	100000
591	1	100000
592	1	100000
593	1	100000
594	1	100000
595	1	100000
596	1	100000
597	1	100000
598	1	100000
599	1	100000
600	1	100000
601	1	100000
602	1	100000
603	1	100000
604	1	100000
605	1	100000
606	1	100000
607	1	100000
608	1	100000
609	1	99999	2	1
610	1	100000
611	1	100000
612	1	100000
613	1	100000
614	1	100000
615	1	100000
616	1	100000
617	1	100000
618	1	100000
619	1	100000
620	1	100000
621	1	100000
622	1	100000
623	1	100000
624	1	100000
625	1	100000
626	1	100000
627	1	100000
628	1	100000
629	1	99999	2	1
630	1	100000
631	1	100000
632	1	100000
633	1	100000
634	1	100000
635	1	100000
636	1	100000
637	1	99999	2	1
638	1	100000
639	1	100000
640	1	99999	2	1
641	1	100000
642	1	100000
643	1	100000
644	1	100000
645	1	100000
646	1	100000
647	1	100000
648	1	99999	2	1
649	1	100000
650	1	99999	2	1
651	1	99999	2	1
652	1	100000
653	1	100000
654	1	99999	2	1
655	1	99998	2	2
656	1	99999	2	1
657	1	99998	2	2
658	1	99999	2	1
659	1	99999	2	1
660	1	99997	2	3
661	1	99997	2	3
662	1	99996	2	4
663	1	100000
664	1	99995	2	5
665	1	99997	2	3
666	1	99995	2	5
667	1	99999	2	1
668	1	99994	2	6
669	1	100000
670	1	99996	2	4
671	1	100000
672	1	99995	2	5
673	1	99998	2	2
674	1	99999	2	1
675	1	99998	2	2
676	1	99996	2	4
677	1	100000
678	1	99998	2	2
679	1	99999	2	1
680	1	99997	2	3
681	1	100000
682	1	99999	2	1
683	1	99998	2	2
684	1	99993	2	7
685	1	99997	2	3
686	1	99999	2	1
687	1	99998	2	2
688	1	99997	2	3
689	1	99996	2	4
690	1	99999	2	1
691	1	99996	2	4
692	1	99994	2	6
693	1	99997	2	3
694	1	99998	2	2
695	1	99995	2	5
696	1	99996	2	4
697	1	99996	2	4
698	1	99991	2	9
699	1	99996	2	4
700	1	99989	2	11
701	1	99997	2	3
702	1	99995	2	5
703	1	99998	2	2
704	1	99988	2	12
705	1	99992	2	8
706	1	99996	2	4
707	1	99993	2	7
708	1	99989	2	11
709	1	99996	2	4
710	1	99992	2	8
711	1	99994	2	6
712	1	99988	2	12
713	1	99989	2	11
714	1	99991	2	9
715	1	99983	2	17
716	1	99988	2	12
717	1	99990	2	10
718	1	99987	2	13
719	1	99985	2	15
720	1	99969	2	31
721	1	99982	2	18
722	1	99984	2	16
723	1	99982	2	18
724	1	99971	2	29
725	1	99979	2	21
726	1	99981	2	19
727	1	99980	2	20
728	1	99976	2	24
729	1	99978	2	22
730	1	99977	2	23
731	1	99973	2	27
732	1	99968	2	32
733	1	99977	2	23
734	1	99975	2	25
735	1	99976	2	24
736	1	99962	2	38
737	1	99960	2	40
738	1	99964	2	36
739	1	99967	2	33
740	1	99961	2	39
741	1	99962	2	38
742	1	99953	2	47
743	1	99959	2	41
744	1	99945	2	55
745	1	99943	2	57
746	1	99952	2	48
747	1	99952	2	48
748	1	99944	2	56
749	1	99936	2	64
750	1	99944	2	56
751	1	99821	2	179
752	1	99797	2	203
753	1	99791	2	209
754	1	99822	2	178
755	1	99799	2	200	3	1
756	1	99824	2	176
757	1	99836	2	164
758	1	99819	2	180	3	1
759	1	99819	2	181
760	1	99825	2	174	3	1
761	1	99838	2	162
762	1	99834	2	165	3	1
763	1	99833	2	167
764	1	99823	2	177
765	1	99855	2	144	3	1
766	1	99803	2	197
767	1	99812	2	188
768	1	99767	2	232	3	1
769	1	99778	2	222
770	1	99810	2	190
771	1	99798	2	202
772	1	99812	2	187	3	1
773	1	99762	2	237	3	1
774	1	99746	2	254
775	1	99770	2	230
776	1	99749	2	250	3	1
777	1	99758	2	239	3	3
778	1	99734	2	266
779	1	99744	2	256
780	1	99672	2	326	3	2
781	1	99686	2	314
782	1	99615	2	383	3	2
783	1	99687	2	312	3	1
784	1	99642	2	358
785	1	99639	2	360	3	1
786	1	99596	2	403	3	1
787	1	99619	2	381
788	1	99613	2	386	3	1
789	1	99532	2	467	3	1
790	1	99477	2	523
791	1	99531	2	466	3	3
792	1	99423	2	576	3	1
793	1	99451	2	549
794	1	99363	2	635	3	2
795	1	99374	2	626
796	1	99262	2	733	3	5
797	1	99326	2	670	3	4
798	1	99184	2	814	3	2
799	1	99228	2	771	3	1
800	1	99304	2	695	3	1
801	1	99343	2	654	3	3
802	1	99348	2	647	3	5
803	1	99261	2	739
804	1	99288	2	710	3	2
805	1	99094	2	903	3	3
806	1	99031	2	963	3	6
807	1	98997	2	996	3	7
808	1	99005	2	991	3	4
809	1	99007	2	988	3	5
810	1	98904	2	1084	3	12
811	1	98889	2	1107	3	4
812	1	98827	2	1170	3	3
813	1	98705	2	1286	3	9
814	1	98596	2	1391	3	13
815	1	98666	2	1325	3	9
816	1	98510	2	1480	3	10
817	1	98466	2	1520	3	14
818	1	98276	2	1711	3	12	4	1
819	1	98222	2	1761	3	17
820	1	98206	2	1782	3	11	4	1
821	1	98156	2	1828	3	16
822	1	98072	2	1915	3	13
823	1	97845	2	2131	3	23	4	1
824	1	97854	2	2125	3	21
825	1	97815	2	2162	3	23
826	1	97814	2	2161	3	25
827	1	97546	2	2428	3	25	4	1
828	1	97470	2	2505	3	25
829	1	97328	2	2643	3	29
830	1	97193	2	2772	3	35
831	1	97144	2	2817	3	39
832	1	97022	2	2924	3	54
833	1	96854	2	3097	3	46	4	3
834	1	96352	2	3567	3	80	4	1
835	1	96381	2	3554	3	65
836	1	96110	2	3814	3	73	4	3
837	1	96125	2	3804	3	71
838	1	95875	2	4042	3	83
839	1	95868	2	4058	3	74
840	1	95387	2	4529	3	83	4	1
841	1	95412	2	4482	3	105	4	1
842	1	94685	2	5184	3	129	4	2
843	1	95189	2	4700	3	108	4	3
844	1	94860	2	5025	3	115
845	1	94684	2	5201	3	115
846	1	94418	2	5443	3	136	4	3
847	1	94204	2	5608	3	182	4	6
848	1	93548	2	6254	3	196	4	2
849	1	93643	2	6173	3	180	4	4
850	1	93340	2	6462	3	193	4	4	5	1
851	1	92979	2	6793	3	219	4	9
852	1	92371	2	7312	3	311	4	6
853	1	92504	2	7186	3	303	4	6	5	1
854	1	91716	2	7946	3	324	4	13	5	1
855	1	91124	2	8508	3	358	4	10
856	1	90706	2	8896	3	391	4	7
857	1	90192	2	9280	3	513	4	15
858	1	92436	2	7275	3	285	4	4
859	1	91088	2	8511	3	380	4	21
860	1	90929	2	8656	3	402	4	13
861	1	90088	2	9425	3	472	4	13	5	2
862	1	89462	2	9997	3	522	4	19
863	1	88898	2	10477	3	601	4	24
864	1	88640	2	10669	3	669	4	22
865	1	88294	2	11017	3	656	4	32	5	1
866	1	87545	2	11641	3	784	4	28	5	2
867	1	86960	2	12200	3	796	4	43	5	1
868	1	86336	2	12720	3	912	4	31	5	1
869	1	85826	2	13140	3	986	4	48
870	1	85488	2	13475	3	978	4	58	5	1
871	1	84841	2	13984	3	1107	4	64	5	4
872	1	84233	2	14508	3	1193	4	65	5	1
873	1	83844	2	14831	3	1257	4	67	5	1
874	1	82996	2	15430	3	1490	4	80	5	4
875	1	82248	2	16150	3	1508	4	93	5	1
876	1	80212	2	17734	3	1924	4	123	5	7
877	1	79571	2	18309	3	1969	4	145	5	6
878	1	78515	2	19158	3	2157	4	166	5	4
879	1	78278	2	19254	3	2281	4	176	5	11
880	1	77247	2	20071	3	2490	4	179	5	11	6	2
881	1	76664	2	20484	3	2643	4	202	5	7
882	1	76667	2	20559	3	2535	4	227	5	11	6	1
883	1	75668	2	21158	3	2876	4	280	5	16	6	2
884	1	74043	2	22392	3	3255	4	289	5	18	6	3
885	1	73096	2	22995	3	3522	4	350	5	34	6	3
886	1	72413	2	23485	3	3732	4	339	5	29	6	2
887	1	70949	2	24605	3	4000	4	410	5	33	6	3
888	1	68825	2	25871	3	4706	4	553	5	42	6	3
889	1	71591	2	23978	3	3958	4	440	5	31	6	2
890	1	70027	2	25009	3	4404	4	513	5	45	6	2
891	1	67961	2	26281	3	5051	4	642	5	60	6	5
892	1	67816	2	26388	3	5088	4	648	5	52	6	8
893	1	65280	2	28048	3	5803	4	774	5	86	6	9
894	1	65086	2	28118	3	5783	4	937	5	71	6	5
895	1	63777	2	28870	3	6333	4	921	5	92	6	7
896	1	62012	2	29823	3	6945	4	1090	5	117	6	12	8	1
897	1	61121	2	30168	3	7374	4	1205	5	120	6	9	7	3
898	1	60338	2	30717	3	7605	4	1153	5	169	6	12	7	6
899	1	58410	2	31740	3	8287	4	1394	5	152	6	15	7	2
900	1	57233	2	32099	3	8930	4	1516	5	195	6	26	7	1
901	1	54950	2	33447	3	9600	4	1756	5	219	6	26	7	2
902	1	53497	2	33700	3	10444	4	2056	5	272	6	28	7	3
903	1	52023	2	34312	3	10983	4	2277	5	353	6	51	7	1
904	1	51710	2	34340	3	11212	4	2336	5	359	6	40	7	3
905	1	48869	2	35752	3	12183	4	2735	5	401	6	55	7	3	8	2
906	1	47908	2	35523	3	12990	4	2983	5	538	6	54	7	4
907	1	46640	2	35986	3	13512	4	3202	5	563	6	88	7	8	8	1
908	1	43133	2	36799	3	15074	4	4075	5	763	6	133	7	20	8	2	9	1
909	1	41759	2	37317	3	15651	4	4273	5	856	6	123	7	19	8	2
910	1	45187	2	35743	3	14387	4	3813	5	745	6	108	7	15	8	2
911	1	43361	2	36144	3	15359	4	4124	5	856	6	131	7	20	8	4	9	1
912	1	40536	2	36544	3	16611	4	4978	5	1110	6	196	7	24	8	1
913	1	38588	2	36707	3	17755	4	5466	5	1211	6	233	7	35	8	3	9	1	10	1
914	1	37993	2	37072	3	17753	4	5591	5	1313	6	236	7	40	8	2
915	1	35408	2	37555	3	18857	4	6333	5	1511	6	278	7	52	8	6
916	1	34909	2	37008	3	19331	4	6618	5	1700	6	370	7	54	8	8	9	2
917	1	32358	2	37346	3	20467	4	7312	5	2021	6	396	7	87	8	12	9	1
918	1	30382	2	36607	3	21719	4	8280	5	2375	6	538	7	78	8	18	9	3
919	1	29752	2	36717	3	22049	4	8504	5	2362	6	516	7	82	8	17	9	1
920	1	27972	2	35868	3	22952	4	9450	5	2911	6	709	7	117	8	17	9	3	10	1
921	1	25494	2	35764	3	23998	4	10577	5	3186	6	801	7	150	8	26	9	3	10	1
922	1	24493	2	34948	3	24548	4	10957	5	3838	6	981	7	203	8	29	9	1	10	2
923	1	22600	2	34436	3	25348	4	12096	5	4140	6	1097	7	241	8	34	9	7	11	1
924	1	24694	2	34995	3	24288	4	10989	5	3799	6	1001	7	199	8	32	9	2	10	1
925	1	21377	2	33703	3	25778	4	12867	5	4557	6	1340	7	304	8	59	9	14	10	1
926	1	20119	2	32461	3	26099	4	13793	5	5461	6	1594	7	390	8	74	9	9
927	1	18781	2	32023	3	26726	4	14511	5	5660	6	1754	7	437	8	87	9	14	10	6	11	1
928	1	17833	2	30852	3	26960	4	15317	5	6346	6	2002	7	555	8	104	9	26	10	5
929	1	15973	2	30182	3	27405	4	16407	5	6943	6	2328	7	605	8	127	9	24	10	6
930	1	15038	2	28838	3	27694	4	17114	5	7579	6	2685	7	789	8	218	9	33	10	12
931	1	13370	2	27536	3	27809	4	18357	5	8592	6	3101	7	968	8	214	9	45	10	6	11	2
932	1	12110	2	26119	3	27478	4	19206	5	9736	6	3766	7	1211	8	290	9	71	10	10	11	3
933	1	11005	2	25101	3	27654	4	19949	5	10344	6	4155	7	1330	8	362	9	83	10	12	11	5
934	1	11815	2	25682	3	27207	4	19542	5	10011	6	4063	7	1241	8	341	9	77	10	16	11	3	12	1	14	1
935	1	9619	2	23372	3	27105	4	20856	5	11587	6	5096	7	1697	8	507	9	127	10	29	11	5
936	1	9784	2	22860	3	27297	4	20829	5	11481	6	5178	7	1878	8	524	9	116	10	39	11	10	12	4
937	1	8102	2	21372	3	26711	4	21880	5	12862	6	5927	7	2273	8	658	9	180	10	32	11	3
938	1	7032	2	19196	3	25826	4	22529	5	14277	6	7063	7	2813	8	917	9	266	10	57	11	23	12	1
939	1	6302	2	18104	3	25370	4	22939	5	15019	6	7809	7	3069	8	1003	9	304	10	62	11	17	12	2
940	1	5828	2	16468	3	24161	4	22919	5	16142	6	8776	7	3757	8	1329	9	471	10	113	11	29	12	5	13	2
941	1	4345	2	14348	3	22965	4	23675	5	17437	6	10095	7	4485	8	1797	9	648	10	161	11	38	12	4	13	1	14	1
942	1	4945	2	15275	3	22987	4	23088	5	16929	6	9738	7	4543	8	1724	9	560	10	150	11	46	12	10	13	5
943	1	3882	2	13055	3	21725	4	23340	5	18101	6	10993	7	5520	8	2317	9	775	10	226	11	49	12	15	13	2
944	1	3949	2	12642	3	20868	4	23038	5	18462	6	11486	7	5745	8	2474	9	941	10	283	11	82	12	24	13	5	14	1
945	1	2704	2	10363	3	19197	4	22786	5	19667	6	13295	7	7091	8	3133	9	1219	10	392	11	118	12	29	13	4	14	2
946	1	2732	2	10101	3	18430	4	22222	5	19559	6	13588	7	7747	8	3553	9	1393	10	488	11	141	12	37	13	7	14	1	15	1
947	1	2260	2	8875	3	17017	4	22119	5	20360	6	14415	7	8452	8	4013	9	1630	10	625	11	181	12	42	13	8	14	2	16	1
948	1	2307	2	8761	3	16990	4	21598	5	20052	6	14748	7	8586	8	4254	9	1810	10	633	11	190	12	44	13	22	14	5
949	1	1513	2	6734	3	14675	4	20238	5	20927	6	16180	7	10277	8	5568	9	2466	10	951	11	338	12	97	13	31	14	3	15	2
950	1	1404	2	6359	3	13880	4	19216	5	20797	6	16826	7	11083	8	5973	9	2878	10	1047	11	388	12	115	13	28	14	5	15	1
951	1	1113	2	5167	3	12154	4	18454	5	20645	6	17519	7	12374	8	7091	9	3379	10	1357	11	519	12	173	13	40	14	10	15	4	16	1
952	1	1132	2	4987	3	11247	4	17494	5	20158	6	17706	7	12900	8	7705	9	3995	10	1711	11	640	12	233	13	71	14	12	15	8	17	1
953	1	645	2	3620	3	9734	4	16257	5	19817	6	18715	7	14054	8	8844	9	4799	10	2177	11	885	12	327	13	92	14	26	15	6	16	2
954	1	797	2	3588	3	9072	4	15258	5	19096	6	18419	7	14629	8	9594	9	5358	10	2624	11	1004	12	379	13	139	14	28	15	11	16	4
955	1	449	2	2537	3	7381	4	13622	5	18215	6	18820	7	15953	8	10940	9	6494	10	3251	11	1476	12	577	13	204	14	63	15	13	16	3	17	2
956	1	515	2	2539	3	6854	4	12264	5	17157	6	18384	7	16183	8	11630	9	7465	10	3981	11	1817	12	808	13	273	14	94	15	25	16	8	17	3
957	1	335	2	1971	3	6104	4	11568	5	16757	6	18663	7	16614	8	12291	9	7907	10	4417	11	2038	12	815	13	359	14	121	15	33	16	5	17	2
958	1	287	2	1801	3	5382	4	10387	5	15131	6	17754	7	17095	8	13383	9	8881	10	5342	11	2605	12	1180	13	505	14	197	15	59	16	11
959	1	195	2	1234	3	4174	4	9127	5	14109	6	17386	7	17528	8	14399	9	10147	10	6081	11	3211	12	1428	13	648	14	211	15	76	16	34	17	10	18	2
960	1	291	2	1348	3	4033	4	8275	5	13023	6	16414	7	17004	8	14560	9	10900	10	6887	11	3938	12	1944	13	889	14	330	15	114	16	41	17	6	18	2	19	1
961	1	117	2	795	3	2691	4	6784	5	11798	6	15622	7	17241	8	15701	9	12131	10	8098	11	4700	12	2426	13	1138	14	456	15	207	16	69	17	17	18	7	19	2
962	1	146	2	950	3	2926	4	6261	5	10823	6	14782	7	16616	8	15972	9	12498	10	8659	11	5327	12	2795	13	1348	14	571	15	209	16	87	17	21	18	7	19	2
963	1	79	2	523	3	2022	4	5228	5	9915	6	14174	7	16216	8	16315	9	13479	10	9830	11	6115	12	3259	13	1696	14	720	15	277	16	107	17	29	18	13	19	1	21	1	23	1
964	1	108	2	600	3	1966	4	4620	5	8554	6	12560	7	15510	8	15975	9	14203	10	10731	11	6953	12	4180	13	2259	14	1081	15	451	16	161	17	62	18	20	19	5	20	1
965	1	33	2	289	3	1166	4	3347	5	6771	6	11331	7	14674	8	16148	9	14920	10	12158	11	8492	12	5232	13	2905	14	1484	15	643	16	271	17	84	18	43	19	5	20	2	21	2
966	1	71	2	421	3	1337	4	3287	5	6296	6	9956	7	13660	8	15537	9	15065	10	12668	11	9304	12	5824	13	3406	14	1815	15	813	16	345	17	118	18	47	19	24	20	2	21	3	23	1
967	1	13	2	150	3	662	4	2069	5	4814	6	8720	7	12639	8	15290	9	15586	10	13568	11	10417	12	7288	13	4370	14	2387	15	1199	16	507	17	196	18	82	19	29	20	9	21	2	22	3
968	1	61	2	311	3	998	4	2490	5	5132	6	8305	7	11942	8	14222	9	14776	10	13351	11	10813	12	7625	13	4744	14	2717	15	1403	16	672	17	264	18	130	19	32	20	6	21	4	23	1	24	1
969	1	6	2	81	3	415	4	1439	5	3432	6	6737	7	10585	8	13642	9	15323	10	14316	11	12143	12	9146	13	5886	14	3517	15	1784	16	888	17	388	18	175	19	72	20	14	21	9	22	2
970	1	25	2	139	3	492	4	1311	5	2985	6	5666	7	9002	8	12123	9	14275	10	14646	11	13081	12	10034	13	7202	14	4395	15	2449	16	1248	17	541	18	227	19	110	20	29	21	10	22	8	23	2
971	1	7	2	37	3	233	4	813	5	2218	6	4543	7	7868	8	11418	9	13755	10	14896	11	13449	12	11212	13	8104	14	5248	15	3153	16	1698	17	769	18	343	19	148	20	53	21	17	22	13	23	4	24	1
972	1	23	2	115	3	401	4	989	5	2135	6	4199	7	6906	8	9952	9	12508	10	14070	11	13725	12	11748	13	9058	14	6102	15	3848	16	2241	17	1107	18	497	19	236	20	80	21	37	22	18	23	4	25	1
973	1	1	2	14	3	74	4	386	5	1124	6	2727	7	5396	8	8602	9	11870	10	13947	11	14120	12	13000	13	10445	14	7667	15	4858	16	2921	17	1552	18	760	19	315	20	141	21	50	22	20	23	6	24	4
974	1	8	2	74	3	250	4	621	5	1305	6	2618	7	4595	8	7316	9	10214	10	12618	11	13751	12	13304	13	11188	14	8474	15	6056	16	3621	17	2059	18	1089	19	487	20	207	21	92	22	40	23	8	24	4	27	1
975	2	19	3	65	4	246	5	782	6	1735	7	3660	8	6405	9	9387	10	12269	11	13764	12	13482	13	12043	14	9466	15	6856	16	4386	17	2708	18	1467	19	697	20	326	21	144	22	60	23	22	24	7	25	2	26	2
976	1	21	2	74	3	185	4	458	5	1017	6	1948	7	3415	8	5500	9	8228	10	10794	11	12724	12	12890	13	12200	14	10360	15	7762	16	5341	17	3364	18	1921	19	989	20	445	21	226	22	82	23	30	24	19	25	5	26	1	27	1
977	2	1	3	31	4	89	5	370	6	1042	7	2318	8	4393	9	7040	10	9867	11	12239	12	13185	13	13010	14	11547	15	8983	16	6609	17	4139	18	2507	19	1391	20	706	21	321	22	140	23	37	24	21	25	8	26	4	27	1	29	1
978	1	1	2	12	3	88	4	283	5	604	6	1085	7	1956	8	3367	9	5447	10	8126	11	10811	12	12163	13	13052	14	12213	15	10262	16	7676	17	5478	18	3428	19	1991	20	1036	21	518	22	241	23	93	24	42	25	17	26	7	27	2	29	1
979	2	3	3	15	4	28	5	182	6	468	7	1125	8	2328	9	4424	10	6787	11	9448	12	11720	13	13062	14	12694	15	11421	16	9161	17	6805	18	4534	19	2724	20	1571	21	837	22	387	23	158	24	79	25	31	26	4	27	4
980	2	30	3	76	4	221	5	437	6	775	7	1440	8	2411	9	3878	10	5959	11	8308	12	10453	13	12029	14	12449	15	11469	16	9929	17	7422	18	5306	19	3364	20	2010	21	1079	22	518	23	258	24	107	25	40	26	19	27	9	28	2	29	2
981	2	1	3	4	4	31	5	90	6	340	7	732	8	1543	9	2870	10	4982	11	7413	12	9661	13	11858	14	12639	15	12325	16	10769	17	8705	18	6280	19	4213	20	2597	21	1469	22	797	23	391	24	183	25	62	26	26	27	8	28	6	29	3	30	1	31	1
982	1	1	2	5	3	41	4	92	5	271	6	457	7	844	8	1323	9	2205	10	3515	11	5419	12	7813	13	10124	14	11523	15	12470	16	11642	17	10076	18	7741	19	5867	20	3828	21	2297	22	1243	23	640	24	327	25	136	26	60	27	26	28	10	29	3	30	1
983	3	2	4	21	5	44	6	134	7	339	8	839	9	1730	10	3070	11	4988	12	7096	13	9374	14	11085	15	12167	16	12026	17	10804	18	8704	19	6680	20	4554	21	2912	22	1639	23	941	24	477	25	200	26	98	27	52	28	16	29	6	30	1	31	1
984	1	10	2	13	3	65	4	115	5	226	6	413	7	678	8	1077	9	1633	10	2664	11	4015	12	5942	13	8092	14	10008	15	11482	16	11582	17	11105	18	9571	19	7535	20	5293	21	3539	22	2327	23	1278	24	735	25	335	26	159	27	74	28	23	29	8	30	2	31	1
985	4	3	5	7	6	27	7	87	8	242	9	602	10	1299	11	2547	12	4011	13	6108	14	8571	15	10320	16	11795	17	12069	18	11305	19	9672	20	7661	21	5405	22	3575	23	2198	24	1237	25	653	26	345	27	148	28	71	29	19	30	16	31	6	35	1
986	1	1	2	3	3	7	4	37	5	96	6	236	7	398	8	632	9	898	10	1426	11	2071	12	3264	13	5146	14	7154	15	9378	16	10590	17	11442	18	11170	19	10327	20	8371	21	6350	22	4462	23	2900	24	1736	25	960	26	528	27	236	28	109	29	47	30	18	31	3	32	4
987	4	3	5	9	6	27	7	58	8	206	9	460	10	886	11	1690	12	2844	13	4277	14	6306	15	8155	16	10098	17	11095	18	11397	19	10761	20	9237	21	7507	22	5621	23	3874	24	2439	25	1492	26	830	27	424	28	169	29	88	30	32	31	11	32	3	33	1
988	1	2	2	5	3	23	4	43	5	90	6	180	7	274	8	452	9	704	10	1015	11	1476	12	2099	13	3083	14	4669	15	6352	16	8298	17	9954	18	10839	19	11061	20	10042	21	8717	22	7071	23	5052	24	3619	25	2262	26	1259	27	705	28	372	29	169	30	65	31	22	32	13	33	11	34	1	35	1
989	4	1	5	1	6	7	7	35	8	75	9	177	10	394	11	793	12	1508	13	2549	14	3897	15	5628	16	7499	17	9244	18	10396	19	11249	20	10780	21	9745	22	8078	23	6199	24	4601	25	3049	26	1857	27	1093	28	579	29	293	30	153	31	67	32	35	33	12	34	5	35	1
990	2	2	3	3	4	15	5	27	6	86	7	189	8	346	9	470	10	617	11	812	12	1194	13	1645	14	2646	15	3895	16	5626	17	7521	18	9395	19	10604	20	10927	21	10435	22	9365	23	7577	24	5946	25	4171	26	2807	27	1726	28	975	29	514	30	247	31	126	32	62	33	19	34	4	35	4	37	2
991	6	2	7	5	8	25	9	72	10	163	11	351	12	620	13	1177	14	1954	15	3085	16	4624	17	6351	18	8106	19	9578	20	10600	21	10892	22	10229	23	9095	24	7348	25	5657	26	4001	27	2598	28	1618	29	864	30	503	31	261	32	132	33	44	34	31	35	7	36	4	37	3
992	2	6	3	18	4	37	5	75	6	98	7	152	8	254	9	362	10	511	11	748	12	907	13	1309	14	1794	15	2642	16	3776	17	4937	18	6595	19	8239	20	9384	21	10196	22	10129	23	9469	24	8023	25	6550	26	5015	27	3497	28	2271	29	1386	30	808	31	415	32	222	33	101	34	47	35	13	36	10	37	3	38	1
993	7	3	8	13	9	41	10	104	11	173	12	353	13	607	14	1017	15	1780	16	2720	17	4133	18	5579	19	7223	20	8625	21	9851	22	10460	23	10207	24	9460	25	8008	26	6487	27	4867	28	3341	29	2173	30	1280	31	743	32	381	33	210	34	97	35	31	36	22	37	8	38	2	40	1
994	3	1	4	5	5	17	6	35	7	88	8	157	9	246	10	358	11	478	12	571	13	699	14	841	15	1170	16	1662	17	2590	18	3939	19	5412	20	6918	21	8599	22	9884	23	10262	24	10084	25	9245	26	7950	27	6141	28	4544	29	3350	30	2120	31	1254	32	686	33	345	34	190	35	95	36	44	37	10	38	7	39	1	41	1	42	1
995	7	1	8	11	9	13	10	40	11	98	12	174	13	339	14	559	15	944	16	1508	17	2400	18	3321	19	4457	20	6002	21	7413	22	8794	23	9649	24	9976	25	9851	26	8731	27	7605	28	6024	29	4464	30	3085	31	1931	32	1211	33	670	34	391	35	197	36	78	37	41	38	18	39	4
996	2	3	3	4	4	9	5	33	6	44	7	67	8	88	9	164	10	255	11	367	12	521	13	594	14	777	15	934	16	1214	17	1696	18	2393	19	3274	20	4482	21	5844	22	7326	23	8573	24	9269	25	9653	26	9268	27	8618	28	7182	29	5752	30	4268	31	2907	32	2002	33	1131	34	630	35	342	36	184	37	71	38	36	39	15	40	6	41	3	43	1
997	6	1	7	1	8	1	9	10	10	7	11	29	12	63	13	124	14	227	15	424	16	690	17	1139	18	1691	19	2510	20	3662	21	4895	22	6303	23	7582	24	8846	25	9731	26	9898	27	9393	28	8446	29	7186	30	5786	31	4171	32	2939	33	1833	34	1100	35	652	36	335	37	174	38	92	39	35	40	16	41	5	42	1	43	1	44	1
998	5	3	6	16	7	44	8	65	9	124	10	194	11	276	12	378	13	459	14	551	15	598	16	648	17	830	18	1124	19	1641	20	2473	21	3501	22	4664	23	6117	24	7458	25	8636	26	9370	27	9691	28	9283	29	8283	30	6962	31	5431	32	4161	33	2834	34	1846	35	1102	36	586	37	341	38	175	39	77	40	37	41	14	42	5	43	2
999	9	3	10	10	11	22	12	56	13	76	14	131	15	278	16	407	17	658	18	1067	19	1507	20	2166	21	3008	22	3956	23	5178	24	6413	25	7708	26	8669	27	9251	28	9424	29	9102	30	8107	31	6836	32	5331	33	4013	34	2651	35	1787	36	1024	37	595	38	288	39	148	40	67	41	40	42	12	43	8	44	1	45	2
1000	1	3	2	2	3	9	4	19	5	20	6	36	7	44	8	73	9	92	10	145	11	218	12	277	13	403	14	497	15	519	16	687	17	765	18	894	19	1178	20	1564	21	2135	22	2981	23	3994	24	4975	25	6276	26	7490	27	8427	28	8959	29	9109	30	8852	31	7763	32	6457	33	4952	34	3758	35	2543	36	1645	37	1012	38	605	39	329	40	157	41	71	42	40	43	15	44	9	45	1
