1	1	100000
2	1	100000
3	1	100000
4	1	100000
5	1	100000
6	1	100000
7	1	100000
8	1	100000
9	1	100000
10	1	100000
11	1	100000
12	1	100000
13	1	100000
14	1	100000
15	1	100000
16	1	100000
17	1	100000
18	1	100000
19	1	100000
20	1	100000
21	1	100000
22	1	100000
23	1	100000
24	1	100000
25	1	100000
26	1	100000
27	1	100000
28	1	100000
29	1	100000
30	1	100000
31	1	100000
32	1	100000
33	1	100000
34	1	100000
35	1	100000
36	1	100000
37	1	100000
38	1	100000
39	1	100000
40	1	100000
41	1	100000
42	1	100000
43	1	100000
44	1	100000
45	1	100000
46	1	100000
47	1	100000
48	1	100000
49	1	100000
50	1	100000
51	1	100000
52	1	100000
53	1	100000
54	1	100000
55	1	100000
56	1	100000
57	1	100000
58	1	100000
59	1	100000
60	1	100000
61	1	100000
62	1	100000
63	1	100000
64	1	100000
65	1	100000
66	1	100000
67	1	100000
68	1	100000
69	1	100000
70	1	100000
71	1	100000
72	1	100000
73	1	100000
74	1	100000
75	1	100000
76	1	100000
77	1	100000
78	1	100000
79	1	100000
80	1	100000
81	1	100000
82	1	100000
83	1	100000
84	1	100000
85	1	100000
86	1	100000
87	1	100000
88	1	100000
89	1	100000
90	1	100000
91	1	100000
92	1	100000
93	1	100000
94	1	100000
95	1	100000
96	1	100000
97	1	100000
98	1	100000
99	1	100000
100	1	100000
101	1	100000
102	1	100000
103	1	100000
104	1	100000
105	1	100000
106	1	100000
107	1	100000
108	1	100000
109	1	100000
110	1	100000
111	1	100000
112	1	100000
113	1	100000
114	1	100000
115	1	100000
116	1	100000
117	1	100000
118	1	100000
119	1	100000
120	1	100000
121	1	100000
122	1	100000
123	1	100000
124	1	100000
125	1	100000
126	1	100000
127	1	100000
128	1	100000
129	1	100000
130	1	100000
131	1	100000
132	1	100000
133	1	100000
134	1	100000
135	1	100000
136	1	100000
137	1	100000
138	1	100000
139	1	100000
140	1	100000
141	1	100000
142	1	100000
143	1	100000
144	1	100000
145	1	100000
146	1	100000
147	1	100000
148	1	100000
149	1	100000
150	1	100000
151	1	100000
152	1	100000
153	1	100000
154	1	100000
155	1	100000
156	1	100000
157	1	100000
158	1	100000
159	1	100000
160	1	100000
161	1	100000
162	1	100000
163	1	100000
164	1	100000
165	1	100000
166	1	100000
167	1	100000
168	1	100000
169	1	100000
170	1	100000
171	1	100000
172	1	100000
173	1	100000
174	1	100000
175	1	100000
176	1	100000
177	1	100000
178	1	100000
179	1	100000
180	1	100000
181	1	100000
182	1	100000
183	1	100000
184	1	100000
185	1	100000
186	1	100000
187	1	100000
188	1	100000
189	1	100000
190	1	100000
191	1	100000
192	1	100000
193	1	100000
194	1	100000
195	1	100000
196	1	100000
197	1	100000
198	1	100000
199	1	100000
200	1	100000
201	1	100000
202	1	100000
203	1	100000
204	1	100000
205	1	100000
206	1	100000
207	1	100000
208	1	100000
209	1	100000
210	1	100000
211	1	100000
212	1	100000
213	1	100000
214	1	100000
215	1	100000
216	1	100000
217	1	100000
218	1	100000
219	1	100000
220	1	100000
221	1	100000
222	1	100000
223	1	100000
224	1	100000
225	1	100000
226	1	100000
227	1	100000
228	1	100000
229	1	100000
230	1	100000
231	1	100000
232	1	100000
233	1	100000
234	1	100000
235	1	100000
236	1	100000
237	1	100000
238	1	100000
239	1	100000
240	1	100000
241	1	100000
242	1	100000
243	1	100000
244	1	100000
245	1	100000
246	1	100000
247	1	100000
248	1	100000
249	1	100000
250	1	100000
251	1	100000
252	1	100000
253	1	100000
254	1	100000
255	1	100000
256	1	100000
257	1	100000
258	1	100000
259	1	100000
260	1	100000
261	1	100000
262	1	100000
263	1	100000
264	1	100000
265	1	100000
266	1	100000
267	1	100000
268	1	100000
269	1	100000
270	1	100000
271	1	100000
272	1	100000
273	1	100000
274	1	100000
275	1	100000
276	1	100000
277	1	100000
278	1	100000
279	1	100000
280	1	100000
281	1	100000
282	1	100000
283	1	100000
284	1	100000
285	1	100000
286	1	100000
287	1	100000
288	1	100000
289	1	100000
290	1	100000
291	1	100000
292	1	100000
293	1	100000
294	1	100000
295	1	100000
296	1	100000
297	1	100000
298	1	100000
299	1	100000
300	1	100000
301	1	100000
302	1	100000
303	1	100000
304	1	100000
305	1	100000
306	1	100000
307	1	100000
308	1	100000
309	1	100000
310	1	100000
311	1	100000
312	1	100000
313	1	100000
314	1	100000
315	1	100000
316	1	100000
317	1	100000
318	1	100000
319	1	100000
320	1	100000
321	1	100000
322	1	100000
323	1	100000
324	1	100000
325	1	100000
326	1	100000
327	1	100000
328	1	100000
329	1	100000
330	1	100000
331	1	100000
332	1	100000
333	1	100000
334	1	100000
335	1	100000
336	1	100000
337	1	100000
338	1	100000
339	1	100000
340	1	100000
341	1	100000
342	1	100000
343	1	100000
344	1	100000
345	1	100000
346	1	100000
347	1	100000
348	1	100000
349	1	100000
350	1	100000
351	1	100000
352	1	100000
353	1	100000
354	1	100000
355	1	100000
356	1	100000
357	1	100000
358	1	100000
359	1	100000
360	1	100000
361	1	100000
362	1	100000
363	1	100000
364	1	100000
365	1	100000
366	1	100000
367	1	100000
368	1	100000
369	1	100000
370	1	100000
371	1	100000
372	1	100000
373	1	100000
374	1	100000
375	1	100000
376	1	100000
377	1	100000
378	1	100000
379	1	100000
380	1	100000
381	1	100000
382	1	100000
383	1	100000
384	1	100000
385	1	100000
386	1	100000
387	1	100000
388	1	100000
389	1	100000
390	1	100000
391	1	100000
392	1	100000
393	1	100000
394	1	100000
395	1	100000
396	1	100000
397	1	100000
398	1	100000
399	1	100000
400	1	100000
401	1	100000
402	1	100000
403	1	100000
404	1	100000
405	1	100000
406	1	100000
407	1	100000
408	1	100000
409	1	100000
410	1	100000
411	1	100000
412	1	100000
413	1	100000
414	1	100000
415	1	100000
416	1	100000
417	1	100000
418	1	100000
419	1	100000
420	1	100000
421	1	100000
422	1	100000
423	1	100000
424	1	100000
425	1	100000
426	1	100000
427	1	100000
428	1	100000
429	1	100000
430	1	100000
431	1	100000
432	1	100000
433	1	100000
434	1	100000
435	1	100000
436	1	100000
437	1	100000
438	1	100000
439	1	100000
440	1	100000
441	1	100000
442	1	100000
443	1	100000
444	1	100000
445	1	100000
446	1	100000
447	1	100000
448	1	100000
449	1	100000
450	1	100000
451	1	100000
452	1	100000
453	1	100000
454	1	100000
455	1	100000
456	1	100000
457	1	100000
458	1	100000
459	1	100000
460	1	100000
461	1	100000
462	1	100000
463	1	100000
464	1	100000
465	1	100000
466	1	100000
467	1	100000
468	1	100000
469	1	100000
470	1	100000
471	1	100000
472	1	100000
473	1	100000
474	1	100000
475	1	100000
476	1	100000
477	1	100000
478	1	100000
479	1	100000
480	1	100000
481	1	100000
482	1	100000
483	1	100000
484	1	100000
485	1	100000
486	1	100000
487	1	100000
488	1	100000
489	1	100000
490	1	100000
491	1	100000
492	1	100000
493	1	100000
494	1	100000
495	1	100000
496	1	100000
497	1	100000
498	1	100000
499	1	100000
500	1	100000
501	1	12358	2	87642
502	1	23225	2	76775
503	1	32685	2	67315
504	1	41202	2	58798
505	1	48479	2	51521
506	1	54753	2	45247
507	1	60292	2	39708
508	1	65148	2	34852
509	1	69454	2	30546
510	1	73314	2	26686
511	1	76812	2	23188
512	1	79653	2	20347
513	1	82228	2	17772
514	1	84524	2	15476
515	1	86434	2	13566
516	1	87893	2	12107
517	1	89655	2	10345
518	1	90694	2	9306
519	1	92063	2	7937
520	1	92944	2	7056
521	1	93750	2	6250
522	1	94598	2	5402
523	1	95301	2	4699
524	1	95820	2	4180
525	1	96394	2	3606
526	1	96826	2	3174
527	1	97276	2	2724
528	1	97500	2	2500
529	1	97834	2	2166
530	1	98137	2	1863
531	1	98335	2	1665
532	1	98519	2	1481
533	1	98772	2	1228
534	1	98922	2	1078
535	1	99008	2	992
536	1	99185	2	815
537	1	99290	2	710
538	1	99356	2	644
539	1	99419	2	581
540	1	99518	2	482
541	1	99588	2	412
542	1	99601	2	399
543	1	99698	2	302
544	1	99686	2	314
545	1	99755	2	245
546	1	99795	2	205
547	1	99814	2	186
548	1	99841	2	159
549	1	99858	2	142
550	1	99886	2	114
551	1	99894	2	106
552	1	99899	2	101
553	1	99903	2	97
554	1	99916	2	84
555	1	99933	2	67
556	1	99946	2	54
557	1	99950	2	50
558	1	99947	2	53
559	1	99962	2	38
560	1	99967	2	33
561	1	99969	2	31
562	1	99965	2	35
563	1	99990	2	10
564	1	99973	2	27
565	1	99987	2	13
566	1	99983	2	17
567	1	99986	2	14
568	1	99990	2	10
569	1	99989	2	11
570	1	99988	2	12
571	1	99990	2	10
572	1	99994	2	6
573	1	99992	2	8
574	1	99995	2	5
575	1	99994	2	6
576	1	99999	2	1
577	1	99997	2	3
578	1	99997	2	3
579	1	99998	2	2
580	1	99998	2	2
581	1	99996	2	4
582	1	100000
583	1	99998	2	2
584	1	99999	2	1
585	1	100000
586	1	99998	2	2
587	1	99999	2	1
588	1	99998	2	2
589	1	100000
590	1	99998	2	2
591	1	100000
592	1	100000
593	1	100000
594	1	100000
595	1	99999	2	1
596	1	100000
597	1	100000
598	1	99999	2	1
599	1	100000
600	1	100000
601	1	100000
602	1	99998	2	2
603	1	100000
604	1	100000
605	1	100000
606	1	100000
607	1	100000
608	1	100000
609	1	100000
610	1	100000
611	1	100000
612	1	100000
613	1	99999	2	1
614	1	99997	2	3
615	1	100000
616	1	99999	2	1
617	1	100000
618	1	100000
619	1	100000
620	1	99999	2	1
621	1	99999	2	1
622	1	100000
623	1	99999	2	1
624	1	99999	2	1
625	1	100000
626	1	99999	2	1
627	1	100000
628	1	100000
629	1	100000
630	1	100000
631	1	99998	2	2
632	1	100000
633	1	100000
634	1	99999	2	1
635	1	99997	2	3
636	1	99999	2	1
637	1	99999	2	1
638	1	99999	2	1
639	1	99998	2	2
640	1	100000
641	1	99998	2	2
642	1	99999	2	1
643	1	99999	2	1
644	1	100000
645	1	99998	2	2
646	1	100000
647	1	99998	2	2
648	1	100000
649	1	99999	2	1
650	1	99999	2	1
651	1	99994	2	6
652	1	99997	2	3
653	1	99997	2	3
654	1	99995	2	5
655	1	99999	2	1
656	1	99997	2	3
657	1	99997	2	3
658	1	99998	2	2
659	1	99995	2	5
660	1	99993	2	7
661	1	99993	2	7
662	1	99993	2	7
663	1	99992	2	8
664	1	99990	2	10
665	1	99994	2	6
666	1	99988	2	12
667	1	99997	2	3
668	1	99987	2	13
669	1	99998	2	2
670	1	99998	2	2
671	1	99998	2	2
672	1	99993	2	7
673	1	99996	2	4
674	1	99992	2	8
675	1	99997	2	3
676	1	99993	2	7
677	1	99992	2	8
678	1	99996	2	4
679	1	99991	2	9
680	1	99986	2	14
681	1	99996	2	4
682	1	99992	2	8
683	1	99992	2	8
684	1	99984	2	16
685	1	99993	2	7
686	1	99991	2	9
687	1	99991	2	9
688	1	99986	2	14
689	1	99991	2	9
690	1	99992	2	8
691	1	99989	2	11
692	1	99977	2	23
693	1	99986	2	14
694	1	99986	2	14
695	1	99988	2	12
696	1	99976	2	24
697	1	99980	2	20
698	1	99984	2	16
699	1	99983	2	17
700	1	99979	2	21
701	1	99983	2	17
702	1	99982	2	18
703	1	99982	2	18
704	1	99970	2	30
705	1	99973	2	27
706	1	99979	2	21
707	1	99967	2	33
708	1	99970	2	30
709	1	99968	2	32
710	1	99977	2	23
711	1	99978	2	22
712	1	99958	2	42
713	1	99976	2	24
714	1	99966	2	34
715	1	99955	2	45
716	1	99952	2	48
717	1	99960	2	40
718	1	99959	2	41
719	1	99962	2	38
720	1	99926	2	74
721	1	99954	2	46
722	1	99947	2	53
723	1	99948	2	52
724	1	99924	2	76
725	1	99941	2	59
726	1	99943	2	57
727	1	99937	2	63
728	1	99945	2	55
729	1	99939	2	61
730	1	99944	2	56
731	1	99938	2	62
732	1	99924	2	75	3	1
733	1	99927	2	73
734	1	99924	2	75	3	1
735	1	99909	2	91
736	1	99870	2	130
737	1	99925	2	75
738	1	99909	2	91
739	1	99886	2	114
740	1	99860	2	140
741	1	99887	2	113
742	1	99883	2	117
743	1	99895	2	105
744	1	99854	2	146
745	1	99837	2	163
746	1	99864	2	136
747	1	99854	2	146
748	1	99838	2	162
749	1	99839	2	161
750	1	99841	2	158	3	1
751	1	99549	2	450	3	1
752	1	99588	2	411	3	1
753	1	99562	2	438
754	1	99575	2	425
755	1	99524	2	476
756	1	99598	2	401	3	1
757	1	99636	2	364
758	1	99586	2	412	3	2
759	1	99587	2	413
760	1	99590	2	410
761	1	99605	2	395
762	1	99629	2	371
763	1	99566	2	432	3	2
764	1	99573	2	427
765	1	99560	2	439	3	1
766	1	99572	2	427	3	1
767	1	99528	2	471	3	1
768	1	99452	2	547	3	1
769	1	99498	2	500	3	2
770	1	99557	2	442	3	1
771	1	99488	2	512
772	1	99478	2	521	3	1
773	1	99386	2	614
774	1	99390	2	606	3	4
775	1	99384	2	614	3	2
776	1	99403	2	595	3	2
777	1	99354	2	645	3	1
778	1	99365	2	634	3	1
779	1	99334	2	663	3	3
780	1	99201	2	795	3	4
781	1	99268	2	727	3	5
782	1	99152	2	846	3	2
783	1	99206	2	790	3	4
784	1	99107	2	889	3	4
785	1	99242	2	755	3	3
786	1	98964	2	1031	3	5
787	1	99027	2	970	3	3
788	1	99065	2	931	3	4
789	1	98983	2	1016	3	1
790	1	98851	2	1148	3	1
791	1	98855	2	1134	3	11
792	1	98668	2	1322	3	10
793	1	98771	2	1223	3	6
794	1	98631	2	1355	3	14
795	1	98614	2	1376	3	10
796	1	98510	2	1484	3	6
797	1	98398	2	1589	3	13
798	1	98220	2	1768	3	12
799	1	98235	2	1743	3	22
800	1	98443	2	1536	3	21
801	1	98501	2	1485	3	14
802	1	98441	2	1548	3	11
803	1	98437	2	1549	3	14
804	1	98339	2	1650	3	11
805	1	98138	2	1846	3	16
806	1	98049	2	1930	3	21
807	1	97901	2	2082	3	17
808	1	97855	2	2122	3	23
809	1	97776	2	2195	3	29
810	1	97748	2	2229	3	23
811	1	97561	2	2411	3	28
812	1	97449	2	2518	3	33
813	1	97219	2	2738	3	43
814	1	97058	2	2903	3	38	4	1
815	1	97197	2	2769	3	33	5	1
816	1	96796	2	3155	3	48	4	1
817	1	96816	2	3132	3	52
818	1	96730	2	3221	3	49
819	1	96444	2	3502	3	52	4	2
820	1	96504	2	3446	3	50
821	1	96222	2	3700	3	77	4	1
822	1	95989	2	3926	3	85
823	1	95745	2	4157	3	98
824	1	95773	2	4131	3	94	4	2
825	1	95557	2	4359	3	81	4	3
826	1	95607	2	4297	3	94	4	2
827	1	95288	2	4591	3	120	4	1
828	1	95105	2	4773	3	121	4	1
829	1	94913	2	4960	3	124	4	2	5	1
830	1	94454	2	5412	3	133	4	1
831	1	94600	2	5260	3	135	4	5
832	1	94192	2	5668	3	139	4	1
833	1	94020	2	5800	3	179	4	1
834	1	93212	2	6555	3	232	4	1
835	1	93224	2	6558	3	218
836	1	92648	2	7098	3	251	4	3
837	1	92613	2	7171	3	211	4	5
838	1	92292	2	7430	3	272	4	6
839	1	92395	2	7295	3	304	4	6
840	1	91836	2	7862	3	294	4	8
841	1	91698	2	7984	3	305	4	13
842	1	90265	2	9288	3	439	4	8
843	1	91250	2	8349	3	383	4	18
844	1	90757	2	8781	3	443	4	19
845	1	90365	2	9196	3	425	4	14
846	1	89869	2	9609	3	505	4	16	5	1
847	1	89599	2	9803	3	579	4	18	5	1
848	1	88447	2	10888	3	635	4	29	5	1
849	1	88549	2	10772	3	658	4	21
850	1	88234	2	11089	3	644	4	32	5	1
851	1	87526	2	11705	3	738	4	31
852	1	86866	2	12254	3	839	4	39	5	1	6	1
853	1	86785	2	12339	3	836	4	38	5	2
854	1	85905	2	13103	3	952	4	40
855	1	84983	2	13944	3	1016	4	55	5	2
856	1	83931	2	14777	3	1212	4	77	5	3
857	1	83267	2	15287	3	1378	4	67	5	1
858	1	86673	2	12366	3	913	4	47	5	1
859	1	84838	2	13841	3	1251	4	68	5	1	6	1
860	1	84597	2	14151	3	1198	4	48	5	5	6	1
861	1	83486	2	15120	3	1306	4	84	5	3	6	1
862	1	82641	2	15783	3	1480	4	91	5	5
863	1	81112	2	17058	3	1703	4	124	5	3
864	1	80966	2	17149	3	1737	4	141	5	6	6	1
865	1	80747	2	17294	3	1831	4	122	5	6
866	1	79544	2	18210	3	2081	4	154	5	11
867	1	78523	2	19135	3	2162	4	170	5	8	6	2
868	1	77610	2	19758	3	2446	4	178	5	8
869	1	77351	2	19871	3	2552	4	206	5	19	6	1
870	1	76852	2	20302	3	2606	4	224	5	15	7	1
871	1	76100	2	20820	3	2844	4	225	5	10	6	1
872	1	74813	2	21865	3	3010	4	293	5	18	6	1
873	1	74435	2	22086	3	3133	4	317	5	25	6	4
874	1	72891	2	23190	3	3543	4	349	5	25	6	2
875	1	72539	2	23443	3	3648	4	333	5	37
876	1	69749	2	25249	3	4440	4	514	5	46	6	2
877	1	68633	2	26064	3	4720	4	531	5	48	6	3	7	1
878	1	66893	2	27191	3	5219	4	646	5	49	6	2
879	1	67199	2	26897	3	5215	4	638	5	46	6	4	8	1
880	1	65855	2	27605	3	5688	4	778	5	68	6	6
881	1	64981	2	28251	3	5930	4	767	5	65	6	6
882	1	65179	2	28061	3	5847	4	841	5	67	6	5
883	1	63340	2	29265	3	6411	4	894	5	82	6	7	7	1
884	1	61892	2	29923	3	7032	4	1025	5	119	6	7	7	2
885	1	60431	2	30635	3	7583	4	1215	5	131	6	5
886	1	59724	2	31076	3	7701	4	1333	5	155	6	11
887	1	58329	2	31854	3	8233	4	1398	5	177	6	8	7	1
888	1	55792	2	33030	3	9209	4	1727	5	210	6	28	7	4
889	1	59009	2	31122	3	8198	4	1465	5	185	6	19	7	2
890	1	57122	2	31968	3	8999	4	1649	5	221	6	39	7	2
891	1	54722	2	32981	3	9908	4	2076	5	289	6	22	7	1	8	1
892	1	54677	2	33164	3	9931	4	1931	5	266	6	25	7	6
893	1	51544	2	34171	3	11480	4	2406	5	343	6	49	7	5	8	2
894	1	51455	2	34223	3	11411	4	2506	5	356	6	45	7	3	8	1
895	1	49696	2	34832	3	12235	4	2694	5	478	6	56	7	9
896	1	48218	2	35091	3	12994	4	3101	5	517	6	64	7	13	8	2
897	1	46589	2	35956	3	13417	4	3359	5	588	6	81	7	10
898	1	46184	2	35765	3	13819	4	3501	5	643	6	75	7	12	8	1
899	1	43691	2	36492	3	14969	4	3976	5	748	6	114	7	9	8	1
900	1	42796	2	36344	3	15671	4	4211	5	827	6	130	7	18	8	3
901	1	40327	2	37295	3	16522	4	4689	5	991	6	158	7	18
902	1	38959	2	37158	3	17195	4	5324	5	1124	6	202	7	32	8	5	9	1
903	1	37637	2	37180	3	17914	4	5734	5	1272	6	227	7	30	8	5	9	1
904	1	36897	2	37160	3	18263	4	5963	5	1388	6	288	7	35	8	5	9	1
905	1	34545	2	37532	3	19430	4	6527	5	1610	6	302	7	48	8	4	9	2
906	1	33457	2	37272	3	19999	4	7067	5	1799	6	348	7	51	8	5	9	2
907	1	32078	2	36856	3	20968	4	7562	5	2024	6	426	7	72	8	13	9	1
908	1	28901	2	36565	3	22540	4	8777	5	2544	6	550	7	99	8	21	9	3
909	1	27996	2	36289	3	22933	4	9298	5	2700	6	634	7	125	8	22	9	3
910	1	30455	2	36274	3	21402	4	8649	5	2472	6	601	7	129	8	14	9	3	10	1
911	1	29153	2	36073	3	22327	4	8942	5	2772	6	598	7	117	8	15	9	3
912	1	26667	2	35332	3	23264	4	10415	5	3273	6	848	7	167	8	30	9	4
913	1	24936	2	34830	3	24246	4	11059	5	3738	6	955	7	198	8	35	9	2	10	1
914	1	24400	2	34737	3	24339	4	11312	5	3936	6	1025	7	208	8	39	9	3	10	1
915	1	22279	2	33846	3	25475	4	12518	5	4329	6	1215	7	281	8	50	9	6	10	1
916	1	21956	2	33820	3	25188	4	12707	5	4664	6	1291	7	305	8	53	9	15	10	1
917	1	19870	2	32689	3	26248	4	13868	5	5203	6	1625	7	394	8	88	9	14	10	1
918	1	18277	2	31240	3	26794	4	15048	5	6064	6	1937	7	523	8	100	9	16	10	1
919	1	17432	2	31451	3	26945	4	15277	5	6269	6	1983	7	510	8	109	9	15	10	8	11	1
920	1	16313	2	30118	3	27039	4	16268	5	6997	6	2390	7	678	8	159	9	30	10	5	11	3
921	1	14531	2	28699	3	27795	4	17352	5	7790	6	2811	7	813	8	167	9	35	10	6	11	1
922	1	13629	2	27685	3	27723	4	17910	5	8609	6	3140	7	971	8	258	9	60	10	12	11	3
923	1	12211	2	26708	3	27836	4	18752	5	9345	6	3670	7	1105	8	299	9	58	10	12	11	4
924	1	14173	2	27389	3	27385	4	17865	5	8589	6	3262	7	1014	8	252	9	62	10	6	11	3
925	1	11653	2	25354	3	27537	4	19538	5	10020	6	4114	7	1292	8	382	9	88	10	17	11	5
926	1	10795	2	24117	3	26898	4	20094	5	11122	6	4742	7	1647	8	449	9	117	10	16	11	3
927	1	9771	2	23000	3	27392	4	20907	5	11494	6	5014	7	1763	8	522	9	108	10	26	11	3
928	1	9139	2	22044	3	26465	4	21179	5	12342	6	5844	7	2118	8	638	9	165	10	57	11	7	12	2
929	1	7798	2	20817	3	26391	4	21931	5	13309	6	6318	7	2423	8	768	9	194	10	41	11	8	12	2
930	1	7389	2	19571	3	25613	4	22180	5	14235	6	6885	7	2852	8	933	9	270	10	60	11	10	12	2
931	1	6207	2	17892	3	25150	4	22858	5	15181	6	7887	7	3291	8	1094	9	340	10	71	11	25	12	3	13	1
932	1	5613	2	16279	3	24231	4	23078	5	16034	6	8806	7	3915	8	1429	9	457	10	119	11	33	12	5	14	1
933	1	4936	2	15456	3	23438	4	23393	5	16801	6	9246	7	4390	8	1618	9	516	10	160	11	40	12	6
934	1	5385	2	15818	3	23787	4	22968	5	16389	6	9186	7	4177	8	1568	9	513	10	160	11	43	12	6
935	1	4257	2	13647	3	21960	4	23172	5	17816	6	10880	7	5178	8	2099	9	740	10	180	11	54	12	13	13	3	15	1
936	1	4382	2	13730	3	21957	4	22863	5	17888	6	10747	7	5232	8	2137	9	757	10	228	11	56	12	19	13	3	14	1
937	1	3288	2	11814	3	20572	4	23235	5	19027	6	11959	7	6083	8	2680	9	933	10	294	11	87	12	20	13	5	14	3
938	1	2937	2	10383	3	18884	4	22440	5	19598	6	13263	7	7189	8	3385	9	1307	10	439	11	132	12	27	13	13	14	3
939	1	2389	2	9343	3	17997	4	22250	5	19990	6	14095	7	8039	8	3691	9	1481	10	521	11	152	12	41	13	9	14	1	16	1
940	1	2312	2	8799	3	16609	4	21507	5	19891	6	14621	7	8919	8	4428	9	1909	10	703	11	217	12	68	13	10	14	5	15	2
941	1	1590	2	6998	3	14937	4	20592	5	20628	6	16259	7	10037	8	5327	9	2307	10	907	11	290	12	98	13	22	14	5	15	2	16	1
942	1	1829	2	7535	3	15264	4	20543	5	20404	6	15643	7	9941	8	5084	9	2392	10	901	11	327	12	104	13	28	14	3	15	2
943	1	1305	2	5951	3	13682	4	19396	5	20491	6	16894	7	11288	8	6178	9	2957	10	1234	11	436	12	133	13	35	14	14	15	5	16	1
944	1	1453	2	5984	3	12855	4	18589	5	20111	6	17071	7	11676	8	6798	9	3308	10	1364	11	538	12	186	13	48	14	16	15	2	16	1
945	1	933	2	4527	3	11065	4	17551	5	20152	6	18080	7	13107	8	7744	9	3991	10	1774	11	734	12	235	13	71	14	27	15	8	16	1
946	1	913	2	4424	3	10308	4	16467	5	19443	6	18187	7	13648	8	8572	9	4523	10	2126	11	923	12	303	13	120	14	36	15	6	16	1
947	1	702	2	3585	3	9394	4	15602	5	19099	6	18891	7	14292	8	9187	9	5134	10	2459	11	1070	12	406	13	126	14	40	15	8	16	4	17	1
948	1	811	2	3678	3	9137	4	15241	5	18871	6	18226	7	14571	8	9668	9	5420	10	2633	11	1106	12	416	13	160	14	43	15	10	16	6	17	2	18	1
949	1	449	2	2457	3	7001	4	13117	5	17874	6	18845	7	15887	8	11570	9	6780	10	3508	11	1623	12	572	13	214	14	81	15	19	16	3
950	1	483	2	2514	3	6907	4	12291	5	17053	6	18369	7	16107	8	11778	9	7429	10	3949	11	1919	12	762	13	305	14	91	15	28	16	12	17	2	18	1
951	1	301	2	1802	3	5632	4	11081	5	16182	6	18290	7	17190	8	12709	9	8307	10	4664	11	2268	12	965	13	406	14	152	15	34	16	13	17	4
952	1	348	2	1896	3	5312	4	10229	5	15067	6	17763	7	16809	8	13558	9	9145	10	5281	11	2630	12	1228	13	476	14	176	15	58	16	14	17	7	19	3
953	1	167	2	1111	3	3964	4	8643	5	13989	6	17480	7	17594	8	14396	9	10370	10	6247	11	3395	12	1557	13	690	14	256	15	95	16	33	17	8	18	4	22	1
954	1	245	2	1250	3	3876	4	8124	5	13000	6	16626	7	17120	8	14819	9	10876	10	6954	11	3924	12	1897	13	800	14	330	15	106	16	34	17	11	18	6	20	1	21	1
955	1	101	2	785	3	2802	4	6647	5	11615	6	15584	7	17295	8	15544	9	12286	10	8274	11	4736	12	2481	13	1128	14	463	15	173	16	58	17	13	18	13	19	2
956	1	150	2	887	3	2828	4	6085	5	10409	6	14561	7	16239	8	15936	9	12847	10	8900	11	5512	12	3131	13	1467	14	662	15	244	16	96	17	37	18	7	19	1	20	1
957	1	60	2	534	3	2043	4	5478	5	9849	6	14277	7	16523	8	15966	9	13503	10	9588	11	6078	12	3282	13	1591	14	743	15	309	16	116	17	31	18	18	19	11
958	1	91	2	623	3	1950	4	4534	5	8521	6	12782	7	15585	8	15889	9	14174	10	10641	11	7106	12	4212	13	2140	14	1065	15	410	16	159	17	83	18	25	19	7	20	2	21	1
959	1	31	2	307	3	1283	4	3591	5	7447	6	11758	7	15060	8	16325	9	14838	10	11549	11	8054	12	4867	13	2659	14	1283	15	573	16	221	17	116	18	25	19	10	20	2	21	1
960	1	78	2	454	3	1448	4	3528	5	6620	6	10567	7	13725	8	15580	9	14833	10	12147	11	8977	12	5673	13	3329	14	1695	15	798	16	348	17	134	18	54	19	9	20	1	21	2
961	1	15	2	173	3	741	4	2437	5	5345	6	9269	7	13069	8	15353	9	15366	10	13210	11	10285	12	6757	13	4042	14	2115	15	1059	16	464	17	187	18	68	19	28	20	12	21	2	22	2	23	1
962	1	50	2	256	3	980	4	2540	5	4997	6	8575	7	12008	8	14804	9	15261	10	13330	11	10770	12	7255	13	4446	14	2527	15	1251	16	577	17	246	18	82	19	29	20	9	21	5	22	1	24	1
963	1	10	2	136	3	573	4	1772	5	4044	6	7880	7	11344	8	14346	9	15172	10	14148	11	11399	12	8085	13	5260	14	2984	15	1565	16	754	17	310	18	151	19	49	20	12	21	5	22	1
964	1	29	2	202	3	644	4	1709	5	3639	6	6404	7	9973	8	12996	9	14541	10	14167	11	12237	12	9294	13	6432	14	3822	15	2076	16	1010	17	493	18	215	19	77	20	19	21	14	22	2	23	5
965	1	8	2	53	3	294	4	1008	5	2542	6	5246	7	8824	8	12063	9	14260	10	14647	11	12944	12	10683	13	7284	14	4763	15	2752	16	1478	17	643	18	330	19	119	20	39	21	15	22	4	23	1
966	1	15	2	126	3	411	4	1112	5	2511	6	4670	7	7623	8	10960	9	13480	10	14384	11	13450	12	11095	13	8197	14	5397	15	3313	16	1731	17	882	18	390	19	145	20	65	21	28	22	8	23	4	24	2	25	1
967	1	1	2	25	3	153	4	565	5	1553	6	3597	7	6452	8	9994	9	12705	10	14171	11	14012	12	12180	13	9317	14	6563	15	4085	16	2359	17	1252	18	591	19	253	20	114	21	44	22	11	23	3
968	1	23	2	116	3	350	4	909	5	1919	6	3659	7	6172	8	8979	9	11907	10	13543	11	13707	12	12126	13	9729	14	6801	15	4558	16	2701	17	1524	18	713	19	323	20	147	21	61	22	21	23	8	24	2	25	1	26	1
969	1	1	2	12	3	83	4	335	5	1021	6	2529	7	4929	8	7870	9	10881	10	13267	11	14024	12	13037	13	11023	14	8121	15	5555	16	3424	17	1945	18	1093	19	475	20	213	21	105	22	37	23	13	24	6	25	1
970	1	7	2	40	3	130	4	483	5	1077	6	2110	7	4016	8	6426	9	9432	10	11854	11	13281	12	13544	13	11912	14	9300	15	6743	16	4364	17	2627	18	1390	19	712	20	302	21	152	22	65	23	22	24	8	25	2	26	1
971	2	4	3	42	4	186	5	565	6	1454	7	3113	8	5634	9	8455	10	11367	11	12962	12	13727	13	12379	14	10300	15	7662	16	5322	17	3234	18	1806	19	957	20	487	21	191	22	94	23	33	24	16	25	3	26	5	29	2
972	1	6	2	36	3	144	4	373	5	774	6	1583	7	2905	8	4907	9	7363	10	9988	11	11850	12	13143	13	12745	14	10819	15	8504	16	6063	17	3930	18	2372	19	1299	20	661	21	302	22	141	23	57	24	21	25	10	26	3	27	1
973	2	4	3	10	4	78	5	239	6	691	7	1844	8	3581	9	6082	10	8753	11	11346	12	12910	13	13244	14	12202	15	9831	16	7473	17	4995	18	3137	19	1857	20	944	21	443	22	192	23	90	24	38	25	11	26	2	27	2	29	1
974	1	2	2	24	3	71	4	233	5	492	6	953	7	1752	8	3040	9	5001	10	7545	11	9977	12	11983	13	12837	14	12307	15	10778	16	8376	17	5953	18	3891	19	2302	20	1316	21	647	22	288	23	142	24	60	25	15	26	13	28	2
975	1	1	2	3	3	10	4	44	5	148	6	460	7	1184	8	2437	9	4188	10	6665	11	9300	12	11470	13	12639	14	12721	15	11578	16	9192	17	6916	18	4711	19	2947	20	1683	21	908	22	417	23	207	24	92	25	54	26	20	27	3	28	1	29	1
976	1	2	2	20	3	85	4	176	5	370	6	722	7	1309	8	2317	9	3713	10	5810	11	7972	12	10315	13	11839	14	12192	15	11613	16	9989	17	7645	18	5549	19	3600	20	2230	21	1269	22	658	23	338	24	165	25	65	26	26	27	8	28	1	29	2
977	2	2	3	4	4	17	5	87	6	232	7	651	8	1440	9	2696	10	4653	11	6944	12	9549	13	11435	14	12363	15	12217	16	10983	17	8887	18	6657	19	4575	20	2964	21	1827	22	932	23	486	24	230	25	100	26	45	27	15	28	6	29	3
978	2	6	3	34	4	108	5	255	6	433	7	773	8	1250	9	2088	10	3589	11	5456	12	7732	13	10011	14	11612	15	12298	16	11583	17	10026	18	8019	19	5815	20	3831	21	2354	22	1342	23	736	24	355	25	160	26	88	27	32	28	8	29	5	30	1
979	4	2	5	27	6	98	7	288	8	652	9	1448	10	2705	11	4426	12	6885	13	8894	14	10938	15	12144	16	12066	17	11049	18	8972	19	6952	20	5060	21	3196	22	2073	23	1098	24	532	25	261	26	133	27	60	28	25	29	9	30	4	31	2	32	1
980	2	12	3	31	4	90	5	172	6	394	7	558	8	964	9	1523	10	2618	11	3879	12	5745	13	7728	14	9775	15	11180	16	11553	17	11263	18	9750	19	7838	20	5576	21	3908	22	2456	23	1447	24	803	25	385	26	224	27	71	28	36	29	12	30	5	31	2	32	2
981	3	1	4	6	5	12	6	62	7	167	8	405	9	897	10	1787	11	3023	12	4960	13	7121	14	9334	15	10990	16	11804	17	11446	18	10458	19	8731	20	6768	21	4771	22	3175	23	1899	24	1080	25	581	26	291	27	141	28	44	29	27	30	14	31	4	32	1
982	1	1	2	2	3	11	4	30	5	102	6	215	7	351	8	599	9	902	10	1243	11	2137	12	3325	13	5068	14	7335	15	9322	16	10995	17	11611	18	11407	19	10127	20	8289	21	6176	22	4366	23	2786	24	1726	25	959	26	480	27	236	28	120	29	43	30	25	31	7	32	1	33	2	34	1
983	3	1	4	3	5	4	6	23	7	92	8	186	9	493	10	967	11	1751	12	3044	13	4740	14	6628	15	8818	16	10321	17	11273	18	11384	19	10474	20	9036	21	7162	22	5212	23	3464	24	2274	25	1264	26	707	27	350	28	188	29	83	30	28	31	17	32	10	33	2	34	1
984	1	3	2	10	3	23	4	58	5	115	6	210	7	331	8	528	9	709	10	1092	11	1603	12	2605	13	3738	14	5542	15	7417	16	9208	17	10473	18	10969	19	10730	20	9661	21	7934	22	6061	23	4265	24	2903	25	1767	26	1034	27	526	28	270	29	132	30	54	31	21	32	6	33	1	34	1
985	6	3	7	14	8	55	9	121	10	358	11	700	12	1293	13	2306	14	3897	15	5647	16	7872	17	9577	18	10941	19	11533	20	10846	21	9765	22	8082	23	6151	24	4316	25	2895	26	1657	27	983	28	520	29	266	30	114	31	49	32	25	33	9	34	3	35	1	36	1
986	3	1	4	9	5	35	6	112	7	201	8	322	9	442	10	607	11	857	12	1265	13	1984	14	2965	15	4533	16	6501	17	8306	18	9877	19	10755	20	11012	21	10270	22	8806	23	7026	24	5209	25	3566	26	2315	27	1367	28	832	29	432	30	219	31	101	32	42	33	21	34	5	35	3	36	2
987	6	4	7	20	8	47	9	95	10	241	11	510	12	902	13	1638	14	2583	15	4039	16	5661	17	7267	18	8966	19	10267	20	10957	21	10568	22	9570	23	8019	24	6264	25	4686	26	3157	27	2011	28	1162	29	666	30	388	31	162	32	86	33	37	34	18	35	6	36	3
988	2	1	3	10	4	24	5	41	6	68	7	144	8	208	9	340	10	530	11	699	12	936	13	1324	14	2004	15	2830	16	4082	17	5698	18	7425	19	8973	20	10133	21	10501	22	10268	23	9146	24	7567	25	5852	26	4317	27	2796	28	1841	29	1037	30	591	31	338	32	153	33	71	34	31	35	13	36	6	37	2
989	6	1	7	11	8	13	9	31	10	100	11	228	12	473	13	818	14	1445	15	2383	16	3499	17	5092	18	6653	19	8397	20	9555	21	10367	22	10597	23	9864	24	8628	25	6884	26	5259	27	3667	28	2524	29	1657	30	879	31	478	32	258	33	128	34	75	35	25	36	5	37	5	44	1
990	2	1	4	6	5	20	6	37	7	68	8	159	9	239	10	368	11	465	12	580	13	715	14	978	15	1488	16	2385	17	3489	18	5044	19	6663	20	8387	21	9785	22	10293	23	10397	24	9637	25	8413	26	6587	27	4818	28	3558	29	2327	30	1396	31	807	32	446	33	247	34	103	35	53	36	25	37	10	38	4	39	1	41	1
991	7	2	8	4	9	16	10	44	11	94	12	182	13	321	14	635	15	1168	16	1759	17	2800	18	4010	19	5482	20	7243	21	8469	22	10066	23	10296	24	10319	25	9516	26	7922	27	6415	28	4778	29	3304	30	2175	31	1371	32	780	33	419	34	217	35	121	36	41	37	24	38	4	39	2	42	1
992	2	4	3	9	4	8	5	28	6	59	7	85	8	108	9	191	10	296	11	392	12	515	13	686	14	830	15	1181	16	1565	17	2274	18	3342	19	4500	20	5937	21	7260	22	8567	23	9603	24	9734	25	9422	26	8496	27	7400	28	5753	29	4206	30	3010	31	1907	32	1178	33	690	34	395	35	204	36	101	37	38	38	16	39	6	40	1	41	1	43	2
993	7	1	8	2	9	5	10	16	11	45	12	97	13	173	14	351	15	579	16	1110	17	1699	18	2442	19	3622	20	4947	21	6260	22	7774	23	9136	24	9958	25	9809	26	9430	27	8524	28	7133	29	5560	30	4078	31	2871	32	1854	33	1110	34	683	35	374	36	196	37	90	38	37	39	17	40	7	41	6	42	1	43	2	44	1
994	4	1	5	6	6	12	7	32	8	65	9	122	10	208	11	290	12	368	13	434	14	515	15	596	16	702	17	1011	18	1468	19	2254	20	3404	21	4824	22	6213	23	7576	24	8997	25	9853	26	9645	27	9438	28	8408	29	6913	30	5640	31	4005	32	2769	33	1800	34	1130	35	639	36	314	37	209	38	84	39	30	40	18	41	4	42	2	44	1
995	7	3	8	2	9	1	10	11	11	22	12	62	13	85	14	171	15	344	16	510	17	872	18	1342	19	2017	20	2836	21	4046	22	5310	23	6712	24	7840	25	8903	26	9553	27	9636	28	9059	29	8084	30	6810	31	5349	32	3772	33	2612	34	1712	35	1014	36	632	37	331	38	193	39	83	40	45	41	12	42	12	45	2
996	2	1	3	1	4	8	5	16	6	23	7	32	8	57	9	110	10	124	11	193	12	309	13	387	14	512	15	605	16	665	17	834	18	1061	19	1451	20	2015	21	2796	22	3978	23	5249	24	6595	25	7858	26	8710	27	9148	28	9111	29	8735	30	7762	31	6492	32	5050	33	3753	34	2507	35	1626	36	1056	37	559	38	332	39	149	40	70	41	44	42	12	43	3	44	1
997	8	1	10	1	11	6	12	10	13	40	14	66	15	125	16	231	17	377	18	657	19	1003	20	1491	21	2242	22	3113	23	4273	24	5740	25	6845	26	8109	27	8850	28	9522	29	9364	30	8793	31	7778	32	6392	33	4985	34	3568	35	2593	36	1640	37	1003	38	584	39	273	40	171	41	87	42	42	43	19	44	5	46	1
998	4	1	6	4	7	15	8	28	9	50	10	105	11	151	12	230	13	282	14	386	15	431	16	478	17	472	18	556	19	665	20	952	21	1480	22	2053	23	3012	24	4184	25	5521	26	6716	27	7916	28	8798	29	9217	30	9176	31	8797	32	7624	33	6128	34	5000	35	3551	36	2342	37	1550	38	951	39	554	40	334	41	166	42	75	43	29	44	13	45	6	47	1
999	8	1	9	1	10	4	11	5	12	18	13	33	14	52	15	83	16	162	17	258	18	405	19	624	20	926	21	1326	22	1896	23	2583	24	3345	25	4536	26	5838	27	6829	28	8130	29	8713	30	8895	31	9135	32	8405	33	7331	34	6107	35	4803	36	3555	37	2383	38	1543	39	969	40	538	41	282	42	153	43	75	44	38	45	13	46	6	47	1
1000	3	5	4	7	5	11	6	25	7	24	8	58	9	63	10	78	11	129	12	159	13	247	14	355	15	380	16	465	17	537	18	597	19	697	20	763	21	1038	22	1367	23	1936	24	2572	25	3559	26	4517	27	5613	28	6837	29	7607	30	8397	31	8753	32	8559	33	7869	34	7117	35	5911	36	4569	37	3451	38	2199	39	1530	40	933	41	495	42	305	43	141	44	71	45	34	46	14	47	4	48	1	49	1
