1	1	100000
2	1	100000
3	1	100000
4	1	100000
5	1	100000
6	1	100000
7	1	100000
8	1	100000
9	1	100000
10	1	100000
11	1	100000
12	1	100000
13	1	100000
14	1	100000
15	1	100000
16	1	100000
17	1	100000
18	1	100000
19	1	100000
20	1	100000
21	1	100000
22	1	100000
23	1	100000
24	1	100000
25	1	100000
26	1	100000
27	1	100000
28	1	100000
29	1	100000
30	1	100000
31	1	100000
32	1	100000
33	1	100000
34	1	100000
35	1	100000
36	1	100000
37	1	100000
38	1	100000
39	1	100000
40	1	100000
41	1	100000
42	1	100000
43	1	100000
44	1	100000
45	1	100000
46	1	100000
47	1	100000
48	1	100000
49	1	100000
50	1	100000
51	1	100000
52	1	100000
53	1	100000
54	1	100000
55	1	100000
56	1	100000
57	1	100000
58	1	100000
59	1	100000
60	1	100000
61	1	100000
62	1	100000
63	1	100000
64	1	100000
65	1	100000
66	1	100000
67	1	100000
68	1	100000
69	1	100000
70	1	100000
71	1	100000
72	1	100000
73	1	100000
74	1	100000
75	1	100000
76	1	100000
77	1	100000
78	1	100000
79	1	100000
80	1	100000
81	1	100000
82	1	100000
83	1	100000
84	1	100000
85	1	100000
86	1	100000
87	1	100000
88	1	100000
89	1	100000
90	1	100000
91	1	100000
92	1	100000
93	1	100000
94	1	100000
95	1	100000
96	1	100000
97	1	100000
98	1	100000
99	1	100000
100	1	100000
101	1	100000
102	1	100000
103	1	100000
104	1	100000
105	1	100000
106	1	100000
107	1	100000
108	1	100000
109	1	100000
110	1	100000
111	1	100000
112	1	100000
113	1	100000
114	1	100000
115	1	100000
116	1	100000
117	1	100000
118	1	100000
119	1	100000
120	1	100000
121	1	100000
122	1	100000
123	1	100000
124	1	100000
125	1	100000
126	1	100000
127	1	100000
128	1	100000
129	1	100000
130	1	100000
131	1	100000
132	1	100000
133	1	100000
134	1	100000
135	1	100000
136	1	100000
137	1	100000
138	1	100000
139	1	100000
140	1	100000
141	1	100000
142	1	100000
143	1	100000
144	1	100000
145	1	100000
146	1	100000
147	1	100000
148	1	100000
149	1	100000
150	1	100000
151	1	100000
152	1	100000
153	1	100000
154	1	100000
155	1	100000
156	1	100000
157	1	100000
158	1	100000
159	1	100000
160	1	100000
161	1	100000
162	1	100000
163	1	100000
164	1	100000
165	1	100000
166	1	100000
167	1	100000
168	1	100000
169	1	100000
170	1	100000
171	1	100000
172	1	100000
173	1	100000
174	1	100000
175	1	100000
176	1	100000
177	1	100000
178	1	100000
179	1	100000
180	1	100000
181	1	100000
182	1	100000
183	1	100000
184	1	100000
185	1	100000
186	1	100000
187	1	100000
188	1	100000
189	1	100000
190	1	100000
191	1	100000
192	1	100000
193	1	100000
194	1	100000
195	1	100000
196	1	100000
197	1	100000
198	1	100000
199	1	100000
200	1	100000
201	1	100000
202	1	100000
203	1	100000
204	1	100000
205	1	100000
206	1	100000
207	1	100000
208	1	100000
209	1	100000
210	1	100000
211	1	100000
212	1	100000
213	1	100000
214	1	100000
215	1	100000
216	1	100000
217	1	100000
218	1	100000
219	1	100000
220	1	100000
221	1	100000
222	1	100000
223	1	100000
224	1	100000
225	1	100000
226	1	100000
227	1	100000
228	1	100000
229	1	100000
230	1	100000
231	1	100000
232	1	100000
233	1	100000
234	1	100000
235	1	100000
236	1	100000
237	1	100000
238	1	100000
239	1	100000
240	1	100000
241	1	100000
242	1	100000
243	1	100000
244	1	100000
245	1	100000
246	1	100000
247	1	100000
248	1	100000
249	1	100000
250	1	100000
251	1	100000
252	1	100000
253	1	100000
254	1	100000
255	1	100000
256	1	100000
257	1	100000
258	1	100000
259	1	100000
260	1	100000
261	1	100000
262	1	100000
263	1	100000
264	1	100000
265	1	100000
266	1	100000
267	1	100000
268	1	100000
269	1	100000
270	1	100000
271	1	100000
272	1	100000
273	1	100000
274	1	100000
275	1	100000
276	1	100000
277	1	100000
278	1	100000
279	1	100000
280	1	100000
281	1	100000
282	1	100000
283	1	100000
284	1	100000
285	1	100000
286	1	100000
287	1	100000
288	1	100000
289	1	100000
290	1	100000
291	1	100000
292	1	100000
293	1	100000
294	1	100000
295	1	100000
296	1	100000
297	1	100000
298	1	100000
299	1	100000
300	1	100000
301	1	100000
302	1	100000
303	1	100000
304	1	100000
305	1	100000
306	1	100000
307	1	100000
308	1	100000
309	1	100000
310	1	100000
311	1	100000
312	1	100000
313	1	100000
314	1	100000
315	1	100000
316	1	100000
317	1	100000
318	1	100000
319	1	100000
320	1	100000
321	1	100000
322	1	100000
323	1	100000
324	1	100000
325	1	100000
326	1	100000
327	1	100000
328	1	100000
329	1	100000
330	1	100000
331	1	100000
332	1	100000
333	1	100000
334	1	100000
335	1	100000
336	1	100000
337	1	100000
338	1	100000
339	1	100000
340	1	100000
341	1	100000
342	1	100000
343	1	100000
344	1	100000
345	1	100000
346	1	100000
347	1	100000
348	1	100000
349	1	100000
350	1	100000
351	1	100000
352	1	100000
353	1	100000
354	1	100000
355	1	100000
356	1	100000
357	1	100000
358	1	100000
359	1	100000
360	1	100000
361	1	100000
362	1	100000
363	1	100000
364	1	100000
365	1	100000
366	1	100000
367	1	100000
368	1	100000
369	1	100000
370	1	100000
371	1	100000
372	1	100000
373	1	100000
374	1	100000
375	1	100000
376	1	100000
377	1	100000
378	1	100000
379	1	100000
380	1	100000
381	1	100000
382	1	100000
383	1	100000
384	1	100000
385	1	100000
386	1	100000
387	1	100000
388	1	100000
389	1	100000
390	1	100000
391	1	100000
392	1	100000
393	1	100000
394	1	100000
395	1	100000
396	1	100000
397	1	100000
398	1	100000
399	1	100000
400	1	100000
401	1	100000
402	1	100000
403	1	100000
404	1	100000
405	1	100000
406	1	100000
407	1	100000
408	1	100000
409	1	100000
410	1	100000
411	1	100000
412	1	100000
413	1	100000
414	1	100000
415	1	100000
416	1	100000
417	1	100000
418	1	100000
419	1	100000
420	1	100000
421	1	100000
422	1	100000
423	1	100000
424	1	100000
425	1	100000
426	1	100000
427	1	100000
428	1	100000
429	1	100000
430	1	100000
431	1	100000
432	1	100000
433	1	100000
434	1	100000
435	1	100000
436	1	100000
437	1	100000
438	1	100000
439	1	100000
440	1	100000
441	1	100000
442	1	100000
443	1	100000
444	1	100000
445	1	100000
446	1	100000
447	1	100000
448	1	100000
449	1	100000
450	1	100000
451	1	100000
452	1	100000
453	1	100000
454	1	100000
455	1	100000
456	1	100000
457	1	100000
458	1	100000
459	1	100000
460	1	100000
461	1	100000
462	1	100000
463	1	100000
464	1	100000
465	1	100000
466	1	100000
467	1	100000
468	1	100000
469	1	100000
470	1	100000
471	1	100000
472	1	100000
473	1	100000
474	1	100000
475	1	100000
476	1	100000
477	1	100000
478	1	100000
479	1	100000
480	1	100000
481	1	100000
482	1	100000
483	1	100000
484	1	100000
485	1	100000
486	1	100000
487	1	100000
488	1	100000
489	1	100000
490	1	100000
491	1	100000
492	1	100000
493	1	100000
494	1	100000
495	1	100000
496	1	100000
497	1	100000
498	1	100000
499	1	100000
500	1	100000
501	1	11578	2	88422
502	1	21764	2	78236
503	1	31161	2	68839
504	1	39155	2	60845
505	1	46382	2	53618
506	1	52627	2	47373
507	1	57954	2	42046
508	1	62835	2	37165
509	1	67258	2	32742
510	1	70744	2	29256
511	1	74471	2	25529
512	1	77377	2	22623
513	1	79988	2	20012
514	1	82316	2	17684
515	1	84369	2	15631
516	1	86173	2	13827
517	1	87658	2	12342
518	1	89082	2	10917	3	1
519	1	90445	2	9555
520	1	91625	2	8375
521	1	92750	2	7250
522	1	93421	2	6579
523	1	94271	2	5729
524	1	94874	2	5126
525	1	95490	2	4510
526	1	96061	2	3939
527	1	96608	2	3392
528	1	96927	2	3073
529	1	97326	2	2674
530	1	97590	2	2410
531	1	97806	2	2194
532	1	98121	2	1879
533	1	98331	2	1669
534	1	98500	2	1500
535	1	98749	2	1251
536	1	98843	2	1157
537	1	98978	2	1022
538	1	99085	2	915
539	1	99227	2	773
540	1	99319	2	681
541	1	99383	2	617
542	1	99438	2	562
543	1	99490	2	510
544	1	99573	2	427
545	1	99567	2	433
546	1	99676	2	324
547	1	99710	2	290
548	1	99768	2	232
549	1	99797	2	203
550	1	99804	2	196
551	1	99818	2	182
552	1	99836	2	164
553	1	99852	2	148
554	1	99861	2	139
555	1	99896	2	104
556	1	99897	2	103
557	1	99900	2	100
558	1	99943	2	57
559	1	99936	2	64
560	1	99948	2	52
561	1	99952	2	48
562	1	99961	2	39
563	1	99963	2	37
564	1	99971	2	29
565	1	99969	2	31
566	1	99975	2	25
567	1	99969	2	31
568	1	99983	2	17
569	1	99976	2	24
570	1	99981	2	19
571	1	99985	2	15
572	1	99987	2	13
573	1	99989	2	11
574	1	99990	2	10
575	1	99990	2	10
576	1	99995	2	5
577	1	99991	2	9
578	1	99996	2	4
579	1	99999	2	1
580	1	99996	2	4
581	1	99996	2	4
582	1	99995	2	5
583	1	99998	2	2
584	1	99994	2	6
585	1	99997	2	3
586	1	99999	2	1
587	1	100000
588	1	99998	2	2
589	1	100000
590	1	99998	2	2
591	1	99999	2	1
592	1	99997	2	3
593	1	100000
594	1	99999	2	1
595	1	99998	2	2
596	1	100000
597	1	99998	2	2
598	1	100000
599	1	100000
600	1	99998	2	2
601	1	100000
602	1	99998	2	2
603	1	99999	2	1
604	1	99997	2	3
605	1	100000
606	1	99997	2	3
607	1	100000
608	1	99998	2	2
609	1	100000
610	1	100000
611	1	99999	2	1
612	1	99998	2	2
613	1	100000
614	1	100000
615	1	100000
616	1	99998	2	2
617	1	100000
618	1	100000
619	1	100000
620	1	99999	2	1
621	1	99998	2	2
622	1	100000
623	1	99998	2	2
624	1	100000
625	1	100000
626	1	99997	2	3
627	1	99999	2	1
628	1	99998	2	2
629	1	99997	2	3
630	1	100000
631	1	99999	2	1
632	1	99999	2	1
633	1	100000
634	1	99998	2	2
635	1	99997	2	3
636	1	99999	2	1
637	1	99999	2	1
638	1	99999	2	1
639	1	100000
640	1	99998	2	2
641	1	99997	2	3
642	1	99995	2	5
643	1	100000
644	1	99995	2	5
645	1	99993	2	7
646	1	99999	2	1
647	1	99996	2	4
648	1	99998	2	2
649	1	99999	2	1
650	1	99998	2	2
651	1	99996	2	4
652	1	99998	2	2
653	1	99994	2	6
654	1	99991	2	9
655	1	99994	2	6
656	1	99991	2	9
657	1	99988	2	12
658	1	99992	2	8
659	1	99989	2	11
660	1	99990	2	10
661	1	99990	2	10
662	1	99983	2	17
663	1	99985	2	15
664	1	99978	2	22
665	1	99983	2	17
666	1	99971	2	29
667	1	99996	2	4
668	1	99981	2	19
669	1	99989	2	11
670	1	99995	2	5
671	1	99991	2	9
672	1	99977	2	23
673	1	99989	2	11
674	1	99989	2	11
675	1	99988	2	12
676	1	99977	2	23
677	1	99987	2	13
678	1	99987	2	13
679	1	99985	2	15
680	1	99967	2	33
681	1	99990	2	10
682	1	99989	2	11
683	1	99978	2	22
684	1	99969	2	31
685	1	99979	2	21
686	1	99974	2	26
687	1	99975	2	25
688	1	99966	2	34
689	1	99980	2	20
690	1	99977	2	23
691	1	99970	2	30
692	1	99966	2	34
693	1	99968	2	32
694	1	99965	2	35
695	1	99970	2	30
696	1	99954	2	46
697	1	99964	2	36
698	1	99969	2	31
699	1	99964	2	36
700	1	99952	2	48
701	1	99955	2	45
702	1	99957	2	43
703	1	99949	2	51
704	1	99930	2	70
705	1	99948	2	52
706	1	99959	2	41
707	1	99959	2	41
708	1	99919	2	81
709	1	99950	2	50
710	1	99941	2	59
711	1	99926	2	74
712	1	99927	2	73
713	1	99937	2	63
714	1	99937	2	63
715	1	99923	2	77
716	1	99883	2	117
717	1	99930	2	70
718	1	99913	2	87
719	1	99922	2	78
720	1	99861	2	139
721	1	99896	2	104
722	1	99899	2	101
723	1	99899	2	101
724	1	99870	2	129	3	1
725	1	99865	2	135
726	1	99880	2	120
727	1	99864	2	136
728	1	99862	2	138
729	1	99870	2	130
730	1	99832	2	168
731	1	99877	2	123
732	1	99835	2	164	3	1
733	1	99828	2	172
734	1	99845	2	155
735	1	99835	2	165
736	1	99773	2	227
737	1	99799	2	201
738	1	99785	2	215
739	1	99801	2	199
740	1	99764	2	236
741	1	99805	2	195
742	1	99760	2	239	3	1
743	1	99770	2	230
744	1	99747	2	253
745	1	99695	2	305
746	1	99698	2	302
747	1	99733	2	267
748	1	99677	2	323
749	1	99668	2	332
750	1	99668	2	332
751	1	99285	2	715
752	1	99267	2	731	3	2
753	1	99245	2	752	3	3
754	1	99336	2	660	3	4
755	1	99241	2	758	3	1
756	1	99256	2	741	3	3
757	1	99368	2	629	3	3
758	1	99254	2	743	3	3
759	1	99297	2	701	3	2
760	1	99291	2	706	3	3
761	1	99312	2	685	3	3
762	1	99248	2	751	3	1
763	1	99219	2	781
764	1	99219	2	778	3	3
765	1	99312	2	684	3	4
766	1	99212	2	786	3	2
767	1	99218	2	778	3	4
768	1	99037	2	960	3	3
769	1	99039	2	949	3	12
770	1	99157	2	838	3	5
771	1	99136	2	858	3	6
772	1	99146	2	847	3	7
773	1	99020	2	975	3	5
774	1	98923	2	1072	3	5
775	1	98889	2	1103	3	8
776	1	98943	2	1050	3	7
777	1	98896	2	1095	3	9
778	1	98846	2	1146	3	8
779	1	98888	2	1098	3	14
780	1	98627	2	1364	3	9
781	1	98662	2	1332	3	6
782	1	98576	2	1414	3	10
783	1	98628	2	1362	3	10
784	1	98503	2	1486	3	10	4	1
785	1	98492	2	1495	3	13
786	1	98310	2	1673	3	17
787	1	98440	2	1546	3	14
788	1	98230	2	1752	3	18
789	1	98221	2	1759	3	20
790	1	98112	2	1868	3	20
791	1	97971	2	2010	3	19
792	1	97849	2	2137	3	14
793	1	97820	2	2153	3	27
794	1	97613	2	2361	3	26
795	1	97734	2	2243	3	23
796	1	97450	2	2518	3	32
797	1	97357	2	2610	3	33
798	1	97145	2	2810	3	44	4	1
799	1	96998	2	2955	3	47
800	1	97393	2	2577	3	30
801	1	97565	2	2412	3	23
802	1	97420	2	2540	3	40
803	1	97275	2	2689	3	36
804	1	97215	2	2745	3	39	4	1
805	1	96914	2	3038	3	47	4	1
806	1	96911	2	3035	3	53	4	1
807	1	96581	2	3359	3	60
808	1	96540	2	3389	3	68	4	3
809	1	96512	2	3432	3	55	4	1
810	1	96218	2	3704	3	78
811	1	96123	2	3794	3	82	4	1
812	1	95746	2	4166	3	87	4	1
813	1	95611	2	4304	3	85
814	1	95393	2	4517	3	90
815	1	95486	2	4421	3	92	4	1
816	1	95083	2	4799	3	117	4	1
817	1	94965	2	4898	3	134	4	2	5	1
818	1	94675	2	5191	3	130	4	4
819	1	94372	2	5470	3	156	4	2
820	1	94417	2	5411	3	167	4	5
821	1	94094	2	5752	3	152	4	2
822	1	93722	2	6099	3	177	4	2
823	1	93416	2	6390	3	191	4	3
824	1	93562	2	6255	3	177	4	6
825	1	93226	2	6558	3	209	4	7
826	1	93070	2	6687	3	241	4	2
827	1	92595	2	7151	3	250	4	4
828	1	92405	2	7301	3	287	4	7
829	1	92149	2	7535	3	308	4	8
830	1	91758	2	7921	3	315	4	5	5	1
831	1	91474	2	8197	3	321	4	8
832	1	91127	2	8483	3	375	4	15
833	1	90758	2	8804	3	433	4	4	5	1
834	1	89829	2	9662	3	495	4	14
835	1	89924	2	9566	3	498	4	12
836	1	89258	2	10149	3	563	4	29	5	1
837	1	88978	2	10406	3	591	4	24	5	1
838	1	88437	2	10906	3	634	4	21	5	2
839	1	88632	2	10705	3	638	4	24	5	1
840	1	87702	2	11544	3	722	4	31	5	1
841	1	87559	2	11637	3	773	4	30	5	1
842	1	86012	2	12935	3	1015	4	37	5	1
843	1	86709	2	12431	3	820	4	37	5	3
844	1	86205	2	12875	3	889	4	30	5	1
845	1	85737	2	13295	3	930	4	38
846	1	85162	2	13701	3	1070	4	63	5	4
847	1	84504	2	14359	3	1076	4	58	5	3
848	1	83551	2	15096	3	1276	4	74	5	3
849	1	83542	2	15104	3	1272	4	79	5	3
850	1	82629	2	15865	3	1432	4	71	5	3
851	1	81810	2	16482	3	1594	4	102	5	11	6	1
852	1	81134	2	17025	3	1723	4	113	5	5
853	1	80992	2	17165	3	1711	4	125	5	7
854	1	79480	2	18332	3	2045	4	132	5	11
855	1	78793	2	18883	3	2169	4	149	5	6
856	1	77506	2	19912	3	2398	4	169	5	14	6	1
857	1	76747	2	20457	3	2568	4	213	5	15
858	1	80885	2	17136	3	1860	4	113	5	4	6	2
859	1	78621	2	18798	3	2363	4	207	5	10	6	1
860	1	77866	2	19463	3	2459	4	197	5	15
861	1	76610	2	20485	3	2644	4	235	5	26
862	1	75873	2	20868	3	2974	4	269	5	15	6	1
863	1	74178	2	22242	3	3254	4	306	5	19	6	1
864	1	74105	2	22211	3	3337	4	316	5	30	6	1
865	1	73144	2	22987	3	3480	4	365	5	23	6	1
866	1	71769	2	23875	3	3875	4	442	5	36	6	3
867	1	71135	2	24326	3	4092	4	408	5	36	6	3
868	1	69949	2	25030	3	4464	4	519	5	36	6	2
869	1	68638	2	26062	3	4675	4	584	5	37	6	4
870	1	68841	2	25712	3	4802	4	589	5	52	6	4
871	1	67493	2	26662	3	5158	4	649	5	35	6	3
872	1	66370	2	27235	3	5619	4	705	5	67	6	3	7	1
873	1	65894	2	27559	3	5678	4	786	5	79	6	3	7	1
874	1	63989	2	28721	3	6287	4	901	5	96	6	6
875	1	63156	2	29309	3	6461	4	972	5	92	6	9	7	1
876	1	60372	2	30929	3	7375	4	1186	5	123	6	13	7	2
877	1	59195	2	31470	3	7931	4	1265	5	122	6	16	7	1
878	1	57463	2	32235	3	8631	4	1466	5	185	6	20
879	1	57443	2	32219	3	8616	4	1527	5	177	6	16	7	2
880	1	56043	2	32781	3	9288	4	1624	5	239	6	25
881	1	55321	2	32935	3	9735	4	1756	5	225	6	25	7	3
882	1	55217	2	32890	3	9673	4	1936	5	254	6	25	7	5
883	1	53230	2	33981	3	10344	4	2090	5	320	6	29	7	5	8	1
884	1	51489	2	34668	3	11147	4	2274	5	386	6	30	7	5	8	1
885	1	50262	2	35014	3	11686	4	2575	5	413	6	46	7	3	8	1
886	1	49149	2	35249	3	12347	4	2726	5	459	6	63	7	7
887	1	47821	2	35799	3	12834	4	2963	5	513	6	64	7	6
888	1	45225	2	36567	3	13939	4	3556	5	625	6	74	7	13	8	1
889	1	48541	2	34955	3	12800	4	3024	5	587	6	85	7	7	8	1
890	1	46325	2	35919	3	13573	4	3433	5	646	6	91	7	13
891	1	44100	2	36246	3	14840	4	3947	5	723	6	130	7	12	8	2
892	1	44113	2	36150	3	14835	4	3959	5	793	6	130	7	17	8	2	9	1
893	1	40932	2	36878	3	16297	4	4707	5	997	6	154	7	33	8	1	9	1
894	1	40740	2	36761	3	16387	4	4883	5	1026	6	171	7	30	8	2
895	1	38901	2	37258	3	17219	4	5239	5	1143	6	201	7	37	8	2
896	1	37350	2	36837	3	18353	4	5779	5	1384	6	260	7	33	8	4
897	1	36157	2	37271	3	18561	4	6189	5	1481	6	283	7	50	8	7	9	1
898	1	35430	2	36865	3	19091	4	6541	5	1691	6	333	7	43	8	5	9	1
899	1	33191	2	37012	3	20199	4	7286	5	1826	6	413	7	63	8	10
900	1	32253	2	36848	3	20724	4	7627	5	2034	6	414	7	80	8	17	9	3
901	1	30221	2	36769	3	21802	4	8272	5	2348	6	494	7	79	8	14	9	1
902	1	28938	2	36293	3	22372	4	8938	5	2694	6	636	7	112	8	12	9	5
903	1	27557	2	35966	3	23136	4	9591	5	2902	6	671	7	150	8	25	9	2
904	1	27180	2	35734	3	23002	4	10056	5	3090	6	751	7	157	8	24	9	6
905	1	24631	2	35136	3	24483	4	10975	5	3601	6	910	7	221	8	35	9	8
906	1	23972	2	34707	3	24641	4	11337	5	4059	6	1024	7	209	8	42	9	7	10	2
907	1	22531	2	34519	3	25335	4	11965	5	4169	6	1148	7	272	8	48	9	13
908	1	20160	2	32848	3	26150	4	13843	5	5054	6	1520	7	352	8	61	9	10	10	1	11	1
909	1	18935	2	32333	3	26677	4	14235	5	5575	6	1716	7	426	8	82	9	18	10	3
910	1	21335	2	32596	3	25604	4	13376	5	5095	6	1525	7	385	8	70	9	13	10	1
911	1	20071	2	32451	3	26177	4	13860	5	5394	6	1570	7	395	8	69	9	9	10	4
912	1	17956	2	30888	3	26989	4	15062	5	6307	6	2090	7	532	8	145	9	24	10	6	11	1
913	1	16365	2	29986	3	27201	4	16232	5	6908	6	2435	7	653	8	185	9	28	10	5	11	2
914	1	16355	2	29998	3	27072	4	16102	5	7142	6	2434	7	689	8	164	9	30	10	13	11	1
915	1	14374	2	28351	3	27632	4	17535	5	8127	6	2952	7	770	8	210	9	39	10	8	11	2
916	1	14195	2	27763	3	27369	4	17700	5	8571	6	3120	7	985	8	241	9	49	10	5	11	2
917	1	12459	2	26774	3	27552	4	18750	5	9324	6	3550	7	1218	8	280	9	74	10	14	11	5
918	1	11309	2	25088	3	27436	4	19819	5	10348	6	4142	7	1363	8	378	9	90	10	21	11	3	12	3
919	1	10936	2	24733	3	27686	4	19845	5	10643	6	4265	7	1407	8	374	9	88	10	20	11	2	12	1
920	1	10069	2	23545	3	26888	4	20684	5	11356	6	5026	7	1757	8	518	9	124	10	28	11	5
921	1	8650	2	22019	3	26934	4	21453	5	12523	6	5517	7	2067	8	621	9	158	10	45	11	12	12	1
922	1	8167	2	20900	3	26155	4	21672	5	13382	6	6154	7	2527	8	737	9	224	10	60	11	18	12	3	13	1
923	1	7098	2	19399	3	25963	4	22443	5	14054	6	7004	7	2750	8	940	9	271	10	59	11	15	12	3	15	1
924	1	8357	2	20888	3	25756	4	21601	5	13131	6	6536	7	2530	8	881	9	265	10	39	11	14	12	2
925	1	6569	2	18315	3	25104	4	22675	5	14975	6	7579	7	3197	8	1130	9	346	10	89	11	18	12	2	13	1
926	1	6047	2	17136	3	24171	4	22727	5	15816	6	8423	7	3655	8	1423	9	444	10	126	11	24	12	6	13	1	14	1
927	1	5268	2	16327	3	24077	4	23069	5	16086	6	9037	7	3948	8	1546	9	480	10	126	11	30	12	3	13	2	14	1
928	1	5239	2	15056	3	22851	4	22871	5	16976	6	9697	7	4641	8	1800	9	633	10	178	11	48	12	10
929	1	4075	2	13875	3	22355	4	23091	5	17766	6	10605	7	5125	8	2081	9	709	10	228	11	70	12	17	13	2	15	1
930	1	3947	2	12941	3	21099	4	22937	5	18295	6	11336	7	5731	8	2444	9	901	10	266	11	81	12	19	13	3
931	1	3263	2	11451	3	19974	4	23135	5	19055	6	12346	7	6402	8	2871	9	1049	10	330	11	93	12	25	13	5	14	1
932	1	2868	2	10454	3	18957	4	22172	5	19400	6	13258	7	7478	8	3392	9	1379	10	444	11	146	12	42	13	8	14	1	16	1
933	1	2382	2	9364	3	17933	4	22123	5	20006	6	14114	7	8029	8	3843	9	1472	10	537	11	139	12	43	13	12	14	3
934	1	2754	2	9988	3	18112	4	21728	5	19545	6	13923	7	7837	8	3837	9	1474	10	561	11	177	12	47	13	15	14	2
935	1	1919	2	8003	3	16003	4	21343	5	20610	6	15025	7	9314	8	4602	9	2062	10	754	11	268	12	66	13	21	14	9	16	1
936	1	2207	2	8185	3	16229	4	20825	5	20058	6	15091	7	9353	8	4795	9	2110	10	781	11	238	12	94	13	27	14	5	15	2
937	1	1467	2	6735	3	14155	4	20227	5	20633	6	16485	7	10678	8	5574	9	2525	10	1013	11	347	12	127	13	30	14	4
938	1	1369	2	5813	3	13045	4	18770	5	20442	6	17210	7	11545	8	6707	9	3080	10	1307	11	484	12	180	13	31	14	10	15	6	16	1
939	1	1011	2	5087	3	11921	4	18291	5	20269	6	17750	7	12426	8	7389	9	3486	10	1510	11	573	12	219	13	49	14	15	15	3	18	1
940	1	1050	2	4728	3	10798	4	16974	5	19541	6	17890	7	13278	8	8111	9	4366	10	1988	11	838	12	302	13	104	14	22	15	7	16	3
941	1	627	2	3497	3	9188	4	15660	5	19300	6	18659	7	14582	8	9283	9	5152	10	2490	11	1003	12	380	13	130	14	31	15	15	16	1	17	2
942	1	853	2	3908	3	9720	4	15715	5	19178	6	18082	7	14083	8	9195	9	5208	10	2497	11	1011	12	361	13	133	14	47	15	7	16	2
943	1	599	2	2955	3	7839	4	14219	5	18512	6	18566	7	15427	8	10570	9	6116	10	3089	11	1322	12	505	13	191	14	63	15	21	16	5	17	1
944	1	657	2	3011	3	7702	4	13630	5	17689	6	18127	7	15619	8	10760	9	6622	10	3472	11	1624	12	700	13	263	14	80	15	37	16	5	17	1	18	1
945	1	349	2	2027	3	6254	4	11875	5	16846	6	18581	7	16303	8	12330	9	7735	10	4319	11	1989	12	916	13	313	14	107	15	41	16	13	17	2
946	1	360	2	2095	3	5756	4	11072	5	15992	6	18032	7	16497	8	12933	9	8372	10	4938	11	2352	12	994	13	411	14	130	15	48	16	13	17	4	18	1
947	1	260	2	1598	3	4826	4	10259	5	15351	6	18026	7	16996	8	13554	9	9101	10	5256	11	2736	12	1258	13	525	14	164	15	65	16	19	17	4	18	1	20	1
948	1	343	2	1734	3	5040	4	9876	5	14970	6	17523	7	16885	8	13633	9	9237	10	5506	11	3007	12	1388	13	537	14	221	15	66	16	27	17	5	18	2
949	1	155	2	1007	3	3497	4	8009	5	13141	6	16712	7	17610	8	14813	9	11118	10	6761	11	3947	12	1881	13	857	14	341	15	110	16	30	17	8	18	2	19	1
950	1	175	2	1118	3	3547	4	7436	5	12232	6	15905	7	17239	8	15123	9	11288	10	7710	11	4373	12	2170	13	1018	14	396	15	187	16	50	17	28	18	2	19	3
951	1	99	2	648	3	2541	4	6183	5	10792	6	15204	7	17105	8	16076	9	12759	10	8594	11	5087	12	2691	13	1315	14	587	15	216	16	71	17	24	18	6	19	2
952	1	143	2	855	3	2555	4	5781	5	10516	6	14312	7	16496	8	15688	9	12897	10	9217	11	5724	12	3100	13	1591	14	661	15	290	16	101	17	53	18	13	19	5	20	2
953	1	50	2	432	3	1737	4	4451	5	8776	6	13209	7	16022	8	16431	9	13867	10	10631	11	6853	12	3994	13	2020	14	907	15	393	16	138	17	59	18	19	19	10	22	1
954	1	65	2	493	3	1738	4	4295	5	8046	6	12111	7	15452	8	16086	9	14240	10	11181	11	7545	12	4379	13	2393	14	1109	15	522	16	219	17	89	18	21	19	11	20	5
955	1	31	2	237	3	1117	4	3179	5	6683	6	10927	7	14627	8	15977	9	15091	10	12134	11	8702	12	5502	13	3043	14	1590	15	698	16	301	17	104	18	41	19	10	20	3	21	1	22	2
956	1	49	2	342	3	1240	4	3107	5	6061	6	9740	7	13307	8	15326	9	15100	10	12915	11	9480	12	6179	13	3656	14	1922	15	901	16	399	17	167	18	77	19	23	20	5	21	3	23	1
957	1	23	2	192	3	769	4	2407	5	5399	6	9125	7	13181	8	15427	9	15267	10	13399	11	9953	12	6869	13	3941	14	2208	15	1012	16	508	17	194	18	75	19	35	20	10	21	4	22	2
958	1	35	2	253	3	845	4	2256	5	4722	6	8092	7	11527	8	14230	9	15079	10	13828	11	11125	12	7617	13	4879	14	2821	15	1480	16	693	17	315	18	119	19	59	20	17	21	4	22	4
959	1	8	2	89	3	477	4	1567	5	3875	6	7108	7	10703	8	13800	9	15144	10	14254	11	11926	12	8760	13	5642	14	3364	15	1762	16	856	17	403	18	163	19	64	20	28	21	4	22	3
960	1	33	2	176	3	640	4	1597	5	3431	6	6108	7	9538	8	12718	9	14318	10	14060	11	12576	12	9717	13	6606	14	4139	15	2202	16	1192	17	573	18	232	19	97	20	33	21	12	22	2
961	1	1	2	50	3	262	4	918	5	2423	6	4968	7	8485	8	11826	9	14086	10	14668	11	13361	12	10715	13	7523	14	4913	15	2886	16	1535	17	780	18	359	19	150	20	57	21	27	22	4	23	3
962	1	15	2	100	3	416	4	1116	5	2474	6	4720	7	7815	8	11028	9	13332	10	14274	11	13531	12	10956	13	8156	14	5444	15	3258	16	1753	17	877	18	435	19	178	20	86	21	23	22	11	23	2
963	1	1	2	33	3	185	4	627	5	1762	6	3853	7	7048	8	10205	9	13086	10	14274	11	13827	12	11938	13	8900	14	6187	15	3864	16	2192	17	1142	18	522	19	213	20	90	21	32	22	12	23	4	24	2	26	1
964	1	21	2	80	3	298	4	782	5	1736	6	3429	7	5754	8	8731	9	11560	10	13335	11	13491	12	12471	13	10205	14	7479	15	4829	16	2868	17	1489	18	811	19	373	20	163	21	57	22	27	23	9	24	1	25	1
965	2	7	3	76	4	324	5	1023	6	2390	7	4696	8	7536	9	10693	10	13217	11	13794	12	13151	13	11106	14	8440	15	5911	16	3604	17	2084	18	994	19	567	20	236	21	95	22	39	23	14	24	3
966	1	9	2	63	3	173	4	544	5	1097	6	2294	7	4148	8	6727	9	9541	10	12004	11	13463	12	13223	13	11726	14	9152	15	6519	16	4128	17	2550	18	1434	19	664	20	308	21	150	22	53	23	23	24	4	25	1	26	2
967	2	5	3	34	4	192	5	557	6	1547	7	3149	8	5594	9	8547	10	11271	11	13169	12	13575	13	12505	14	10084	15	7574	16	5295	17	3204	18	1796	19	971	20	495	21	252	22	118	23	45	24	12	25	6	26	3
968	1	17	2	46	3	154	4	399	5	867	6	1831	7	3306	8	5365	9	7904	10	10658	11	12342	12	13088	13	12388	14	10271	15	7908	16	5600	17	3525	18	2087	19	1167	20	580	21	303	22	113	23	47	24	19	25	10	26	2	27	3
969	2	4	3	23	4	106	5	364	6	966	7	2156	8	4147	9	6886	10	9613	11	11807	12	13049	13	12979	14	11571	15	9305	16	6696	17	4450	18	2805	19	1480	20	849	21	444	22	195	23	61	24	22	25	14	26	7	28	1
970	2	16	3	59	4	184	5	447	6	1054	7	1884	8	3360	9	5379	10	8041	11	10407	12	12371	13	12982	14	12100	15	10471	16	7796	17	5573	18	3586	19	2123	20	1118	21	579	22	262	23	115	24	51	25	25	26	8	27	6	28	1	29	2
971	3	8	4	45	5	189	6	552	7	1255	8	2591	9	4631	10	7132	11	9818	12	11934	13	12878	14	12410	15	11120	16	8834	17	6472	18	4409	19	2650	20	1544	21	798	22	419	23	170	24	80	25	36	26	15	27	8	28	2
972	1	2	2	24	3	66	4	204	5	387	6	746	7	1374	8	2452	9	3988	10	6101	11	8402	12	10661	13	12087	14	12392	15	11570	16	9563	17	7467	18	5092	19	3238	20	2013	21	1093	22	569	23	278	24	123	25	66	26	25	27	14	28	2	29	1
973	2	1	3	2	4	16	5	74	6	242	7	638	8	1484	9	2901	10	4904	11	7269	12	10006	13	11929	14	12670	15	12292	16	10518	17	8613	18	6380	19	4371	20	2571	21	1547	22	844	23	381	24	187	25	95	26	42	27	13	28	4	29	5	30	1
974	1	1	2	13	3	38	4	105	5	230	6	493	7	840	8	1475	9	2491	10	3969	11	6066	12	8611	13	10555	14	11997	15	12043	16	11151	17	9633	18	7299	19	5347	20	3319	21	2090	22	1098	23	579	24	311	25	139	26	65	27	31	28	7	29	2	30	2
975	3	3	4	13	5	55	6	129	7	393	8	971	9	1917	10	3422	11	5512	12	7770	13	9908	14	11676	15	12221	16	11630	17	10204	18	8265	19	6049	20	4018	21	2656	22	1538	23	851	24	410	25	201	26	108	27	52	28	15	29	6	30	6	31	1
976	1	1	2	7	3	37	4	111	5	192	6	393	7	639	8	1068	9	1889	10	2949	11	4683	12	6452	13	8579	14	10535	15	11548	16	11826	17	10591	18	8971	19	6978	20	4899	21	3305	22	1967	23	1164	24	606	25	331	26	163	27	69	28	31	29	9	30	6	31	1
977	4	3	5	12	6	65	7	205	8	516	9	1100	10	2166	11	3660	12	5743	13	8024	14	9927	15	11497	16	11831	17	11239	18	9995	19	8010	20	5951	21	4159	22	2626	23	1556	24	838	25	472	26	251	27	89	28	38	29	15	30	7	31	5
978	1	1	2	2	3	18	4	40	5	114	6	249	7	397	8	667	9	1035	10	1683	11	2776	12	4255	13	6362	14	8410	15	10360	16	11388	17	11691	18	10787	19	9107	20	7119	21	5228	22	3515	23	2153	24	1287	25	699	26	360	27	177	28	79	29	25	30	11	31	2	32	2	34	1
979	5	12	6	35	7	80	8	219	9	492	10	1120	11	1959	12	3556	13	5327	14	7526	15	9527	16	11006	17	11878	18	11409	19	10062	20	8266	21	6243	22	4439	23	2998	24	1781	25	1054	26	515	27	255	28	127	29	68	30	26	31	12	32	8
980	2	7	3	23	4	53	5	104	6	169	7	369	8	500	9	795	10	1247	11	1939	12	2981	13	4609	14	6434	15	8386	16	10076	17	11068	18	11065	19	10419	20	8897	21	7064	22	5130	23	3535	24	2273	25	1344	26	723	27	413	28	209	29	96	30	38	31	23	32	7	33	3	34	1
981	5	5	6	18	7	50	8	131	9	315	10	681	11	1390	12	2400	13	3922	14	5537	15	7605	16	9471	17	10945	18	11122	19	10806	20	9802	21	8048	22	6186	23	4486	24	2900	25	1870	26	1104	27	617	28	324	29	158	30	61	31	26	32	12	33	7	35	1
982	3	5	4	20	5	34	6	109	7	213	8	348	9	484	10	748	11	1056	12	1614	13	2499	14	3921	15	5796	16	7733	17	9375	18	10800	19	11213	20	10732	21	9482	22	7546	23	5893	24	4117	25	2694	26	1652	27	926	28	497	29	272	30	130	31	54	32	25	33	9	34	2	35	1
983	6	9	7	31	8	62	9	159	10	380	11	723	12	1297	13	2293	14	3654	15	5189	16	7013	17	8948	18	10141	19	10997	20	10762	21	9927	22	8642	23	6690	24	4981	25	3188	26	2119	27	1324	28	710	29	402	30	177	31	89	32	56	33	26	34	7	35	2	36	1	38	1
984	1	1	2	5	3	22	4	27	5	89	6	117	7	175	8	297	9	449	10	658	11	902	12	1250	13	1980	14	2925	15	4244	16	5916	17	7672	18	9175	19	10364	20	10744	21	9996	22	9156	23	7450	24	5664	25	4204	26	2728	27	1671	28	995	29	525	30	318	31	168	32	68	33	31	34	9	35	3	36	2
985	7	3	8	19	9	33	10	100	11	251	12	478	13	985	14	1798	15	2920	16	4328	17	6016	18	7996	19	9563	20	10821	21	10884	22	10414	23	9262	24	7685	25	5776	26	4027	27	2760	28	1722	29	1040	30	579	31	290	32	133	33	70	34	31	35	9	36	5	37	1	38	1
986	3	2	4	6	5	11	6	39	7	94	8	173	9	301	10	442	11	552	12	690	13	896	14	1489	15	2257	16	3384	17	4969	18	6686	19	8426	20	9819	21	10443	22	10586	23	9765	24	8379	25	6539	26	5090	27	3489	28	2369	29	1430	30	798	31	433	32	235	33	124	34	44	35	27	36	7	37	3	38	2	39	1
987	7	6	8	23	9	32	10	81	11	182	12	365	13	682	14	1161	15	1932	16	3063	17	4447	18	5973	19	7589	20	8901	21	10119	22	10289	23	10119	24	8937	25	7761	26	6087	27	4473	28	3170	29	1968	30	1189	31	712	32	376	33	192	34	93	35	51	36	16	37	7	38	3	39	1
988	1	1	2	1	3	6	4	11	5	17	6	39	7	86	8	150	9	225	10	303	11	410	12	633	13	724	14	994	15	1425	16	2144	17	3187	18	4401	19	6052	20	7548	21	8840	22	9937	23	10176	24	9782	25	8688	26	7215	27	5626	28	4173	29	2877	30	1880	31	1192	32	611	33	326	34	174	35	85	36	35	37	18	38	5	39	2	40	1
989	8	5	9	12	10	35	11	77	12	147	13	338	14	600	15	1006	16	1659	17	2638	18	3783	19	5261	20	6778	21	8319	22	9455	23	10174	24	10183	25	9387	26	8220	27	6758	28	5210	29	3673	30	2564	31	1678	32	929	33	533	34	307	35	154	36	64	37	32	38	14	39	5	40	2
990	4	2	5	5	6	21	7	40	8	78	9	163	10	245	11	355	12	413	13	490	14	552	15	716	16	1104	17	1608	18	2494	19	3867	20	5182	21	6877	22	8642	23	9576	24	10233	25	9952	26	9228	27	7981	28	6446	29	4801	30	3375	31	2256	32	1457	33	842	34	473	35	268	36	137	37	60	38	35	39	17	40	4	41	2	42	2	43	1
991	8	1	9	4	10	7	11	34	12	86	13	127	14	253	15	445	16	795	17	1259	18	2072	19	2946	20	4301	21	5742	22	7286	23	8802	24	9668	25	9939	26	9778	27	8938	28	7815	29	6184	30	4708	31	3295	32	2221	33	1465	34	886	35	466	36	233	37	124	38	67	39	31	40	14	41	3	42	1	43	3	44	1
992	2	3	3	7	4	12	5	28	6	31	7	59	8	79	9	119	10	177	11	250	12	330	13	463	14	575	15	737	16	900	17	1231	18	1788	19	2374	20	3332	21	4631	22	5902	23	7337	24	8300	25	9367	26	9528	27	9279	28	8372	29	7044	30	5723	31	4104	32	3050	33	1960	34	1325	35	712	36	442	37	202	38	126	39	60	40	21	41	10	42	8	43	1	45	1
993	8	1	9	5	10	7	11	12	12	26	13	77	14	135	15	231	16	414	17	704	18	1138	19	1864	20	2748	21	3795	22	5126	23	6477	24	7851	25	8797	26	9542	27	9515	28	9175	29	8253	30	6942	31	5490	32	4013	33	3027	34	1909	35	1168	36	734	37	391	38	237	39	111	40	52	41	19	42	7	43	4	44	1	45	2
994	6	5	7	15	8	37	9	61	10	108	11	173	12	265	13	353	14	400	15	467	16	470	17	588	18	681	19	1005	20	1588	21	2434	22	3540	23	4907	24	6302	25	7865	26	8698	27	9532	28	9581	29	9341	30	8153	31	6785	32	5199	33	4031	34	2820	35	1884	36	1197	37	670	38	400	39	240	40	110	41	46	42	31	43	12	44	3	45	3
995	9	1	10	1	11	10	12	19	13	29	14	63	15	150	16	233	17	388	18	603	19	982	20	1418	21	2234	22	3082	23	4107	24	5483	25	6642	26	7996	27	8813	28	9279	29	9432	30	8776	31	7886	32	6479	33	5162	34	3772	35	2659	36	1799	37	1095	38	682	39	390	40	190	41	91	42	35	43	7	44	8	45	3	46	1
996	3	2	4	5	5	8	6	14	7	33	8	52	9	48	10	86	11	97	12	182	13	279	14	336	15	422	16	508	17	584	18	660	19	828	20	1097	21	1529	22	2135	23	2990	24	4069	25	5245	26	6424	27	7798	28	8652	29	9038	30	9134	31	8523	32	7378	33	6257	34	5114	35	3688	36	2633	37	1733	38	1082	39	621	40	352	41	189	42	94	43	40	44	21	45	10	46	8	47	2
997	8	1	10	2	11	4	12	8	13	16	14	25	15	61	16	100	17	172	18	267	19	458	20	724	21	1148	22	1603	23	2299	24	3292	25	4370	26	5448	27	6847	28	8176	29	8803	30	9268	31	9330	32	8548	33	7563	34	6328	35	4844	36	3686	37	2549	38	1662	39	1072	40	614	41	325	42	188	43	107	44	50	45	27	46	8	47	6	48	1
998	4	1	5	2	6	6	7	7	8	14	9	21	10	53	11	88	12	152	13	216	14	254	15	336	16	404	17	393	18	429	19	451	20	488	21	647	22	1025	23	1485	24	2112	25	3163	26	4302	27	5465	28	6857	29	7905	30	8617	31	8972	32	8911	33	8536	34	7483	35	6283	36	4816	37	3546	38	2482	39	1648	40	1099	41	623	42	339	43	188	44	111	45	49	46	12	47	6	48	3
999	10	1	11	2	12	7	13	11	14	27	15	34	16	86	17	107	18	190	19	308	20	453	21	639	22	1002	23	1451	24	2134	25	2737	26	3587	27	4791	28	5733	29	6956	30	7826	31	8581	32	8990	33	8657	34	7997	35	7279	36	5927	37	4677	38	3467	39	2460	40	1599	41	1047	42	593	43	310	44	162	45	94	46	52	47	15	48	3	49	7	50	1
1000	1	1	2	1	3	2	4	4	5	12	6	14	7	19	8	26	9	47	10	47	11	68	12	108	13	129	14	207	15	289	16	369	17	405	18	446	19	437	20	550	21	615	22	799	23	1077	24	1375	25	1844	26	2707	27	3486	28	4492	29	5676	30	6594	31	7600	32	8461	33	8730	34	8532	35	8030	36	6970	37	5923	38	4510	39	3425	40	2279	41	1511	42	998	43	524	44	347	45	169	46	75	47	35	48	19	49	12	50	3	53	1
