425
500
375
535
433
489
477
437
497
622
547
449
425
533
576
401
616
471
390
375
561
611
559
560
597
405
444
480
558
448
596
429
449
480
409
339
476
420
564
378
435
489
444
415
405
384
557
304
446
563
567
425
593
618
631
436
562
312
352
432
493
480
336
481
599
212
453
541
392
546
460
562
411
339
536
558
485
609
479
506
483
464
355
423
473
533
463
493
470
436
325
613
427
636
551
381
458
492
497
594
518
582
422
459
604
463
522
369
379
474
416
480
532
470
574
613
311
494
443
669
485
594
423
557
484
411
417
338
471
424
328
614
471
543
528
680
408
336
643
546
559
354
341
279
450
422
491
673
261
536
410
597
450
358
406
420
401
491
557
469
557
302
385
480
476
429
565
319
603
450
515
482
411
427
314
551
299
357
480
485
412
401
441
555
496
533
492
446
458
483
540
329
426
465
472
567
451
592
573
388
567
583
676
595
581
513
603
487
492
553
413
637
553
562
479
416
424
488
595
489
438
539
596
471
497
492
374
438
395
441
420
352
466
556
418
561
331
415
415
469
273
241
441
484
347
412
317
437
635
569
585
462
582
608
490
316
417
580
389
427
300
536
395
359
457
551
480
546
587
553
437
474
430
500
461
391
518
424
595
479
520
627
450
680
290
522
493
434
419
566
463
464
457
560
554
627
419
468
612
575
381
475
472
381
483
515
329
462
240
465
608
476
478
464
542
493
462
469
442
597
454
493
542
471
529
560
525
469
419
432
572
566
463
427
459
534
503
444
469
271
558
481
415
451
496
533
527
498
515
574
586
541
565
392
428
455
473
520
400
522
488
405
453
579
599
566
445
403
531
574
490
526
381
474
332
439
431
371
580
204
244
561
397
509
462
525
482
564
384
372
489
422
423
486
597
564
583
432
494
466
554
392
387
420
469
509
479
457
338
520
642
441
535
480
462
445
464
455
290
478
631
401
589
323
557
431
667
462
475
471
628
495
329
448
460
599
378
478
449
443
399
337
485
386
411
513
557
478
548
537
550
420
459
601
557
497
373
601
564
508
569
609
450
559
243
500
483
365
452
481
430
356
483
569
579
629
480
550
610
598
529
514
428
406
583
492
587
437
537
393
591
465
392
461
434
542
554
488
547
482
516
615
609
493
617
470
487
536
483
470
457
668
561
490
456
444
442
409
585
471
543
439
430
473
566
472
490
471
455
535
435
481
575
407
670
588
673
271
394
563
546
605
500
416
577
488
533
442
646
403
588
619
423
592
303
536
525
452
495
472
384
397
566
583
433
425
432
542
285
570
470
591
465
597
431
556
446
335
495
572
313
472
525
429
375
443
487
477
566
483
458
534
498
484
476
425
578
453
420
551
344
454
419
563
397
547
403
417
457
538
479
463
693
409
427
511
476
459
555
416
359
600
422
458
386
460
510
554
427
529
491
320
428
449
454
415
375
461
541
382
448
434
424
492
468
574
348
358
577
541
399
365
548
464
412
605
572
549
327
462
546
370
434
356
624
316
446
366
379
478
408
485
495
409
361
494
517
481
460
402
424
670
544
333
527
414
470
452
567
461
560
398
425
552
297
468
427
281
540
490
410
550
453
441
443
465
345
369
494
588
454
386
580
492
496
580
437
340
527
439
573
402
434
408
509
411
495
429
581
400
474
426
480
292
469
592
434
453
356
602
483
397
381
490
328
386
250
351
488
468
414
441
543
427
459
602
419
456
531
511
404
559
448
486
444
483
497
574
376
293
482
366
348
430
443
411
459
568
275
610
410
436
471
550
338
417
478
539
479
369
602
584
610
534
469
322
358
469
460
532
548
424
465
471
386
453
406
622
482
478
400
283
588
488
480
466
417
457
571
455
369
419
586
424
445
400
533
610
499
561
373
540
480
339
538
558
481
408
493
467
444
572
565
386
556
583
420
564
488
320
414
466
361
467
522
570
461
380
496
432
408
311
476
546
464
423
550
331
431
619
462
482
494
234
473
347
497
714
420
510
380
524
610
399
444
559
576
461
316
558
472
558
570
441
491
504
285
585
538
414
479
370
574
585
445
469
479
423
383
554
490
549
384
555
589
499
443
489
499
403
398
515
550
454
538
439
549
498
523
589
451
382
429
432
527
581
596
500
451
425
431
513
367
478
330
530
542
421
437
377
469
550
433
512
499
406
418
469
487
462
471
464
454
490
545
496
403
487
570
420
464
564
396
468
452
573
408
387
513
545
556
581
372
380
302
449
442
587
427
561
438
415
382
533
452
481
567
509
386
450
