496
606
537
466
623
544
674
557
595
412
653
569
375
647
612
461
564
534
645
586
624
555
457
657
601
596
578
623
466
492
634
618
492
574
651
657
618
551
569
670
402
385
587
394
411
619
561
603
484
593
583
584
468
581
605
559
687
591
680
428
627
318
588
590
409
522
454
522
602
526
612
629
647
648
647
427
490
682
483
436
607
586
426
650
557
500
568
524
653
571
624
600
474
482
663
598
554
633
603
341
473
612
666
592
654
569
595
491
620
693
444
561
574
479
547
496
615
673
547
602
556
462
400
535
545
452
575
640
590
573
651
487
577
561
402
711
630
574
616
577
591
646
599
676
590
642
566
654
590
593
571
570
538
607
623
476
400
528
661
415
630
575
619
352
611
488
654
633
547
617
680
617
570
541
565
628
532
544
656
636
603
651
450
572
533
461
418
584
479
578
430
637
580
594
566
605
541
614
614
347
537
559
614
460
581
601
448
625
556
569
591
497
661
673
603
573
626
585
663
526
623
496
562
717
616
371
634
571
682
551
478
609
481
606
605
595
570
536
439
629
553
617
605
671
671
691
596
627
455
582
560
455
516
426
493
587
542
475
553
396
448
583
515
563
663
608
604
511
434
549
602
636
609
574
376
402
611
612
717
511
389
573
626
590
492
581
652
445
515
465
613
635
611
597
371
593
618
404
619
593
599
616
593
603
676
461
645
599
468
537
478
650
572
555
610
460
584
636
652
579
602
609
545
527
488
615
655
489
515
617
420
452
642
710
494
591
687
572
568
546
586
579
445
426
587
456
612
537
616
634
505
550
621
498
576
630
482
623
560
584
588
557
621
615
667
573
648
642
475
606
497
582
657
592
539
570
545
454
616
500
604
468
581
510
599
599
500
595
555
572
572
491
629
660
600
591
498
593
388
529
562
547
573
445
494
544
629
622
480
559
671
581
687
662
419
577
542
701
665
642
514
532
564
614
583
552
665
500
534
588
597
705
681
528
568
509
588
602
428
630
643
588
467
557
604
611
693
623
630
655
539
626
590
662
604
564
640
500
467
587
602
556
389
593
526
656
602
472
628
553
664
599
570
556
696
611
608
552
616
611
613
635
626
593
613
583
629
430
546
482
647
582
463
542
576
587
671
601
592
563
632
472
616
438
544
561
512
559
471
626
593
520
571
538
597
609
582
515
521
546
584
580
374
555
537
621
429
591
567
640
588
590
621
443
436
607
513
600
656
673
679
707
523
596
662
578
576
553
528
602
605
499
635
604
579
659
619
341
492
643
629
532
571
597
618
644
573
550
543
554
536
579
596
550
604
452
341
491
455
653
553
637
645
492
663
669
564
575
537
623
370
537
669
585
648
584
494
624
574
574
624
532
640
592
635
638
663
605
458
492
436
686
607
728
437
495
611
645
620
589
490
607
582
629
536
578
632
547
444
480
423
599
622
534
479
576
479
585
591
499
591
627
445
679
613
532
563
578
472
591
586
614
497
572
659
571
553
466
563
578
627
579
545
551
615
620
617
467
583
618
630
532
578
661
401
616
626
576
492
577
548
445
594
548
553
606
583
497
554
627
635
687
675
612
574
707
478
518
465
592
636
454
471
523
559
590
658
578
537
400
569
582
619
559
607
533
587
645
586
479
454
592
684
586
646
474
606
590
589
546
590
646
585
658
604
577
636
626
604
549
589
571
639
453
480
643
607
582
525
572
669
544
577
436
632
496
596
635
627
535
574
622
675
631
537
626
638
553
475
635
505
615
492
441
506
592
603
466
573
425
527
478
630
640
408
545
568
681
653
673
539
596
609
688
635
651
680
511
649
591
563
555
562
417
547
431
559
374
393
597
560
471
483
542
557
482
306
596
601
591
583
613
552
632
614
646
631
637
581
591
608
596
602
492
521
429
569
487
604
520
410
532
707
587
609
554
579
556
641
557
461
541
525
593
551
583
460
591
614
490
653
571
584
670
658
616
578
653
617
612
580
574
629
545
489
487
470
639
600
601
611
619
606
461
590
589
590
634
696
613
571
492
579
612
687
598
538
645
665
533
275
621
607
674
667
601
622
670
681
497
620
667
611
489
465
621
572
544
660
473
570
487
620
672
429
537
675
720
528
652
659
477
579
600
511
564
297
581
656
592
617
616
541
450
718
556
566
659
555
550
544
461
572
485
673
595
595
686
552
665
652
542
567
676
411
663
548
593
644
729
595
555
653
559
564
619
551
630
551
690
550
563
645
664
657
562
581
539
603
440
433
583
495
630
555
465
589
644
611
617
